Date,Open,High,Low,Close,Volume,OpenInterest,rsi,sma,macd,signal,histogram
2019-10-17,1.83,1.8708,1.83,1.84,10444,0.0,0.0,0.0,0.0,0.0,0.0
2019-10-18,1.85,1.85,1.7688,1.7701,25428,0.0,0.0,0.0,0.0,0.0,0.0
2019-10-21,1.76,1.8869,1.76,1.8201,14908,0.0,0.0,0.0,0.0,0.0,0.0
2019-10-22,1.795,1.82,1.78,1.78,24534,0.0,0.0,0.0,0.0,0.0,0.0
2019-10-23,1.76,1.8578,1.76,1.8299,6386,0.0,0.0,1.80802,0.0,0.0,0.0
2019-10-24,1.83,1.8709,1.7973,1.8309,7236,0.0,0.0,1.8062,0.0,0.0,0.0
2019-10-25,1.79,1.87,1.7899,1.87,18011,0.0,0.0,1.82618,0.0,0.0,0.0
2019-10-28,1.9,1.9,1.79,1.79,7046,0.0,0.0,1.8201599999999998,0.0,0.0,0.0
2019-10-29,1.8,1.8,1.6785,1.75,18496,0.0,0.0,1.8141599999999998,0.0,0.0,0.0
2019-10-30,1.71,1.79,1.71,1.7892,17082,0.0,0.0,1.80602,0.0,0.0,0.0
2019-10-31,1.79,1.79,1.75,1.78,3738,0.0,0.0,1.7958399999999997,0.0,0.0,0.0
2019-11-01,1.81,1.89,1.7690000000000001,1.83,3522,0.0,0.0,1.78784,0.0,0.0,0.0
2019-11-04,1.77,1.8155,1.7338,1.81,5905,0.0,0.0,1.79184,0.0,0.0,0.0
2019-11-05,1.74,1.78,1.74,1.74,5778,0.0,0.0,1.78984,0.0,0.0,0.0
2019-11-06,1.75,1.75,1.7,1.7181,3128,0.0,39.4968119937963,1.77562,0.0,0.0,0.0
2019-11-07,1.71,1.7519999999999998,1.71,1.7201,10112,0.0,39.72054570187138,1.76364,0.0,0.0,0.0
2019-11-08,1.7492,1.7492,1.71,1.73,12260,0.0,40.88583722457063,1.7436400000000003,0.0,0.0,0.0
2019-11-11,1.73,1.73,1.72,1.72,652,0.0,40.04376438237676,1.7256400000000005,0.0,0.0,0.0
2019-11-12,1.71,1.72,1.7,1.7,3104,0.0,38.34287481824226,1.71764,0.0,0.0,0.0
2019-11-13,1.7,1.71,1.7,1.71,120,0.0,39.72153766521744,1.7160200000000003,0.0,0.0,0.0
2019-11-14,1.7,1.74,1.7,1.7316,9369,0.0,42.701798173689156,1.7183200000000003,0.0,0.0,0.0
2019-11-15,1.74,1.74,1.7,1.7,9599,0.0,39.615913098778094,1.71232,0.0,0.0,0.0
2019-11-18,1.68,1.7,1.65,1.6732,7946,0.0,37.16302870548049,1.7029599999999998,0.0,0.0,0.0
2019-11-19,1.7,1.74,1.7,1.74,5941,0.0,46.11823464765692,1.7109599999999998,0.0,0.0,0.0
2019-11-20,1.75,1.7715,1.6787,1.7695,12790,0.0,49.538433071760146,1.7228599999999998,0.0,0.0,0.0
2019-11-21,1.81,1.87,1.751,1.851,64931,0.0,57.5545012682735,1.7467399999999995,-0.016221662855981478,0.0,0.0
2019-11-22,1.89,1.89,1.68,1.88,17203,0.0,59.990033764955434,1.7827399999999998,-0.0048704011148246185,0.0,0.0
2019-11-25,1.88,1.88,1.75,1.79,12234,0.0,50.336720499627724,1.8061,-0.0031009464616125193,0.0,0.0
2019-11-26,1.8,1.84,1.8,1.8115,10715,0.0,52.31094546609528,1.8204,3.5816545452371784e-05,0.0,0.0
2019-11-27,1.8,1.845,1.8,1.8001,9072,0.0,51.149879395693205,1.82652,0.0015835845248286518,0.0,0.0
2019-11-29,1.8135,1.8135,1.8047,1.8047,789,0.0,51.616537670829494,1.81726,0.0031451282747692044,0.0,0.0
2019-12-02,1.8,1.8492,1.8,1.8164,5658,0.0,52.8502819300977,1.8045399999999996,0.0052660514033580075,0.0,0.0
2019-12-03,1.84,1.84,1.7437,1.7437,3156,0.0,45.1467797134071,1.7952799999999995,0.0010683011319860825,0.0,0.0
2019-12-04,1.79,1.79,1.7415,1.7601,1641,0.0,47.02274365642218,1.7849999999999997,-0.0009244468143250195,-0.0015576194851499242,0.0006331726708249047
2019-12-05,1.73,1.73,1.6604,1.7027,5164,0.0,41.65335245579739,1.765519999999999,-0.007054098945317389,-0.0026569153771834175,-0.004397183568133971
2019-12-06,1.72,1.72,1.6,1.649,11932,0.0,37.35579100921277,1.7343799999999994,-0.016059905042871803,-0.0053375133103210955,-0.010722391732550707
2019-12-09,1.62,1.6551,1.6164,1.6164,5619,0.0,34.995261802250084,1.6943799999999996,-0.025533286970666813,-0.009376668042390238,-0.016156618928276575
2019-12-10,1.61,1.61,1.5378,1.5535,5741,0.0,30.933634085828572,1.6563399999999997,-0.037682138487079575,-0.015037762131328106,-0.02264437635575147
2019-12-11,1.52,1.52,1.4589,1.4847,9645,0.0,27.213204957667003,1.6012599999999997,-0.05225936245592644,-0.022482082196247775,-0.029777280259678664
2019-12-12,1.47,1.4801,1.35,1.39,17948,0.0,23.095657233063804,1.5387199999999996,-0.0706391320901405,-0.03211349217502632,-0.03852563991511418
2019-12-13,1.38,1.422,1.3696,1.4182,28953,0.0,26.65455810211873,1.4925599999999997,-0.08198465950053468,-0.042087725640128,-0.039896933860406686
2019-12-16,1.45,1.52,1.45,1.5,11800,0.0,35.918327636817715,1.4692799999999997,-0.08341395123801698,-0.050352970759705795,-0.033060980478311186
2019-12-17,1.51,1.51,1.35,1.4309,4545,0.0,32.21660547970039,1.4447599999999994,-0.08909543107521212,-0.058101462822807065,-0.030993968252405052
2019-12-18,1.47,1.81,1.4413,1.59,148782,0.0,46.01269932956765,1.4658199999999997,-0.07983966250235697,-0.062449102758717054,-0.017390559743639913
2019-12-19,1.59,1.68,1.5058,1.5856,25332,0.0,45.7354611308561,1.5049399999999993,-0.07202913541533551,-0.06436510929004075,-0.007664026125294765
2019-12-20,1.5048,1.58,1.5,1.5075,8330,0.0,41.01191222158257,1.5227999999999993,-0.07131913116863386,-0.06575591366575936,-0.005563217502874501
2019-12-23,1.4405,1.52,1.4,1.4948,12092,0.0,40.28333079227762,1.5217599999999991,-0.07096321181673226,-0.06679737329595395,-0.004165838520778314
2019-12-24,1.45,1.45,1.4101,1.43,8673,0.0,36.700727507765535,1.5215799999999993,-0.07504489082231669,-0.06844687680122649,-0.006598014021090198
2019-12-26,1.48,1.4842,1.45,1.4737,5789,0.0,40.54116629898004,1.4983199999999992,-0.07390153516205,-0.0695378084733912,-0.004363726688658809
2019-12-27,1.45,1.45,1.4,1.4,9071,0.0,36.5172333947581,1.4611999999999994,-0.07804276323264392,-0.07123879942524174,-0.006803963807402183
2019-12-30,1.42,1.42,1.37,1.38,44295,0.0,35.4878402935726,1.4356999999999993,-0.08199338051607064,-0.07338971564340752,-0.00860366487266312
2019-12-31,1.37,1.41,1.3609,1.3609,10309,0.0,34.48798027514261,1.4089199999999995,-0.08567784271230439,-0.07584734105718689,-0.009830501655117493
2020-01-02,1.3505,1.38,1.35,1.35,3850,0.0,33.90096486078433,1.3929199999999995,-0.08845765961576646,-0.0783694047689028,-0.010088254846863653
2020-01-03,1.3573,1.4892,1.3573,1.4736,39085,0.0,45.27564193760274,1.3928999999999994,-0.07976768528525047,-0.07864906087217234,-0.0011186244130781259
2020-01-06,1.51,1.51,1.36,1.43,19095,0.0,42.497466315194735,1.3988999999999994,-0.07552833006578363,-0.07802491471089461,0.0024965846451109747
2020-01-07,1.3899,1.44,1.3606,1.4335,13386,0.0,42.800890772261134,1.4095999999999995,-0.07106697392442585,-0.07663332655360086,0.005566352629175014
2020-01-08,1.41,1.58,1.3642,1.5112,88967,0.0,49.208451275788676,1.4396599999999995,-0.060563438783197476,-0.07341934899952018,0.012855910216322708
2020-01-09,1.57,1.6313,1.43,1.4518,27169,0.0,45.053358451856454,1.4600199999999994,-0.05638245325906488,-0.07001196985142913,0.01362951659236425
2020-01-10,1.46,1.5233,1.41,1.4754,35135,0.0,46.96928458347952,1.4603799999999991,-0.0505815961873477,-0.06612589511861285,0.015544298931265146
2020-01-13,1.52,1.7,1.4173,1.52,27452,0.0,50.48324846426414,1.4783799999999996,-0.04190250194383904,-0.061281216483658085,0.019378714539819042
2020-01-14,1.51,1.55,1.5,1.545,4796,0.0,52.38773742842943,1.5006799999999996,-0.032630818397570316,-0.05555113686644054,0.022920318468870222
2020-01-15,1.5445,1.798,1.5445,1.6130000000000002,50330,0.0,57.208716190509215,1.5210399999999993,-0.019570316264196697,-0.04835497274599178,0.028784656481795082
2020-01-16,1.69,1.72,1.63,1.63,18610,0.0,58.3442906719901,1.5566799999999992,-0.007758580219368927,-0.04023569424066721,0.032477114021298284
2020-01-17,1.63,1.6704,1.435,1.44,51124,0.0,44.21995654557227,1.5495999999999988,-0.013572649355536814,-0.03490308526364113,0.021330435908104316
2020-01-21,1.41,1.4735,1.41,1.41,15150,0.0,42.471636446038005,1.5275999999999992,-0.02036632005361061,-0.03199573222163503,0.01162941216802442
2020-01-22,1.5,1.55,1.44,1.53,51418,0.0,50.84360089278777,1.5245999999999988,-0.01588425213838529,-0.028773436204985084,0.012889184066599793
2020-01-23,1.48,1.48,1.41,1.44,6682,0.0,45.49593906967289,1.4899999999999989,-0.019371130528013536,-0.026892975069590777,0.007521844541577241
2020-01-24,1.44,1.4699,1.35,1.36,68232,0.0,41.334248020317155,1.4359999999999986,-0.028264028063727853,-0.027167185668418192,-0.0010968423953096607
2020-01-27,1.39,1.39,1.25,1.31,8651,0.0,38.93694060776532,1.4099999999999988,-0.03889790473058419,-0.029513329480851395,-0.009384575249732793
2020-01-28,1.28,1.34,1.2137,1.26,33030,0.0,36.647929928116326,1.3799999999999986,-0.05077461260654759,-0.03376558610599063,-0.017009026500556954
2020-01-29,1.21,1.26,1.1382,1.16,17570,0.0,32.52910958720011,1.3059999999999987,-0.06747830552809653,-0.04050812999041181,-0.026970175537684715
2020-01-30,1.16,1.24,1.1537,1.1603,6901,0.0,32.5535995494288,1.2500599999999988,-0.07977232926403288,-0.04836096984513603,-0.031411359418896855
2020-01-31,1.15,1.2201,1.15,1.1569,15678,0.0,32.410019758956125,1.2094399999999987,-0.0887665378404614,-0.05644208344420111,-0.03232445439626029
2020-02-03,1.16,1.186,1.15,1.16,12609,0.0,32.70147194966003,1.179439999999999,-0.09455440452751529,-0.06406454766086395,-0.030489856866651344
2020-02-04,1.18,1.18,1.15,1.15,3256,0.0,32.21883800079526,1.157439999999999,-0.09880923564099042,-0.07101348525688925,-0.027795750384101175
2020-02-05,1.16,1.16,1.15,1.155,6867,0.0,32.75325043054046,1.156439999999999,-0.10061790120692105,-0.0769343684468956,-0.02368353276002544
2020-02-06,1.15,1.16,1.13,1.14,12437,0.0,31.93966377070425,1.1523799999999988,-0.10208488532601856,-0.08196447182272021,-0.02012041350329835
2020-02-07,1.13,1.1434,1.035,1.035,11428,0.0,26.90212186217218,1.1279999999999988,-0.11044693971760777,-0.08766096540169772,-0.02278597431591005
2020-02-10,1.04,1.1226,1.04,1.1008,19158,0.0,33.934238350063,1.116159999999999,-0.1104907494008458,-0.09222692220152734,-0.01826382719931846
2020-02-11,1.11,1.11,1.04,1.08,10384,0.0,32.85815338621049,1.102159999999999,-0.11092517864667806,-0.09596657349055748,-0.014958605156120575
2020-02-12,1.03,1.0502,1.03,1.0502,9131,0.0,31.3254995552404,1.0811999999999988,-0.1123786468176673,-0.09924898815597946,-0.013129658661687832
2020-02-13,1.08,1.11,1.0437,1.1,7254,0.0,36.64396875873019,1.073199999999999,-0.10826408601923809,-0.1010520077286312,-0.007212078290606896
2020-02-14,1.1,1.235,1.0566,1.15,77541,0.0,41.53928348846155,1.096199999999999,-0.09981804452737197,-0.10080521508837936,0.0009871705610073889
2020-02-18,1.17,1.6199,1.17,1.29,71425,0.0,52.586180624158935,1.1340399999999988,-0.0808951568112104,-0.09682320343294558,0.01592804662173518
2020-02-19,1.3,1.32,1.1,1.17,28363,0.0,44.77602624616753,1.1520399999999988,-0.07472029997591334,-0.09240262274153914,0.0176823227656258
2020-02-20,1.22,1.3,1.17,1.2376,28503,0.0,49.340580098468635,1.1895199999999988,-0.06363834319639672,-0.08664976683251066,0.023011423636113942
2020-02-21,1.22,1.22,1.11,1.11,17454,0.0,42.24294691608857,1.1915199999999988,-0.06440959252074818,-0.08220173197015818,0.017792139449409994
2020-02-24,1.06,1.165,1.0201,1.0501,35988,0.0,39.37918533777923,1.171539999999999,-0.0690581828173682,-0.07957302213960019,0.01051483932223199
2020-02-25,1.05,1.24,1.05,1.14,86838,0.0,45.3655948493265,1.1415399999999989,-0.06474174293218615,-0.07660676629811738,0.011865023365931232
2020-02-26,1.18,1.18,1.05,1.1257,23998,0.0,44.610942238095866,1.1326799999999988,-0.06176285991180497,-0.0736379850208549,0.011875125109049936
2020-02-27,1.13,1.1306,1.05,1.058,31631,0.0,41.12319774301734,1.0967599999999986,-0.0641256967486934,-0.07173552736642261,0.007609830617729213
2020-02-28,1.02,1.07,0.95,1.0299,45556,0.0,39.73460620745214,1.0807399999999985,-0.0674877404613703,-0.07088596998541215,0.003398229524041854
2020-03-02,1.0,1.0,0.9808,0.9840000000000001,13842,0.0,37.506745344220036,1.0675199999999987,-0.07301426769538932,-0.07131162952740758,-0.001702638167981746
2020-03-03,0.99,1.0078,0.97,0.98075,40264,0.0,37.34707249515268,1.0356699999999988,-0.07677135578249406,-0.07240357477842488,-0.004367781004069177
2020-03-04,0.97,1.0756,0.96,1.0,23704,0.0,39.003448882367074,1.0105299999999988,-0.07730444353412835,-0.07338374852956557,-0.0039206950045627825
2020-03-05,1.0,1.0,0.96,0.963,2268,0.0,36.979787929105456,0.9915299999999988,-0.07979270951009121,-0.0746655407256707,-0.005127168784420502
2020-03-06,0.96,1.01,0.96,1.0,8574,0.0,40.31471758206215,0.9855499999999988,-0.07788132006664261,-0.07530869659386509,-0.0025726234727775216
2020-03-09,1.05,1.05,0.97,0.97,42014,0.0,38.53415645606749,0.9827499999999988,-0.07788941870705579,-0.07582484101650323,-0.0020645776905525576
2020-03-10,0.97,1.0151,0.96,0.98,8847,0.0,39.49346644588467,0.9825999999999986,-0.0762104142947635,-0.0759019556721553,-0.0003084586226081987
2020-03-11,0.96,0.973,0.96,0.96,35164,0.0,38.20904947905656,0.9745999999999986,-0.07562190184302708,-0.07584594490632965,0.00022404306330256474
2020-03-12,0.96,1.0,0.8977,0.8977,36935,0.0,34.45050958803439,0.9615399999999988,-0.07926882910342714,-0.07653052174574915,-0.0027383073576779937
2020-03-13,0.9,0.9704,0.855,0.855,15628,0.0,32.11848816185707,0.9325399999999988,-0.0846290276225048,-0.07815022292110027,-0.0064788047014045225
2020-03-16,0.85,0.91,0.85,0.85,16333,0.0,31.846639431198312,0.9085399999999988,-0.0882630403924658,-0.08017278641537337,-0.008090253977092426
2020-03-17,0.89,0.9347,0.85,0.91,39990,0.0,38.56626486625479,0.8945399999999989,-0.08531802999408811,-0.08120183513111633,-0.004116194862971781
2020-03-18,0.85,0.93,0.7,0.7281,22887,0.0,29.174825004691016,0.8481599999999988,-0.0965489417333184,-0.08427125645155674,-0.012277685281761666
2020-03-19,0.72,0.7577,0.7,0.735,7344,0.0,29.87243777091082,0.8156199999999988,-0.10369738891666602,-0.0881564829445786,-0.015540905972087418
2020-03-20,0.75,1.1,0.75,0.9,8627,0.0,44.061589213301325,0.8246199999999988,-0.09495389438605051,-0.089515965232873,-0.0054379291531775065
2020-03-23,0.9,0.9045,0.8,0.84,10464,0.0,40.826668686059065,0.8226199999999988,-0.09180780728216587,-0.08997433364273158,-0.0018334736394342854
2020-03-24,0.882,1.06,0.75,0.8631,6423,0.0,42.57471146780223,0.8132399999999989,-0.08645394636280135,-0.08927025618674553,0.0028163098239441797
2020-03-25,0.9062,0.96,0.8,0.91,8354,0.0,46.05882264888611,0.8496199999999987,-0.07753278528509067,-0.08692276200641455,0.009389976721323884
2020-03-26,0.95,1.0,0.9,1.0,9946,0.0,52.06866026398304,0.9026199999999986,-0.062480219936057124,-0.08203425359234306,0.01955403365628594
2020-03-27,1.02,1.02,0.9501,0.9640000000000001,3423,0.0,49.684120351685934,0.9154199999999986,-0.05284666907928082,-0.07619673668973062,0.023350067610449804
2020-03-30,0.88,0.9988,0.88,0.9525,6477,0.0,48.91350614705185,0.9379199999999984,-0.045614152948424525,-0.0700802199414694,0.024466066993044877
2020-03-31,0.9,0.95,0.9,0.948,2815,0.0,48.595878571298115,0.9548999999999984,-0.03978680665845524,-0.06402153728486658,0.024234730626411335
2020-04-01,0.9385,1.01,0.9385,0.9485,1788,0.0,48.635789533325216,0.9625999999999983,-0.03472792501636024,-0.05816281483116531,0.02343488981480507
2020-04-02,0.9485,0.9485,0.905,0.9245,17184,0.0,46.759125392925924,0.9474999999999985,-0.03228318384359219,-0.05298688863365069,0.0207037047900585
2020-04-03,0.9226,0.9485,0.9226,0.9485,374,0.0,48.88324301250309,0.9443999999999984,-0.02808535889235131,-0.04800658268539082,0.01992122379303951
2020-04-06,0.95,0.95,0.93555,0.9451,4960,0.0,48.58750284262392,0.9429199999999984,-0.024747628701010327,-0.043354791888514724,0.018607163187504397
2020-04-07,0.9451,0.95,0.8,0.9,19032,0.0,44.72242733096832,0.9333199999999988,-0.025448294463338406,-0.03977349240347946,0.014325197940141053
2020-04-08,0.9001,0.9001,0.82,0.8753,13699,0.0,42.71818032500107,0.9186799999999988,-0.02767761043709016,-0.0373543160102016,0.009676705573111441
2020-04-09,0.8759999999999999,0.9085,0.8,0.8294,21594,0.0,39.20227209560155,0.8996599999999987,-0.032770349613823524,-0.036437522730925986,0.0036671731171024624
2020-04-13,0.8201,0.8552,0.82,0.820001,4677,0.0,38.503431903390606,0.8739601999999985,-0.037136713930480014,-0.036577360970836796,-0.0005593529596432181
2020-04-14,0.8145,0.89,0.8145,0.8220000000000001,17522,0.0,38.75350312577904,0.8493401999999985,-0.03997497983178655,-0.03725688474302675,-0.002718095088759802
2020-04-15,0.82,0.861,0.82,0.861,2904,0.0,43.5743762502464,0.8415401999999984,-0.03863202599569582,-0.03753191299356056,-0.001100113002135257
2020-04-16,0.865,0.865,0.82,0.8498,23382,0.0,42.53883328695455,0.8364401999999984,-0.0380330504717421,-0.03763214048919687,-0.0004009099825452306
2020-04-17,0.83,0.86,0.82,0.839169,29120,0.0,41.529954077082856,0.8383939999999985,-0.03797839955728566,-0.03770139230281463,-0.0002770072544710303
2020-04-20,0.83,0.85,0.83,0.83,5739,0.0,40.634827288788095,0.8403937999999986,-0.03823420981453729,-0.03780795580515916,-0.0004262540093781311
2020-04-21,0.78,0.7801,0.7020000000000001,0.7702,29973,0.0,35.29208405437033,0.8300337999999986,-0.04276928383586498,-0.03880022141130032,-0.003969062424564657
2020-04-22,0.77,0.7799,0.75,0.764001,64248,0.0,34.781555519055594,0.8106339999999987,-0.04632951238435967,-0.0403060796059122,-0.006023432778447475
2020-04-23,0.7768,0.778,0.735,0.74,6654,0.0,32.80299818179316,0.7886739999999988,-0.05050550327125036,-0.04234596433897983,-0.008159538932270533
2020-04-24,0.8102,0.8102,0.75,0.75,19113,0.0,34.475470345267375,0.7708401999999988,-0.05240400891458341,-0.044357573254100544,-0.008046435660482867
2020-04-27,0.75,0.7877,0.612,0.6729999999999999,123144,0.0,28.57743178905855,0.7394401999999987,-0.05943669557058995,-0.04737339771739842,-0.012063297853191525
2020-04-28,0.6943,0.748,0.6941,0.7479,19313,0.0,39.43208190431304,0.7349801999999988,-0.05829436522335185,-0.04955759121858911,-0.008736774004762742
2020-04-29,0.74,0.742,0.71,0.72,30628,0.0,37.16620824132988,0.7261799999999987,-0.058960694834793825,-0.051438211941830056,-0.007522482892963769
2020-04-30,0.757,0.757,0.72,0.7236,9934,0.0,37.663954737274665,0.7228999999999987,-0.05852365171173779,-0.05285529989581161,-0.005668351815926183
2020-05-01,0.8,0.8,0.65,0.74,63098,0.0,39.995918336726454,0.7208999999999988,-0.05620604069838353,-0.05352544805632599,-0.0026805926420575416
2020-05-04,0.74,0.74,0.7,0.71,10643,0.0,37.25068729507442,0.7282999999999987,-0.05614288630674269,-0.05404893570640933,-0.0020939506003333566
2020-05-05,0.7,0.74,0.65,0.716,17484,0.0,38.16482889725252,0.7219199999999988,-0.054974968919482725,-0.05423414234902402,-0.000740826570458708
2020-05-06,0.7,0.792,0.7,0.75,24584,0.0,43.21333851210946,0.7279199999999987,-0.05072118784491175,-0.05353155144820157,0.002810363603289817
2020-05-07,0.8,0.8,0.75,0.8,23208,0.0,49.71523188785788,0.7431999999999986,-0.042821830161474006,-0.051389607190856064,0.008567777029382058
2020-05-08,0.8,0.8,0.74,0.7499,11993,0.0,44.24831301945604,0.7451799999999986,-0.040141457843550166,-0.049139977321394884,0.008998519477844719
2020-05-11,0.793288,0.8,0.7070000000000001,0.7559999999999999,15873,0.0,45.040760819156176,0.7543799999999987,-0.037097388844110624,-0.046731459625938034,0.00963407078182741
2020-05-12,0.7206,0.79,0.7,0.71,14504,0.0,40.37966488968257,0.7531799999999986,-0.037959187903306435,-0.044977005281411714,0.007017817378105279
2020-05-13,0.7,0.761495,0.7,0.7599,24998,0.0,46.81008063861447,0.7551599999999986,-0.03422117647785239,-0.04282583952069985,0.00860466304284746
2020-05-14,0.76,0.76,0.71,0.7204,9269,0.0,42.86855199190472,0.7392399999999986,-0.034053547281523766,-0.041071381072864635,0.007017833791340869
2020-05-15,0.82,0.85,0.7,0.7136,32124,0.0,42.2096309842933,0.7319799999999986,-0.034076589395152235,-0.039672422737322154,0.005595833342169919
2020-05-18,0.71,0.761228,0.69,0.715,45148,0.0,42.40591107887218,0.7237799999999986,-0.03359462422041504,-0.03845686303394073,0.004862238813525696
2020-05-19,0.8,0.8,0.7085100000000001,0.7637,18358,0.0,48.906756950111074,0.7345199999999986,-0.028949271172168833,-0.03655534466158635,0.007606073489417518
2020-05-20,0.72101,0.8439,0.72101,0.7859999999999999,50760,0.0,51.60071887423258,0.7397399999999985,-0.02320092595007084,-0.03388446091928325,0.010683534969212413
2020-05-21,0.96,0.96,0.88,0.9,73182,0.0,62.489232627902076,0.7756599999999986,-0.009338821562956068,-0.028975333048017818,0.01963651148506175
2020-05-22,0.9,0.9,0.8318,0.8339,16092,0.0,54.79210061562581,0.7997199999999987,-0.003644707623616128,-0.02390920796313748,0.020264500339521353
2020-05-26,0.88,0.9,0.8798,0.8999,7385,0.0,60.079551163559294,0.8366999999999987,0.006122985150779914,-0.017902769340354004,0.024025754491133918
2020-05-27,0.89,0.93,0.885,0.89691,9265,0.0,59.738672752811915,0.8633419999999987,0.013467439772876122,-0.01162872751770798,0.0250961672905841
2020-05-28,0.92,0.95,0.9199,0.9354,9276,0.0,62.67455866221158,0.8932219999999986,0.022138594365425757,-0.004875263141081233,0.02701385750650699
2020-05-29,0.9499,0.95,0.8969,0.9,10384,0.0,58.452772460440904,0.8932219999999986,0.02585601070585164,0.0012709916283053422,0.0245850190775463
2020-06-01,0.8969,0.95,0.872,0.91,12054,0.0,59.28706579973958,0.9084419999999988,0.02927158179073397,0.006871109660791068,0.0224004721299429
2020-06-02,0.8740000000000001,0.9159999999999999,0.8740000000000001,0.8845,7994,0.0,56.18857906504099,0.9053619999999988,0.029579831708624882,0.01141285407035783,0.01816697763826705
2020-06-03,0.84,0.9555,0.84,0.9135,11222,0.0,58.82415027733066,0.9086799999999988,0.03179763626869747,0.01548981051002576,0.016307825758671714
2020-06-04,0.877,0.91,0.8401,0.86,14952,0.0,52.5442456869711,0.893599999999999,0.028905059940905975,0.018172860396201803,0.010732199544704172
2020-06-05,0.8735,0.91,0.8,0.8599,28991,0.0,52.53295656596496,0.8855799999999988,0.026301416835759928,0.01979857168411343,0.006502845151646498
2020-06-08,0.9,0.9255,0.82,0.8947,31546,0.0,56.07014852183546,0.8825199999999989,0.02673786264414102,0.02118642987611895,0.005551432768022068
2020-06-09,0.9299,0.93,0.83,0.92001,31388,0.0,58.492781699944324,0.8896219999999987,0.028794133717440773,0.022707970644383315,0.006086163073057458
2020-06-10,0.93,1.0,0.93,0.9999,57884,0.0,65.04542987609315,0.9069019999999988,0.03645002548464216,0.025456381612435085,0.010993643872207071
2020-06-11,1.31,1.5,1.0202,1.12,373050,0.0,72.16064010427567,0.9589019999999988,0.05161347315997511,0.030687799921943093,0.020925673238032017
2020-06-12,1.2,1.23,1.15,1.18,65518,0.0,74.90854982055208,1.0229219999999988,0.0676918042656065,0.038088600790675775,0.029603203474930728
2020-06-15,1.14,1.36,1.14,1.265,313588,0.0,78.19253216495356,1.0969819999999986,0.08629799753337342,0.04773048013921531,0.038567517394158105
2020-06-16,1.33,1.8,1.12,1.12,1607883,0.0,63.03606717400602,1.1369799999999988,0.08832509485104412,0.05584940308158108,0.032475691769463036
2020-06-17,1.26,1.3,1.11,1.1156,255414,0.0,62.639288050398406,1.1601199999999987,0.08855572557171443,0.062390667579607755,0.026165057992106673
2020-06-18,1.08,1.1299,0.93,0.9979,111081,0.0,53.02440553063377,1.1356999999999986,0.07833806330931414,0.06558014672554903,0.012757916583765114
2020-06-19,0.9619,1.03,0.95,0.95,99346,0.0,49.68213821591425,1.0896999999999988,0.06561894827969206,0.06558790703637764,3.104124331441971e-05
2020-06-22,1.0,1.1699,0.9666,1.14,109224,0.0,60.356465460278365,1.0646999999999989,0.07006273054104584,0.06648287173731128,0.0035798588037345563
2020-06-23,1.19,1.22,1.14,1.171,56336,0.0,61.78105517309464,1.0748999999999989,0.07521882512710876,0.06823006241527078,0.006988762711837973
2020-06-24,1.14,1.2999,1.14,1.25,80088,0.0,65.21187950876555,1.1017799999999989,0.08470330008625093,0.07152470994946682,0.013178590136784116
2020-06-25,1.22,1.2462,1.11,1.23,72972,0.0,63.65400275930333,1.1481999999999988,0.08957343516721705,0.07513445499301687,0.014438980174200186
2020-06-26,1.12,1.1848,1.12,1.1587,42420,0.0,58.306313323072594,1.1899399999999989,0.08668053888971494,0.07744367177235649,0.009236867117358452
2020-06-29,1.15,1.25,1.1473,1.1658,46330,0.0,58.67859277410118,1.1950999999999987,0.08399259406956694,0.07875345623179858,0.0052391378377683595
2020-06-30,1.16,1.27,1.16,1.26,39566,0.0,63.353839008018475,1.2128999999999988,0.08844400375099437,0.08069156573563775,0.007752438015356619
2020-07-01,1.25,1.4,1.18,1.2901,94132,0.0,64.72715400943639,1.220919999999999,0.093324806165207,0.0832182138215516,0.010106592343655393
2020-07-02,1.3,1.385,1.3,1.31,45818,0.0,65.6438337614513,1.2369199999999985,0.09767273049354763,0.0861091171559508,0.011563613337596826
2020-07-06,1.3,1.4,1.3,1.39,48482,0.0,69.11838510219053,1.2831799999999984,0.10634791074517014,0.09015687587379467,0.016191034871375465
2020-07-07,1.36,1.419,1.35,1.37,48143,0.0,67.28630109149464,1.3240199999999984,0.11033732079136827,0.0941929648573094,0.01614435593405887
2020-07-08,1.37,1.49,1.3501,1.48,56791,0.0,71.7254072676878,1.3680199999999985,0.12098045036270433,0.09955046195838839,0.02142998840431594
2020-07-09,1.5,1.5,1.45,1.46,51071,0.0,69.86900357288822,1.4019999999999988,0.1263449484557717,0.10490935925786507,0.02143558919790664
2020-07-10,1.49,1.6,1.43,1.44,177640,0.0,67.97435282342124,1.4279999999999986,0.12751263273431968,0.109430013953156,0.01808261878116367
2020-07-13,1.48,1.54,1.39,1.46,81796,0.0,68.88306452184135,1.4419999999999988,0.1285697912689736,0.11325796941631952,0.01531182185265409
2020-07-14,1.54,1.5899,1.48,1.58,84596,0.0,73.70421116596142,1.483999999999999,0.13750551614633522,0.11810747876232267,0.01939803738401255
2020-07-15,1.59,1.59,1.5201,1.5201,25042,0.0,68.03748732671154,1.492019999999999,0.13816107818818457,0.12211819864749505,0.016042879540689517
2020-07-16,1.52,1.87,1.52,1.6699,847405,0.0,73.52049948576422,1.5339999999999991,0.14905006750087924,0.1275045724181719,0.02154549508270734
2020-07-17,1.76,1.76,1.5902,1.71,66579,0.0,74.76829148672678,1.5879999999999992,0.15908161106494623,0.13381998014752677,0.025261630917419453
2020-07-20,1.7,1.7,1.3102,1.42,100431,0.0,54.6950083593506,1.5799999999999992,0.14199428353177979,0.13545484082437736,0.006539442707402421
2020-07-21,1.34,1.36,1.32,1.33,32409,0.0,50.19141102440009,1.5299999999999994,0.11980912055244142,0.13232569676999018,-0.012516576217548758
2020-07-22,1.29,1.35,1.17,1.29,36893,0.0,48.288334499170645,1.4839799999999994,0.09787135331162111,0.12543482807831638,-0.027563474766695267
2020-07-23,1.2,1.39,1.2,1.284,15716,0.0,47.99437121158717,1.4067999999999994,0.07908966839859555,0.11616579614237221,-0.037076127743776666
2020-07-24,1.238,1.238,1.08,1.1639,27394,0.0,42.4267795352374,1.2975799999999995,0.05389273955336349,0.10371118482457048,-0.04981844527120699
2020-07-27,1.17,1.2559,1.13,1.14,12640,0.0,41.397598451694606,1.2415799999999997,0.031630841004496535,0.0892951160605557,-0.05766427505605916
2020-07-28,1.11,1.1799,1.1004,1.12,7993,0.0,40.51196938495292,1.1995799999999994,0.012233275577270275,0.07388274796389861,-0.06164947238662834
2020-07-29,1.14,1.14,1.04,1.065,68472,0.0,38.098185500326,1.1545799999999995,-0.007491122128701955,0.0576079739453785,-0.06509909607408046
2020-07-30,1.02,1.11,1.01,1.1094,45050,0.0,41.14671699206243,1.1196599999999994,-0.01931746081994845,0.04222288699231311,-0.06154034781226156
2020-07-31,1.06,1.0899,1.01,1.06,26136,0.0,38.853993746015576,1.0988799999999994,-0.032303709528817226,0.027317567688087043,-0.05962127721690427
2020-08-03,1.12,1.4,1.02,1.365,365875,0.0,55.383767608843534,1.1438799999999996,-0.017779503138001695,0.018298153522869294,-0.03607765666087099
2020-08-04,1.39,1.39,1.2054,1.275,79630,0.0,51.00233413942225,1.1748799999999997,-0.013377010915704535,0.011963120635154529,-0.02534013155085906
2020-08-05,1.24,1.33,1.2301,1.28,33367,0.0,51.23315262335598,1.2178799999999996,-0.009376459904893997,0.007695204527144825,-0.01707166443203882
2020-08-06,1.26,1.31,1.24,1.2652,31503,0.0,50.47518697538495,1.2490399999999997,-0.007315897604060817,0.004692984100903697,-0.012008881704964513
2020-08-07,1.27,1.28,1.2,1.2612,12314,0.0,50.25876904024285,1.289279999999999,-0.0059372132076351836,0.002566944639195921,-0.008504157846831104
2020-08-10,1.245,1.27,1.21,1.21,11306,0.0,47.454087278278074,1.2582799999999994,-0.00887371730493558,0.0002788122503696207,-0.0091525295553052
2020-08-11,1.16,1.2799,1.15,1.15,32104,0.0,44.33193283586573,1.2332799999999993,-0.015859596956040445,-0.0029488695909123926,-0.012910727365128053
2020-08-12,1.24,1.24,1.05,1.13,46611,0.0,43.309057011867054,1.203279999999999,-0.022747569936751866,-0.006908609660080287,-0.01583896027667158
2020-08-13,1.07,1.22,1.07,1.1,30857,0.0,41.75284672741847,1.170239999999999,-0.03027806079130646,-0.011582499886325523,-0.018695560904980937
2020-08-14,1.19,1.19,1.05,1.0999,51590,0.0,41.74746176027747,1.1379799999999989,-0.03584094609568611,-0.016434189128197642,-0.01940675696748847
2020-08-17,1.09,1.16,1.0851,1.125,17554,0.0,43.70986242064421,1.120979999999999,-0.0377886089854913,-0.020705073099656374,-0.017083535885834927
2020-08-18,1.16,1.27,1.1193,1.1899,177427,0.0,48.53734458547037,1.1289599999999989,-0.03370670829818212,-0.023305400139361523,-0.010401308158820597
2020-08-19,1.2,1.21,1.1,1.1,50414,0.0,43.03205540332574,1.1229599999999988,-0.037296025898744034,-0.026103525291238026,-0.011192500607506008
2020-08-20,1.06,1.1355,1.06,1.1355,12589,0.0,45.65343300179257,1.130059999999999,-0.036851234549911016,-0.028253067142972627,-0.00859816740693839
2020-08-21,1.2,1.2,1.0901,1.125,22193,0.0,44.99395721639527,1.135079999999999,-0.036920401048119444,-0.029986533924001992,-0.006933867124117452
2020-08-24,1.1,1.17,1.08,1.14,26426,0.0,46.189806937583725,1.1380799999999989,-0.035357264816823,-0.031060680102566195,-0.004296584714256802
2020-08-25,1.0901,1.13,1.09,1.09,3153,0.0,42.846009127916865,1.1180999999999988,-0.037718257629148155,-0.03239219560788259,-0.005326062021265565
2020-08-26,1.08,1.1099,1.075,1.1099,19421,0.0,44.56604491527719,1.1200799999999989,-0.037550736241321436,-0.03342390373457036,-0.0041268325067510755
2020-08-27,1.075,1.0947,1.06,1.06,13340,0.0,41.21644023603688,1.104979999999999,-0.040972185453237,-0.03493356007830369,-0.0060386253749333055
2020-08-28,1.11,1.2738,1.11,1.2,249612,0.0,52.09522611684046,1.1199799999999989,-0.03201779739472932,-0.03435040754158882,0.0023326101468595026
2020-08-31,1.2,1.2,1.11,1.12,21107,0.0,46.76889357755182,1.1159799999999989,-0.031019142392824772,-0.03368415451183601,0.0026650121190112397
2020-09-01,1.16,1.18,1.1,1.17,43386,0.0,50.19623393678093,1.1319799999999989,-0.02589462189397862,-0.032126247988264536,0.006231626094285916
2020-09-02,1.1204,1.18,1.12,1.13,18730,0.0,47.55813414400821,1.1359999999999992,-0.02477547196589125,-0.03065609278378988,0.00588062081789863
2020-09-03,1.1320000000000001,1.15,1.06,1.11,31656,0.0,46.24931371376696,1.1459999999999997,-0.02521174513373281,-0.029567223253778467,0.004355478120045657
2020-09-04,1.09,1.11,1.068,1.1,26657,0.0,45.573967017873876,1.1259999999999992,-0.026063962058580525,-0.02886657101473888,0.0028026089561583555
2020-09-08,1.09,1.14,1.07,1.14,16837,0.0,48.79488389235927,1.1299999999999992,-0.02324374498193893,-0.027742005808178892,0.004498260826239962
2020-09-09,1.11,1.14,1.07,1.09,9332,0.0,45.19446691692556,1.1139999999999992,-0.024757891204149285,-0.027145182887372974,0.002387291683223689
2020-09-10,1.08,1.09,1.07,1.07,26126,0.0,43.802210543061435,1.1019999999999992,-0.027257488487030246,-0.02716764400730443,-8.984447972581674e-05
2020-09-11,1.08,1.09,1.06,1.06,22362,0.0,43.08748422893372,1.0919999999999992,-0.029702956574905404,-0.027674706520824627,-0.002028250054080777
2020-09-14,1.084,1.09,1.06,1.09,10702,0.0,45.937490918128994,1.0899999999999992,-0.02888726397623298,-0.0279172180119063,-0.0009700459643266802
2020-09-15,1.11,1.1104,1.07,1.1,10276,0.0,46.89217577416278,1.0819999999999992,-0.027121268191219183,-0.027758028047768876,0.0006367598565496929
2020-09-16,1.1,1.1204,1.08,1.12,6533,0.0,48.8380967816739,1.0879999999999992,-0.023833137383117542,-0.026973049914838614,0.0031399125317210716
2020-09-17,1.09,1.0999,1.07,1.09,6103,0.0,46.10894419521058,1.0919999999999992,-0.02337852621001102,-0.026254145173873096,0.002875618963862077
2020-09-18,1.075,1.08,1.06,1.06,11717,0.0,43.49160957015589,1.0919999999999992,-0.025149089807035452,-0.02603313410050557,0.0008840442934701168
2020-09-21,1.08,1.08,1.06,1.06,3300,0.0,43.49160957015589,1.0859999999999992,-0.026249684194367573,-0.026076444119277974,-0.00017324007508959932
2020-09-22,1.07,1.1196,1.061,1.07,7886,0.0,44.70502045507324,1.0799999999999994,-0.02601511074633045,-0.02606417744468847,4.9066698358021105e-05
2020-09-23,1.085,1.085,1.07,1.0752,3212,0.0,45.36203874896087,1.071039999999999,-0.025120044816998366,-0.025875350919150452,0.0007553061021520861
2020-09-24,1.07,1.09,1.06,1.09,21813,0.0,47.28200544921257,1.071039999999999,-0.02295188723912278,-0.025290658183144916,0.002338770944022135
2020-09-25,1.06,1.11,1.06,1.1,31602,0.0,48.59637038385207,1.0790399999999989,-0.020193907515839937,-0.024271308049683922,0.004077400533843985
2020-09-28,1.2,1.21,1.075,1.1501,222792,0.0,54.691205980343895,1.097059999999999,-0.013806385994568737,-0.022178323638660888,0.00837193764409215
2020-09-29,1.13,1.17,1.09,1.1283,76179,0.0,51.81244411962275,1.108719999999999,-0.01038361117312192,-0.019819381145553098,0.009435769972431177
2020-09-30,1.1182,1.1345,1.09,1.105,17856,0.0,48.85265658656064,1.114679999999999,-0.00944230769565646,-0.017743966455573773,0.008301658759917313
2020-10-01,1.11,1.13,1.11,1.13,4012,0.0,52.019728529838225,1.122679999999999,-0.006602912575754516,-0.015515755679609923,0.008912843103855407
2020-10-02,1.1,1.14,1.09,1.11,14234,0.0,49.38518025361408,1.124679999999999,-0.005898509988073286,-0.013592306541302597,0.007693796553229311
2020-10-05,1.1,1.13,1.09,1.11,10746,0.0,49.38518025361408,1.1166599999999989,-0.005279408131763974,-0.011929726859394873,0.006650318727630899
2020-10-06,1.13,1.13,1.11,1.11,1141,0.0,49.38518025361408,1.1129999999999989,-0.004734192624606948,-0.010490620012437288,0.0057564273878303405
2020-10-07,1.115,1.115,1.095,1.1,5924,0.0,47.871145129398755,1.111999999999999,-0.005050799362593672,-0.009402655882468565,0.004351856519874893
2020-10-08,1.09,1.09,1.07,1.09,4856,0.0,46.341147444422504,1.103999999999999,-0.00603901490531733,-0.008729927687038319,0.0026909127817209885
2020-10-09,1.0899,1.09,1.07,1.08,26187,0.0,44.79919201015293,1.097999999999999,-0.007542157966935026,-0.00849237374301766,0.0009502157760826347
2020-10-12,1.07,1.43,1.06,1.21,871264,0.0,62.34175793328455,1.117999999999999,0.0017364867336999712,-0.0064466016476741345,0.008183088381374106
2020-10-13,1.24,1.29,1.06,1.09,166062,0.0,47.37521610638096,1.1139999999999988,-0.0005863584351324391,-0.005274553005165796,0.004688194570033357
2020-10-14,1.09,1.17,1.0811,1.15,86893,0.0,53.39928201692639,1.1239999999999988,0.0023867555600574075,-0.0037422912921211554,0.006129046852178563
2020-10-15,1.1,1.18,1.1,1.166,53967,0.0,54.88247635780645,1.1391999999999989,0.00596527215959286,-0.0018007786017783525,0.007766050761371213
2020-10-16,1.16,1.2590000000000001,1.14,1.1852,169599,0.0,56.664900986445524,1.1602399999999988,0.010232596878207989,0.0006058964942189157,0.009626700383989073
2020-10-19,1.22,1.4,1.14,1.22,639231,0.0,59.76736727467346,1.1622399999999988,0.016235400040903958,0.0037317972035559245,0.012503602837348034
2020-10-20,1.24,1.29,1.24,1.245,94732,0.0,61.878809400706956,1.193239999999999,0.022747734142265275,0.007534984591297795,0.01521274955096748
2020-10-21,1.28,1.28,1.18,1.18,44810,0.0,53.950919477992045,1.199239999999999,0.02240557158188161,0.010509101989414559,0.011896469592467053
2020-10-22,1.19,1.28,1.17,1.26,294369,0.0,60.63559942624358,1.218039999999999,0.028263927734494043,0.014060067138430457,0.014203860596063586
2020-10-23,1.25,1.25,1.2,1.245,22027,0.0,58.9088622233442,1.2299999999999989,0.03133513067190252,0.017515079845124872,0.01382005082677765
2020-10-26,1.23,1.23,1.09,1.1,93755,0.0,45.43838733287343,1.2059999999999989,0.021817296726317936,0.018375523221363488,0.0034417735049544484
2020-10-27,1.1147,1.13,1.11,1.12,13190,0.0,47.23076588983345,1.180999999999999,0.015707115752126688,0.017841841727516128,-0.00213472597538944
2020-10-28,1.12,1.12,1.09,1.09,35291,0.0,44.85070661338219,1.162999999999999,0.008347776062921364,0.015943028594597175,-0.007595252531675811
2020-10-29,1.11,1.11,1.09,1.1,12608,0.0,45.83060313071992,1.1309999999999991,0.003284501080633051,0.01341132309180435,-0.010126822011171299
2020-10-30,1.09,1.1,1.08,1.09,28248,0.0,44.97010710833245,1.0999999999999992,-0.0015176032625343616,0.010425537820936607,-0.011943141083470969
2020-11-02,1.09,1.14,1.09,1.1,34658,0.0,46.06075075879282,1.0999999999999992,-0.004464920303334674,0.007447446196082352,-0.011912366499417026
2020-11-03,1.115,1.17,1.115,1.1319,55996,0.0,49.49916452774771,1.1023799999999992,-0.0041784602036387675,0.0051222649161381285,-0.009300725119776896
2020-11-04,1.17,1.18,1.12,1.13,26481,0.0,49.29759421630732,1.1103799999999993,-0.004057974824063448,0.0032862169680978135,-0.007344191792161262
2020-11-05,1.14,1.15,1.11,1.13,48635,0.0,49.29759421630732,1.116379999999999,-0.0039173327195634045,0.0018455070305655702,-0.005762839750128975
2020-11-06,1.14,1.19,1.125,1.155,56136,0.0,52.26399960225884,1.1293799999999992,-0.001768199073934662,0.0011227658096655238,-0.002890964883600186
2020-11-09,1.13,1.19,1.13,1.15,23415,0.0,51.61359926336031,1.1393799999999992,-0.0004631148891949266,0.0008055896698934338,-0.0012687045590883605
2020-11-10,1.15,1.1622,1.13,1.15,24991,0.0,51.61359926336031,1.1429999999999991,0.0005646646275005995,0.000757404661414867,-0.0001927400339142675
2020-11-11,1.1599,1.16,1.14,1.14,18300,0.0,50.16555090589262,1.1449999999999991,0.0005657492673334374,0.0007190735825985812,-0.00015332431526514378
2020-11-12,1.15,1.25,1.15,1.2252,281304,0.0,60.367715106022565,1.1640399999999993,0.007356732967859658,0.0020466054596507965,0.005310127508208862
2020-11-13,1.15,1.17,1.1001,1.13,60133,0.0,48.43577780343582,1.1590399999999992,0.004999164836159586,0.002637117334952555,0.0023620475012070315
2020-11-16,1.15,1.15,1.11,1.12,16107,0.0,47.376483154487616,1.1530399999999994,0.002297375959914305,0.002569169059944905,-0.0002717931000305999
2020-11-17,1.15,1.15,1.11,1.13,28667,0.0,48.58737393072962,1.1490399999999994,0.0009521296784125166,0.0022457611836384276,-0.001293631505225911
2020-11-18,1.15,1.2,1.12,1.1865,125754,0.0,54.90159031750065,1.1583399999999997,0.004394433820501975,0.002675495711011137,0.001718938109490838
2020-11-19,1.17,1.22,1.16,1.165,61836,0.0,52.270815680248745,1.1462999999999997,0.005326217022190161,0.003205639973246942,0.0021205770489432186
2020-11-20,1.18,1.18,1.14,1.15,30425,0.0,50.454319224920425,1.1502999999999994,0.004798967769698459,0.003524305532537246,0.0012746622371612132
2020-11-23,1.18,1.19,1.16,1.17,33816,0.0,52.80913344484875,1.1602999999999994,0.005926633252564706,0.004004771076542738,0.0019218621760219677
2020-11-24,1.18,1.25,1.1773,1.23,188320,0.0,59.0908363000669,1.1802999999999997,0.011528916656490473,0.005509600192532285,0.006019316463958188
2020-11-25,1.26,1.2893,1.215,1.24,199652,0.0,60.04543164651926,1.1909999999999996,0.016584507167754392,0.007724581587576707,0.008859925580177685
2020-11-27,1.3,1.3,1.21,1.24,34181,0.0,60.04543164651926,1.2059999999999995,0.020356442671818575,0.010250953804425082,0.010105488867393493
2020-11-30,1.24,1.24,1.2,1.2,30623,0.0,54.18040101422374,1.2159999999999995,0.019888797352532128,0.01217852251404649,0.007710274838485638
2020-12-01,1.19,1.22,1.15,1.15,30137,0.0,47.88421715599723,1.2119999999999995,0.015307151619728732,0.012804248335182938,0.002502903284545794
2020-12-02,1.19,1.2047,1.15,1.17,10600,0.0,50.36869732986013,1.1999999999999995,0.013138544260754781,0.012871107520297308,0.0002674367404574725
2020-12-03,1.17,1.24,1.17,1.2333,71661,0.0,57.30601195742011,1.1986599999999996,0.01633933856058145,0.013564753728354138,0.002774584832227313
2020-12-04,1.19,1.24,1.18,1.2,41910,0.0,53.101032399360676,1.1906599999999996,0.01600446983753301,0.014052696950189913,0.0019517728873430958
2020-12-07,1.19,1.25,1.18,1.2,18449,0.0,53.101032399360676,1.1906599999999996,0.015559721181725772,0.014354101796497085,0.0012056193852286873
2020-12-08,1.23,1.23,1.19,1.19,26556,0.0,51.7778109815757,1.1986599999999996,0.014236231822540857,0.01433052780170584,-9.429597916498292e-05
2020-12-09,1.19,1.21,1.13,1.15,55347,0.0,46.75859708165737,1.1946599999999996,0.009846190508962183,0.01343366034315711,-0.003587469834194928
2020-12-10,1.15,1.19,1.15,1.1781,1834,0.0,50.39637705592226,1.1836199999999997,0.00853608759366331,0.012454145793258351,-0.0039180581995950405
2020-12-11,1.16,1.19,1.16,1.1602,12380,0.0,48.13993675889221,1.1756599999999997,0.005984456106250757,0.011160207855856833,-0.005175751749606076
2020-12-14,1.17,1.21,1.16,1.17,19786,0.0,49.47376286870841,1.1696599999999997,0.004698882079289035,0.009867942700543274,-0.005169060621254239
2020-12-15,1.18,1.2,1.16,1.2,5106,0.0,53.423036344636834,1.1716599999999997,0.006031279840737591,0.009100610128582138,-0.003069330287844547
2020-12-16,1.16,1.2001,1.16,1.2001,45283,0.0,53.43610145297797,1.1816799999999996,0.007014425894969367,0.008683373281859584,-0.0016689473868902165
2020-12-17,1.2,1.2,1.16,1.18,5157,0.0,50.377258948743574,1.1820599999999997,0.0061013417392254965,0.008166966973332766,-0.0020656252341072698
2020-12-18,1.16,1.2002,1.16,1.2002,9350,0.0,53.27218716761535,1.1900599999999997,0.006927827466329584,0.007919139071932129,-0.0009913116056025455
2020-12-21,1.18,1.2,1.18,1.2,11404,0.0,53.239070180347355,1.1960599999999997,0.007480455002193631,0.00783140225798443,-0.000350947255790799
2020-12-22,1.2,1.23,1.1601,1.2,11862,0.0,53.239070180347355,1.1960599999999997,0.007828177943372872,0.007830757395062119,-2.579451689247586e-06
2020-12-23,1.21,1.3,1.18,1.28,77171,0.0,63.70590972505703,1.2120399999999998,0.014393166823859271,0.009143239280821551,0.00524992754303772
2020-12-24,1.27,1.2799,1.2,1.2799,49733,0.0,63.68671967954213,1.2320200000000001,0.019364674729381637,0.011187526370533569,0.008177148358848068
2020-12-28,1.28,1.28,1.2,1.2,42729,0.0,50.57730191698269,1.2319799999999999,0.016665261553031607,0.012283073407033177,0.004382188145998431
2020-12-29,1.19,1.23,1.17,1.19,135129,0.0,49.21195490343107,1.22998,0.013562698391469175,0.012538998403920375,0.0010236999875487991
2020-12-30,1.17,1.21,1.16,1.2,21247,0.0,50.646743397629756,1.22998,0.011775075419971914,0.012386213807130684,-0.0006111383871587692
2020-12-31,1.2,1.21,1.18,1.19,29744,0.0,49.15137986006486,1.2119799999999998,0.00944260642042316,0.011797492329789178,-0.0023548859093660175
2021-01-04,1.17,1.22,1.17,1.195,16908,0.0,49.947133986307634,1.1949999999999998,0.007906425792054028,0.011019279022242149,-0.003112853230188121
2021-01-05,1.2,1.2735,1.1901,1.23,20491,0.0,55.22891150576274,1.2009999999999998,0.009404786544276789,0.010696380526649077,-0.0012915939823722883
2021-01-06,1.23,1.3,1.2152,1.22,40854,0.0,53.492081589650965,1.207,0.009673818056197492,0.010491868032558761,-0.0008180499763612691
2021-01-07,1.3,1.3,1.23,1.2686,19885,0.0,60.06509366246328,1.22072,0.013651277866891132,0.011123749999425236,0.002527527867465896
2021-01-08,1.27,1.2838,1.22,1.2409999999999999,17595,0.0,55.28635802177134,1.23092,0.014410241788466838,0.011781048357233558,0.00262919343123328
2021-01-11,1.27,1.2999,1.2582,1.26,25062,0.0,57.77677165771132,1.2439200000000001,0.01635632187758218,0.012696103061303284,0.0036602188162788967
2021-01-12,1.25,1.2601,1.2,1.248,61784,0.0,55.667907217904265,1.2475200000000002,0.016737366712329838,0.013504355791508596,0.003233010920821242
2021-01-13,1.2101,1.26,1.21,1.21,30832,0.0,49.50568317312458,1.2455200000000002,0.013813827859640915,0.01356625020513506,0.0002475776545058546
2021-01-14,1.23,1.3,1.22,1.26,41388,0.0,56.35215038905206,1.2438,0.015354487415401907,0.013923897647188429,0.0014305897682134784
2021-01-15,1.25,1.46,1.24,1.26,108628,0.0,56.35215038905206,1.2475999999999998,0.016386576954355192,0.014416433508621781,0.001970143445733411
2021-01-19,1.3,1.3940000000000001,1.27,1.3038,61327,0.0,61.63675864808128,1.2563600000000001,0.02050246959080737,0.0156336407250589,0.004868828865748472
2021-01-20,1.31,1.51,1.3,1.38,202902,0.0,68.72998182922105,1.2827600000000001,0.029572157900383367,0.018421344160123795,0.011150813740259571
2021-01-21,1.41,1.42,1.3503,1.4098,33614,0.0,70.9890833988574,1.3227200000000001,0.038718242383380064,0.02248072380477505,0.016237518578605014
2021-01-22,1.48,1.4899,1.3,1.35,70917,0.0,61.40251095945326,1.3407200000000001,0.04067237418762648,0.02611905388134534,0.014553320306281141
2021-01-25,1.44,1.46,1.3319999999999999,1.3882,30487,0.0,64.68344144419258,1.3663599999999998,0.0447871797415218,0.029852679053380633,0.014934500688141165
2021-01-26,1.43,1.43,1.37,1.3997,12065,0.0,65.63061358560378,1.3855399999999998,0.04841801395335987,0.03356574603337648,0.01485226791998339
2021-01-27,1.32,1.3791,1.26,1.3019999999999998,59113,0.0,52.699439893390796,1.36994,0.04291718019963375,0.035436032866627935,0.007481147333005818
2021-01-28,1.3,1.3563,1.27,1.2799,42628,0.0,50.285870199073294,1.34396,0.036355362527060064,0.03561989879871436,0.0007354637283457019
2021-01-29,1.3,1.42,1.3,1.3137,100167,0.0,53.77292945336518,1.3367,0.033496327455647235,0.03519518453010094,-0.0016988570744537052
2021-02-01,1.35,1.36,1.31,1.34,26073,0.0,56.33915795541178,1.3270600000000001,0.03297262388168387,0.03475067240041753,-0.0017780485187336575
2021-02-02,1.34,1.41,1.34,1.4,23376,0.0,61.57931433817625,1.32712,0.036972883202576856,0.035195114560849394,0.0017777686417274619
2021-02-03,1.41,1.41,1.35,1.36,20001,0.0,56.6941019961681,1.3387200000000001,0.03649476291891629,0.035455044232462776,0.001039718686453514
2021-02-04,3.67,19.75,3.45,14.0,290673606,0.0,98.45321173466273,3.88274,1.0440233608400495,0.23716870755398012,0.8068546532860694
2021-02-05,10.02,10.12,5.6001,6.273,15442382,0.0,60.222548387584325,4.874599999999999,1.2051010559538713,0.4307551772339584,0.7743458787199129
2021-02-08,6.1688,7.5,5.46,5.8501,4947289,0.0,58.87506080936078,5.7766199999999985,1.2838325714310375,0.6013706560733743,0.6824619153576632
2021-02-09,6.05,6.39,5.91,6.21,2042136,0.0,59.701448653729,6.73862,1.359596208099119,0.7530157664785233,0.6065804416205958
2021-02-10,6.6645,6.7,6.0,6.07,2059540,0.0,59.203076464583425,7.680619999999999,1.392293117647057,0.8808712367122301,0.5114218809348269
2021-02-11,6.02,6.25,5.37,5.62,1006848,0.0,57.54038802380347,6.00462,1.3661463303396335,0.9779262554377108,0.3882200749019227
2021-02-12,5.97,6.3,5.57,5.72,1494912,0.0,57.82385706339097,5.8940199999999985,1.338069544496614,1.0499549132494916,0.28811463124712233
2021-02-16,5.77,6.34,5.7,5.93,1515490,0.0,58.451181589199216,5.9099999999999975,1.3175755436851704,1.1034790393366274,0.214096504348543
2021-02-17,5.8212,6.36,5.65,6.06,1561349,0.0,58.85913220744477,5.879999999999997,1.2968742548022982,1.1421580824297615,0.15471617237253676
2021-02-18,5.97,6.25,5.65,5.76,1010648,0.0,57.45710877409661,5.817999999999998,1.2419444785572873,1.1621153616552666,0.07982911690202066
2021-02-19,5.67,5.8603,5.45,5.66,483780,0.0,56.96997207058776,5.825999999999998,1.1767779076695177,1.165047870858117,0.011730036811400835
2021-02-22,5.62,5.66,5.202000000000001,5.39,1040366,0.0,55.59932682136901,5.759999999999996,1.0907724415019544,1.1501927849868845,-0.05942034348493008
2021-02-23,5.21,5.65,4.45,4.46,844419,0.0,51.043922138849965,5.4659999999999975,0.9367707521512774,1.1075083784197632,-0.17073762626848588
2021-02-24,4.58,5.14,4.58,5.14,211029,0.0,54.01095572475428,5.281999999999997,0.8596837220087092,1.0579434471375524,-0.19825972512884316
2021-02-25,5.4326,5.4369,4.94,5.13,261672,0.0,53.95916442238889,5.155999999999997,0.788693214381242,1.0040934005862905,-0.21540018620504853
2021-02-26,5.05,5.64,4.6545,4.99,1320978,0.0,53.190177195551726,5.0219999999999985,0.7129178227713311,0.9458582850232987,-0.23294046225196763
2021-03-01,5.02,5.26,4.91,5.1,218942,0.0,53.74792067908715,4.963999999999997,0.6542001476037793,0.887526657539395,-0.23332650993561566
2021-03-02,5.17,5.17,4.91,5.04,106563,0.0,53.37434951002733,5.0799999999999965,0.5959546739243153,0.8292122608163791,-0.23325758689206377
2021-03-03,5.0,5.1612,4.63,4.69,127498,0.0,51.14136615123108,4.989999999999997,0.5156090216236029,0.766491612977824,-0.2508825913542211
2021-03-04,4.51,4.63,4.05,4.26,233599,0.0,48.45903292765718,4.815999999999997,0.4124822681501268,0.6956897440122846,-0.2832074758621578
2021-03-05,4.21,4.34,3.94,4.24,173733,0.0,48.3320568507956,4.665999999999997,0.3253888599512491,0.6216295672000774,-0.29624070724882834
2021-03-08,4.19,4.5494,3.9005,4.04,344632,0.0,47.00563469847857,4.453999999999996,0.237490732616501,0.5448018002833621,-0.3073110676668611
2021-03-09,4.19,4.59,4.18,4.39,397267,0.0,49.61177778699372,4.323999999999995,0.19383845926173837,0.4746091320790374,-0.280770672817299
2021-03-10,4.81,5.12,4.4,4.51,895948,0.0,50.51040658570869,4.287999999999996,0.16700162447653444,0.4130876305585368,-0.24608600608200237
2021-03-11,4.5235,4.93,4.32,4.77,433889,0.0,52.48753835193831,4.389999999999996,0.16481320264224042,0.36343274497527756,-0.19861954233303714
2021-03-12,4.8,4.9499,4.39,4.5,413174,0.0,50.24277558166099,4.441999999999996,0.13968195245705584,0.3186825864716332,-0.1790006340145774
2021-03-15,4.79,4.79,4.4306,4.65,172766,0.0,51.48417028278834,4.563999999999996,0.13036622137228715,0.28101931345176406,-0.1506530920794769
2021-03-16,4.64,4.7301,4.12,4.27,233198,0.0,48.20316933597567,4.539999999999996,0.09126852640419347,0.24306915604224996,-0.1518006296380565
2021-03-17,4.23,4.65,4.23,4.56,256031,0.0,50.78105709481226,4.549999999999995,0.08273023517387301,0.2110013718685746,-0.12827113669470158
2021-03-18,4.53,5.14,4.4628,4.68,673831,0.0,51.84896638089675,4.531999999999996,0.08467054563246634,0.18573520662135296,-0.10106466098888661
2021-03-19,4.81,5.5,4.64,5.27,1710621,0.0,56.81070256799714,4.685999999999996,0.1322913524517917,0.17504643578744072,-0.042755083335649036
2021-03-22,5.32,6.06,4.8701,5.0101,2364891,0.0,54.16299697222114,4.758019999999997,0.1473607440914142,0.16950929744823542,-0.022148553356821227
2021-03-23,4.9,4.95,4.2,4.45,799240,0.0,48.87632841052043,4.794019999999996,0.11280758091343746,0.15816895414127585,-0.0453613732278384
2021-03-24,4.3,4.44,4.0,4.05,259237,0.0,45.463449473075244,4.692019999999997,0.052541625934528824,0.13704348849992645,-0.08450186256539763
2021-03-25,4.0,4.1399,3.77,3.97,177662,0.0,44.78982729729391,4.5500199999999955,-0.0016558217091695582,0.10930362645810725,-0.1109594481672768
2021-03-26,4.3,5.44,4.3,4.92,5484788,0.0,53.58476635217521,4.480019999999997,0.03168413608233944,0.09377972838295369,-0.06209559230061425
2021-03-29,4.39,4.68,4.2,4.41,657300,0.0,49.06594520639461,4.359999999999997,0.016760352174464366,0.07837585314125582,-0.061615500966791456
2021-03-30,4.42,4.45,4.2,4.27,242207,0.0,47.872473248779144,4.323999999999995,-0.006291163447654569,0.061442449823473744,-0.06773361327112831
2021-03-31,4.2,4.75,4.2,4.36,2142436,0.0,48.735741730130975,4.3859999999999975,-0.017100286360167694,0.04573390258674546,-0.06283418894691314
2021-04-01,4.41,4.5,4.17,4.17,373065,0.0,46.96738091564412,4.425999999999997,-0.04053079250119396,0.02848096356915758,-0.06901175607035154
2021-04-05,4.15,4.29,4.07,4.17,126086,0.0,46.96738091564412,4.275999999999996,-0.05842613728403645,0.011099543398518775,-0.06952568068255523
2021-04-06,4.17,4.25,3.96,3.99,236613,0.0,45.16672722210562,4.191999999999997,-0.0861398559910036,-0.008348336479385701,-0.0777915195116179
2021-04-07,3.99,4.0,3.8,3.98,165465,0.0,45.06336314480213,4.133999999999997,-0.10766895348516847,-0.028212459880542256,-0.07945649360462621
2021-04-08,4.0,4.14,3.86,4.0534,306472,0.0,46.03949339357509,4.0726799999999965,-0.11745421273575118,-0.04606081045158404,-0.07139340228416714
2021-04-09,4.06,4.06,3.9,4.06,76146,0.0,46.13217801435717,4.050679999999997,-0.12325572112027405,-0.06149979258532205,-0.061755928534952
2021-04-12,4.05,4.05,3.72,3.82,169024,0.0,43.22470503773627,3.980679999999997,-0.1455417379899684,-0.07830818166625132,-0.06723355632371707
2021-04-13,3.75,3.75,3.21,3.31,286410,0.0,37.77624103149107,3.8446799999999968,-0.20202745789653775,-0.1030520369123086,-0.09897542098422915
2021-04-14,3.35,3.45,3.29,3.29,82114,0.0,37.576209014697476,3.706679999999997,-0.24557578593847662,-0.13155678671754223,-0.11401899922093439
2021-04-15,3.35,3.83,3.05,3.1,1620731,0.0,35.64517546832532,3.515999999999997,-0.2920529570717503,-0.16365602078838384,-0.12839693628336643
2021-04-16,3.0,3.03,2.7385,2.85,209292,0.0,33.225695518073394,3.2739999999999974,-0.345081476255122,-0.19994111188173147,-0.1451403643733905
2021-04-19,2.85,3.03,2.795,3.03,165077,0.0,36.56435269151096,3.115999999999997,-0.3683365100739451,-0.23362019152017421,-0.13471631855377086
2021-04-20,2.93,2.9883,2.77,2.85,67646,0.0,34.696131917943724,3.0239999999999982,-0.3967176732075077,-0.26623968785764096,-0.13047798534986677
2021-04-21,2.85,2.95,2.75,2.76,88324,0.0,33.7671247237726,2.9179999999999984,-0.421612115284145,-0.2973141733429418,-0.1242979419412032
2021-04-22,2.76,2.95,2.72,2.75,53425,0.0,33.65928343808552,2.847999999999998,-0.4371093321215769,-0.32527320509866886,-0.11183612702290802
2021-04-23,2.75,2.8819999999999997,2.7,2.86,261405,0.0,36.07764434927557,2.8499999999999983,-0.43549479451988926,-0.34731752298291296,-0.0881772715369763
2021-04-26,2.89,3.18,2.88,3.08,250660,0.0,40.73116878251372,2.8599999999999985,-0.4117170822163456,-0.36019743482959954,-0.05151964738674608
2021-04-27,3.1,3.28,3.05,3.2,318403,0.0,43.161766296588354,2.929999999999999,-0.3788232383065453,-0.36392259552498873,-0.014900642781556561
2021-04-28,3.32,3.3971,3.21,3.33,117432,0.0,45.757004016526864,3.0439999999999987,-0.3383642638665987,-0.35881092919331076,0.020446665326712077
2021-04-29,3.41,3.5,3.1693,3.35,167031,0.0,46.16427034147546,3.163999999999999,-0.30121419256616644,-0.34729158186788195,0.04607738930171551
2021-04-30,3.29,3.3401,3.1,3.12,113343,0.0,42.236837648733704,3.215999999999999,-0.28702294932433325,-0.3352378553591723,0.04821490603483902
2021-05-03,3.09,3.29,3.0,3.04,110182,0.0,40.932418936965426,3.2079999999999984,-0.279015303487292,-0.3239933449847962,0.04497804149750423
2021-05-04,3.03,3.1172,2.86,2.94,43937,0.0,39.29862356450037,3.155999999999999,-0.2775390532903246,-0.3147024866459019,0.03716343335557731
2021-05-05,2.91,3.07,2.83,3.04,69359,0.0,41.80032508999287,3.0979999999999985,-0.26524240081930683,-0.3048104694805829,0.039568068661276046
2021-05-06,3.0,3.02,2.82,2.87,56346,0.0,38.867682072425225,3.0019999999999984,-0.2661468195292578,-0.2970777394903179,0.03093091996106012
2021-05-07,2.85,3.0,2.85,2.92,28035,0.0,40.19663898413121,2.9619999999999984,-0.2598337935096553,-0.2896289502941854,0.029795156784530097
2021-05-10,2.91,2.93,2.81,2.88,29794,0.0,39.4576367057316,2.9299999999999984,-0.2551175048218228,-0.2827266611997129,0.027609156377890076
2021-05-11,2.82,2.93,2.77,2.88,74552,0.0,39.4576367057316,2.9179999999999984,-0.2485150848547537,-0.2758843459307211,0.027369261075967377
2021-05-12,2.8,2.8783,2.7,2.74,43225,0.0,36.71753334680685,2.8579999999999983,-0.2516782591272233,-0.27104312857002155,0.01936486944279825
2021-05-13,2.72,2.7494,2.5601,2.61,37555,0.0,34.3332863160213,2.8059999999999983,-0.2616587716298451,-0.2691662571819863,0.007507485552141202
2021-05-14,2.63,2.76,2.61,2.72,55318,0.0,38.00180563124262,2.7659999999999982,-0.25772146636403814,-0.26687729901839663,0.009155832654358487
2021-05-17,2.77,2.96,2.72,2.96,50001,0.0,45.19569042344534,2.7819999999999983,-0.23255438712314636,-0.2600127166393466,0.027458329516200253
2021-05-18,2.9,3.0,2.86,2.95,72967,0.0,44.961591426112506,2.795999999999998,-0.2109841183489638,-0.2502069969812701,0.03922287863230628
2021-05-19,2.84,2.9,2.71,2.84,35909,0.0,42.36227488269389,2.815999999999998,-0.2004548864791751,-0.2402565748808511,0.039801688401676
2021-05-20,2.83,2.99,2.8,2.88,36916,0.0,43.63828375688013,2.8699999999999983,-0.1867302189290081,-0.2295513036904825,0.04282108476147439
2021-05-21,2.89,3.06,2.8799,2.9,312426,0.0,44.30223973045493,2.9059999999999984,-0.17225385296885998,-0.218091813546158,0.045837960577298026
2021-05-24,2.97,3.05,2.8,2.8,54900,0.0,41.65967497465961,2.873999999999997,-0.16692617191211845,-0.2078586852193501,0.04093251330723166
2021-05-25,2.84,2.9,2.71,2.75,47354,0.0,40.36326913961197,2.8339999999999974,-0.16483837425327996,-0.19925462302613609,0.03441624877285612
2021-05-26,2.84,2.95,2.73,2.93,47993,0.0,46.78360483634334,2.8519999999999976,-0.1469651609963174,-0.18879673062017235,0.04183156962385495
2021-05-27,2.815,3.0,2.815,2.9344,55214,0.0,46.933996976671025,2.8628799999999983,-0.13093611743606148,-0.1772246079833502,0.04628849054728873
2021-05-28,2.92,3.05,2.8991,2.975,51328,0.0,48.38352322924891,2.877879999999998,-0.11364685404912533,-0.16450905719650524,0.05086220314737991
2021-06-01,3.0,3.0565,2.95,3.0,52845,0.0,49.30185671563058,2.9178799999999976,-0.09681171203315975,-0.15096958816383615,0.05415787613067641
2021-06-02,3.01,3.1681,2.96,3.11,94364,0.0,53.24361801733262,2.989879999999997,-0.07374358980374929,-0.13552438849181878,0.06178079868806949
2021-06-03,3.2,3.29,3.01,3.205,121255,0.0,56.39668623229794,3.0448799999999983,-0.04725154429861256,-0.11786981965317753,0.07061827535456497
2021-06-04,3.24,3.51,3.2,3.24,234360,0.0,57.53293605158347,3.105999999999998,-0.023165166261270187,-0.09892888897479606,0.07576372271352587
2021-06-07,3.24,3.35,3.19,3.35,31180,0.0,60.97490992470413,3.1809999999999983,0.004744846916262979,-0.07819414179658427,0.08293898871284724
2021-06-08,3.35,3.45,3.32,3.33,61056,0.0,60.022354284017744,3.2469999999999986,0.024962152432378648,-0.05756288295079169,0.08252503538317034
2021-06-09,3.41,3.48,3.33,3.33,34810,0.0,60.022354284017744,3.290999999999998,0.040517452737798276,-0.0379468158130737,0.07846426855087198
2021-06-10,3.37,3.404,3.11,3.22,37193,0.0,54.58321301738414,3.2939999999999983,0.043467987703722066,-0.021663855109714546,0.06513184281343662
2021-06-11,3.24,3.2804,3.14,3.19,27499,0.0,53.16812989719496,3.283999999999999,0.042891136321425716,-0.008752856823486494,0.051643993144912206
2021-06-14,3.18,3.44,3.1654,3.2,635984,0.0,53.599951846740296,3.2539999999999987,0.04274812015214646,0.0015473385716400978,0.041200781580506364
2021-06-15,3.23,3.29,3.1,3.12,45852,0.0,49.65534362741632,3.211999999999999,0.03576714600069231,0.00839130005745054,0.027375845943241765
2021-06-16,3.12,3.1303,3.0073,3.01,36452,0.0,44.77589112127097,3.147999999999999,0.021115190229601843,0.010936078091880802,0.010179112137721042
2021-06-17,3.03,3.04,2.9,2.9515,39225,0.0,42.39017805791307,3.0942999999999987,0.004728442087241991,0.00969455089095304,-0.004966108803711049
2021-06-18,2.97,3.1403,2.93,2.99,100323,0.0,44.486519288817746,3.0542999999999987,-0.005092838560900148,0.006737073000582403,-0.01182991156148255
2021-06-21,3.07,3.09,2.91,3.01,65890,0.0,45.59407502581548,3.016299999999999,-0.011134094469719358,0.003162839506522051,-0.014296933976241408
2021-06-22,2.92,3.01,2.8001,2.87,65587,0.0,39.63321219260122,2.9662999999999986,-0.026908479076688696,-0.002851424210120099,-0.024057054866568596
2021-06-23,2.87,3.04,2.83,2.95,91844,0.0,44.12831014986186,2.9542999999999986,-0.03257891169950833,-0.008796921707997745,-0.023781989991510585
2021-06-24,2.97,3.12,2.9442,3.02,53810,0.0,47.791623100499706,2.9679999999999986,-0.031066243108276215,-0.013250785988053439,-0.017815457120222776
2021-06-25,3.07,3.1,2.98,2.98,60200,0.0,45.93808410371282,2.9659999999999997,-0.032717955829011824,-0.017144219956245117,-0.015573735872766708
2021-06-28,3.05,3.0885,2.91,2.92,25066,0.0,43.229712586332816,2.9479999999999995,-0.038425503335810074,-0.02140047663215811,-0.017025026703651965
2021-06-29,2.93,3.15,2.93,3.06,107520,0.0,50.55491978919029,2.9859999999999998,-0.031291239948420646,-0.023378629295410618,-0.007912610653010028
2021-06-30,3.15,3.18,3.01,3.06,70110,0.0,50.55491978919029,3.0079999999999987,-0.025345122024415634,-0.02377192784121162,-0.0015731941832040144
2021-07-01,3.08,3.18,2.95,2.95,35755,0.0,45.23607023016214,2.993999999999999,-0.02917257810077123,-0.024852057893123544,-0.004320520207647685
2021-07-02,2.99,2.99,2.84,2.86,39323,0.0,41.3983620566213,2.969999999999999,-0.03901833339591354,-0.027685312993681543,-0.011333020402231997
2021-07-06,2.88,2.91,2.81,2.85,35855,0.0,40.982330851871204,2.9559999999999986,-0.04708531166537311,-0.03156531272801986,-0.01551999893735325
2021-07-07,2.83,2.87,2.7,2.73,45323,0.0,36.27172384501198,2.889999999999999,-0.062441658609646566,-0.037740581904345205,-0.02470107670530136
2021-07-08,2.66,2.8,2.58,2.685,46939,0.0,34.66271388604777,2.8149999999999986,-0.0773511422997788,-0.04566269398343192,-0.03168844831634687
2021-07-09,2.675,2.78,2.67,2.74,72324,0.0,38.2671844247569,2.772999999999999,-0.08376340282851791,-0.05328283575244912,-0.03048056707606879
2021-07-12,2.79,2.9499,2.7,2.88,110520,0.0,46.376522282978534,2.776999999999999,-0.07666459380882884,-0.057959187363725066,-0.018705406445103774
2021-07-13,2.87,2.92,2.75,2.84,39028,0.0,44.57484983414808,2.774999999999999,-0.07342006145655056,-0.06105136218229017,-0.012368699274260389
2021-07-14,2.839,3.25,2.8,2.9862,431769,0.0,51.92606883409725,2.8262399999999994,-0.05837867501010363,-0.06051682474785286,0.0021381497377492287
2021-07-15,2.98,4.75,2.9401,3.83,41411494,0.0,73.64921904392187,3.0552399999999995,0.021382851977968187,-0.04413688940268866,0.06551974138065685
2021-07-16,3.2,3.35,2.485,3.1,3987511,0.0,51.82917982792113,3.12724,0.025396779367734545,-0.03023015564860402,0.055626935016338565
2021-07-19,2.91,2.99,2.65,2.99,593235,0.0,49.45166722783451,3.1492400000000003,0.0194772435122208,-0.020288675816439054,0.03976591932865985
2021-07-20,3.02,3.3,2.9,3.2788,366649,0.0,55.25505578333282,3.237,0.03765564426915802,-0.00869981179931964,0.04635545606847766
2021-07-21,3.25,3.41,3.14,3.22,263861,0.0,53.89826032467877,3.28376,0.046778258602722556,0.0023958022810887988,0.044382456321633755
2021-07-22,3.09,3.47,3.09,3.36,285720,0.0,56.628981591602496,3.1897599999999997,0.06456061161502857,0.014828764147876755,0.04973184746715182
2021-07-23,3.33,4.2699,3.16,4.1927,2179242,0.0,68.5582135758881,3.4082999999999988,0.1441831319339002,0.04069963770508145,0.10348349422881875
2021-07-26,4.02,4.03,3.2157,3.26,671651,0.0,51.47861043931324,3.4622999999999986,0.13051891700499407,0.05866349356506398,0.0718554234399301
2021-07-27,3.25,3.35,2.98,3.09,201317,0.0,49.07865824125374,3.424539999999999,0.10476468688115048,0.06788373222828128,0.0368809546528692
2021-07-28,3.26,3.29,3.0753,3.29,78203,0.0,51.918656835212246,3.438539999999999,0.09934738764587525,0.07417646331180008,0.025170924334075168
2021-07-29,3.34,3.3939999999999997,3.11,3.15,143760,0.0,49.82387633394031,3.396539999999999,0.08280280975332799,0.07590173260010567,0.006901077153222315
2021-07-30,3.19,3.21,3.0701,3.09,71478,0.0,48.91302500826503,3.175999999999999,0.06411058707679285,0.07354350349544311,-0.009432916418650267
2021-08-02,3.12,3.22,3.01,3.1,223000,0.0,49.080107480653076,3.143999999999999,0.049532799087179225,0.06874136261379034,-0.019208563526611114
2021-08-03,3.08,3.11,2.83,2.86,117687,0.0,45.254678737202575,3.097999999999999,0.01840167973249951,0.05867342603753217,-0.04027174630503266
2021-08-04,2.95,2.9999,2.89,2.9,24051,0.0,46.00998226770615,3.0199999999999987,-0.003007620955439716,0.0463372166389378,-0.049344837594377515
2021-08-05,2.86,2.92,2.85,2.87,40945,0.0,45.50292181817005,2.9639999999999986,-0.022140177096070968,0.03264173789193604,-0.05478191498800701
2021-08-06,2.8879,2.9,2.83,2.86,30126,0.0,45.32361547799582,2.9179999999999997,-0.037675482595471266,0.01857829379445458,-0.05625377638992585
2021-08-09,2.89,2.91,2.86,2.86,43529,0.0,45.32361547799582,2.8699999999999988,-0.04941766801414138,0.004979101432735389,-0.05439676944687677
2021-08-10,2.86,2.94,2.86,2.86,33202,0.0,45.32361547799582,2.87,-0.05805422162689844,-0.007627563179191377,-0.050426658447707065
2021-08-11,2.97,2.99,2.9,2.94,37529,0.0,47.394847184045155,2.878,-0.05777739928217018,-0.01765753039978714,-0.040119868882383045
2021-08-12,2.9,2.9682,2.76,2.8,117754,0.0,44.23668653394606,2.8639999999999994,-0.06807017494619005,-0.027740059309067724,-0.04033011563712233
2021-08-13,2.76,2.98,2.51,2.69,145343,0.0,41.875591961145865,2.83,-0.08413351570921224,-0.03901875058909663,-0.045114765120115606
2021-08-16,2.65,2.7422,2.59,2.59,48591,0.0,39.79607242728698,2.7760000000000002,-0.10373717567215879,-0.05196243560570907,-0.05177474006644972
2021-08-17,2.6,2.64,2.5,2.57,79652,0.0,39.37492278220692,2.718,-0.11950942007991339,-0.06547183250054994,-0.054037587579363444
2021-08-18,2.6,2.69,2.51,2.51,52872,0.0,38.073191192306005,2.632000000000001,-0.13529098569761366,-0.0794356631399627,-0.055855322557650966
2021-08-19,2.51,2.57,2.5,2.52,26597,0.0,38.43848679851251,2.5760000000000005,-0.14531596177190753,-0.09261172286635168,-0.05270423890555585
2021-08-20,2.52,2.6673,2.52,2.56,29694,0.0,39.9640212428596,2.5500000000000007,-0.14832338220878283,-0.10375405473483791,-0.04456932747394492
2021-08-23,2.58,2.64,2.495,2.5,54113,0.0,38.42582456346664,2.532000000000001,-0.15377565312418273,-0.11375837441270688,-0.040017278711475854
2021-08-24,2.54,2.94,2.54,2.6,226748,0.0,42.404724190753186,2.5380000000000007,-0.14831773827870798,-0.1206702471859071,-0.027647491092800874
2021-08-25,2.61,2.7,2.56,2.63,95460,0.0,43.58255718096057,2.5620000000000007,-0.13995820114018853,-0.1245278379767634,-0.015430363163425137
2021-08-26,2.63,2.67,2.5646,2.61,23381,0.0,42.95192960787509,2.580000000000001,-0.1334091825713748,-0.1263041068956857,-0.007105075675689104
2021-08-27,2.62,2.69,2.61,2.65,32414,0.0,44.67612899364168,2.5980000000000008,-0.12356696936137679,-0.12575667938882393,0.0021897100274471393
2021-08-30,2.71,2.74,2.64,2.7,43214,0.0,46.83901792645626,2.638000000000001,-0.11045905907592113,-0.12269715532624338,0.012238096250322253
2021-08-31,2.75,2.79,2.66,2.735,27368,0.0,48.360906960391205,2.665000000000001,-0.09613851330724854,-0.11738542692244443,0.021246913615195887
2021-09-01,2.87,2.87,2.705,2.77,29591,0.0,49.90532973785531,2.6930000000000014,-0.08103109410606901,-0.11011456035916935,0.029083466253100335
2021-09-02,2.82,2.85,2.76,2.77,36061,0.0,49.90532973785531,2.7250000000000014,-0.06827136573926396,-0.10174592143518828,0.03347455569592432
2021-09-03,2.76,2.79,2.76,2.77,9206,0.0,49.90532973785531,2.749000000000001,-0.05749640629815689,-0.092896018407782,0.03539961210962511
2021-09-07,2.79,2.85,2.77,2.8,18160,0.0,51.45950174532987,2.769000000000001,-0.046006094413550525,-0.08351803360893571,0.03751193919538519
2021-09-08,2.7967,2.99,2.67,2.71,66061,0.0,46.77143100834496,2.7640000000000016,-0.04365891451064163,-0.0755462097892769,0.031887295278635264
2021-09-09,2.73,2.88,2.72,2.76,112168,0.0,49.522722953158684,2.7620000000000013,-0.037333814421346645,-0.06790373071569085,0.030569916294344204
2021-09-10,2.78,2.91,2.7105,2.84,134850,0.0,53.65072145047719,2.776000000000001,-0.025571028716954824,-0.05943719031594365,0.03386616159898882
2021-09-13,2.85,2.89,2.8,2.83,31560,0.0,53.06652494271484,2.7880000000000016,-0.01686148403440324,-0.05092204905963557,0.03406056502523233
2021-09-14,2.87,2.87,2.77,2.78,22487,0.0,50.12743062938475,2.7840000000000016,-0.013834217014918604,-0.04350448265069218,0.029670265635773574
2021-09-15,2.83,2.83,2.73,2.75,13819,0.0,48.3954873109527,2.7920000000000016,-0.013697934113442667,-0.037543172943242276,0.02384523882979961
2021-09-16,2.75,2.8099,2.72,2.72,21049,0.0,46.65935953003058,2.7840000000000016,-0.015828220340338373,-0.0332001824226615,0.017371962082323125
2021-09-17,2.76,2.79,2.62,2.62,15539,0.0,41.33618570990703,2.740000000000001,-0.025294077408814175,-0.03161896141989204,0.006324884011077864
2021-09-20,2.57,2.67,2.3,2.31,99345,0.0,29.93485752097823,2.636000000000001,-0.0571514403267499,-0.03672545720126361,-0.02042598312548629
2021-09-21,2.37,2.43,2.35,2.41,17522,0.0,36.06134478090343,2.5620000000000007,-0.07348240625588254,-0.0440768470121874,-0.029405559243695138
2021-09-22,2.43,2.49,2.41,2.44,31884,0.0,37.8179749007405,2.500000000000001,-0.08304675384986515,-0.051870828379722955,-0.031175925470142196
2021-09-23,2.4419999999999997,2.47,2.36,2.36,32977,0.0,35.05238479074232,2.428000000000001,-0.09597555320298712,-0.06069177334437579,-0.03528377985861133
2021-09-24,2.34,2.43,2.34,2.4,15574,0.0,37.512946593203075,2.384000000000001,-0.10182033271665203,-0.06891748521883104,-0.03290284749782099
2021-09-27,2.4,2.4,2.35,2.37,18927,0.0,36.39914409628232,2.396000000000001,-0.10763239264654167,-0.07666046670437317,-0.030971925942168507
2021-09-28,2.4,2.49,2.37,2.44,39629,0.0,40.814860304056936,2.402000000000001,-0.10537537529649521,-0.08240344842279758,-0.022971926873697632
2021-09-29,2.48,2.48,2.3058,2.35,17319,0.0,37.23535623942736,2.384000000000001,-0.10958568506159772,-0.08783989575055762,-0.021745789311040098
2021-09-30,2.35,2.42,2.31,2.35,32816,0.0,37.23535623942736,2.382000000000001,-0.11163552108768604,-0.09259902081798331,-0.01903650026970273
2021-10-01,2.3293,2.4,2.3293,2.4,10396,0.0,40.592300588376006,2.382000000000001,-0.10798071431510303,-0.09567535951740726,-0.012305354797695775
2021-10-04,2.39,2.4,2.3101,2.32,9944,0.0,37.16705374241963,2.3720000000000008,-0.11026847864638345,-0.0985939833432025,-0.011674495303180946
2021-10-05,2.34,2.36,2.26,2.2638,17869,0.0,34.93676105342629,2.3367600000000013,-0.1152874566421569,-0.10193267800299338,-0.013354778639163511
2021-10-06,2.26,2.26,2.2,2.22,16092,0.0,33.261553095329454,2.310760000000001,-0.12139990428394887,-0.10582612325918449,-0.01557378102476438
2021-10-07,2.29,2.35,2.2401,2.27,13232,0.0,36.97663386823268,2.294760000000001,-0.12081678030775844,-0.10882425466889929,-0.01199252563885915
2021-10-08,2.28,2.33,2.28,2.33,5580,0.0,41.20614371757075,2.2807600000000017,-0.11419676260210787,-0.10989875625554102,-0.004298006346566852
2021-10-11,2.31,2.35,2.22,2.34,16662,0.0,41.90591130353207,2.284760000000001,-0.10691103063782714,-0.10930121113199825,0.0023901804941711124
2021-10-12,2.29,2.73,2.26,2.4,329382,0.0,46.05461222829329,2.3120000000000016,-0.09519815196908521,-0.10648059929941564,0.01128244733033043
2021-10-13,2.39,2.4065,2.25,2.28,28142,0.0,39.91512184950701,2.3240000000000007,-0.09450916552526678,-0.10408631254458588,0.009577147019319096
2021-10-14,2.34,2.34,2.26,2.2801,17390,0.0,39.92230931646228,2.326020000000001,-0.09288435659606087,-0.10184592135488088,0.008961564758820012
2021-10-15,2.27,2.58,2.26,2.4642,211754,0.0,51.43919434719366,2.352860000000001,-0.0758668070749331,-0.09665009849889133,0.02078329142395824
2021-10-18,2.45,2.5,2.3446,2.39,18137,0.0,47.48789846621258,2.3628600000000013,-0.0675884784521128,-0.09083777448953563,0.02324929603742283
2021-10-19,2.49,2.67,2.31,2.5202,219813,0.0,54.14417916369344,2.3869000000000007,-0.04994604459147434,-0.08265942850992337,0.03271338391844904
2021-10-20,2.57,2.9,2.36,2.4301,375993,0.0,49.470911744196556,2.416920000000001,-0.04274190359420604,-0.0746759235267799,0.03193401993257386
2021-10-21,2.49,2.6,2.27,2.42,120839,0.0,48.96076127847382,2.4449000000000014,-0.037416244367352025,-0.06722398769489432,0.029807743327542296
2021-10-22,2.38,2.41,2.34,2.34,33305,0.0,45.00221639708364,2.4200600000000008,-0.03919908976662789,-0.061619008109241036,0.022419918342613143
2021-10-25,2.32,2.42,2.24,2.41,52463,0.0,48.89569368241468,2.4240600000000008,-0.03456514710490177,-0.056208235908373184,0.021643088803471412
2021-10-26,2.46,2.46,2.34,2.34,35573,0.0,45.432003564198205,2.388020000000001,-0.036124706021158026,-0.05219152993093015,0.016066823909772127
2021-10-27,2.34,2.47,2.27,2.28,74504,0.0,42.643572613879215,2.358000000000001,-0.04172122988977822,-0.05009746992269977,0.008376240032921548
2021-10-28,2.25,2.29,2.22,2.25,17872,0.0,41.27934909280124,2.3240000000000007,-0.04802367759436921,-0.04968271145703366,0.001659033862664451
2021-10-29,2.22,2.3,2.2,2.3,15022,0.0,44.468011967803385,2.3160000000000007,-0.04842561038179127,-0.049431291241985184,0.001005680860193911
2021-11-01,2.27,2.37,2.25,2.285,21308,0.0,43.70132464249289,2.2910000000000013,-0.049385237376132984,-0.049422080468814744,3.684309268175978e-05
2021-11-02,2.27,2.37,2.27,2.3696,19301,0.0,49.038111637108614,2.296920000000001,-0.04282556921071823,-0.04810277821719544,0.005277209006477213
2021-11-03,2.34,2.4,2.34,2.3601,9607,0.0,48.4823313816179,2.3129400000000016,-0.03795602213854732,-0.04607342700146582,0.008117404862918502
2021-11-04,2.36,2.38,2.27,2.335,16009,0.0,46.96771176323744,2.329940000000001,-0.03571058187244658,-0.04400085797566198,0.0082902761032154
2021-11-05,2.35,2.38,2.3,2.36,19907,0.0,48.68719064170922,2.341940000000001,-0.03155007360843731,-0.041510701102217044,0.009960627493779732
2021-11-08,2.4,2.4,2.31,2.3159,16537,0.0,45.86233716627464,2.3481200000000007,-0.03144881985619641,-0.03949832485301292,0.00804950499681651
2021-11-09,2.35,2.35,2.29,2.3,14250,0.0,44.85190918864153,2.334200000000001,-0.03227947495223393,-0.038054554872857124,0.005775079920623191
