Date,Open,High,Low,Close,Volume
2021-11-19,159.915,159.935,159.88,159.88,4863
2021-11-19,159.905,159.915,159.885,159.905,6823
2021-11-19,159.925,159.955,159.925,159.95,1343
2021-11-19,159.965,160.005,159.965,160.005,2782
2021-11-19,160.01,160.01,159.925,159.945,2673
2021-11-19,159.915,159.945,159.915,159.94,3114
2021-11-19,159.895,159.9,159.83,159.87,1766
2021-11-19,159.885,159.89,159.74,159.74,2851
2021-11-19,159.76,159.78,159.75,159.77,2052
2021-11-19,159.77,159.77,159.735,159.755,3701
2021-11-19,159.75,159.765,159.745,159.76,2337
2021-11-19,159.76,159.79,159.76,159.775,2167
2021-11-19,159.785,159.86,159.78,159.86,3735
2021-11-19,159.9,159.9,159.83,159.87,1880
2021-11-19,159.89,159.93,159.805,159.925,4903
2021-11-19,159.94,159.94,159.855,159.865,5053
2021-11-19,159.84,159.845,159.705,159.795,6847
2021-11-19,159.825,159.825,159.765,159.765,7999
2021-11-19,159.785,159.815,159.765,159.805,2338
2021-11-19,159.785,159.815,159.75,159.815,3985
2021-11-19,159.825,159.96,159.825,159.96,3332
2021-11-19,159.94,159.99,159.91,159.91,4833
2021-11-19,159.935,159.98,159.9,159.975,2449
2021-11-19,160.02,160.04,160.02,160.04,453
2021-11-19,160.04,160.19,160.04,160.14,3634
2021-11-19,160.145,160.145,160.085,160.12,5458
2021-11-19,160.115,160.18,160.115,160.165,1978
2021-11-19,160.17,160.17,160.13,160.155,2792
2021-11-19,160.15,160.27,160.15,160.22,2704
2021-11-19,160.235,160.31,160.21,160.29,2356
2021-11-19,160.28,160.32,160.27,160.28,8482
2021-11-19,160.28,160.3,160.245,160.285,11842
2021-11-19,160.275,160.34,160.275,160.34,2027
2021-11-19,160.33,160.335,160.275,160.335,6382
2021-11-19,160.33,160.34,160.255,160.285,6587
2021-11-19,160.285,160.295,160.24,160.255,3504
2021-11-19,160.245,160.265,160.245,160.255,3896
2021-11-19,160.265,160.34,160.25,160.34,5997
2021-11-19,160.335,160.395,160.335,160.375,2264
2021-11-19,160.38,160.43,160.36,160.385,5638
2021-11-19,160.395,160.46,160.395,160.46,3845
2021-11-19,160.465,160.475,160.43,160.47,3292
2021-11-19,160.475,160.48,160.425,160.435,5658
2021-11-19,160.455,160.49,160.43,160.49,3027
2021-11-19,160.495,160.53,160.495,160.505,2945
2021-11-19,160.5,160.5,160.395,160.42,9692
2021-11-19,160.425,160.445,160.345,160.36,6836
2021-11-19,160.365,160.365,160.27,160.27,3047
2021-11-19,160.26,160.265,160.15,160.2,8589
2021-11-19,160.19,160.19,159.995,160.125,11120
2021-11-19,160.13,160.17,160.105,160.14,5044
2021-11-19,160.13,160.135,160.005,160.01,11049
2021-11-19,160.01,160.01,159.935,159.98,14964
2021-11-19,159.965,160,159.945,159.995,2791
2021-11-19,160,160.07,160,160.03,2424
2021-11-19,160.03,160.04,159.97,160.04,4066
2021-11-19,160.015,160.14,160.015,160.14,2753
2021-11-19,160.16,160.16,160.14,160.15,758
2021-11-19,160.15,160.24,160.12,160.24,3026
2021-11-19,160.22,160.26,160.215,160.255,2452
2021-11-19,160.22,160.25,160.19,160.24,3232
2021-11-19,160.27,160.28,160.255,160.27,1811
2021-11-19,160.27,160.32,160.19,160.215,15844
2021-11-19,160.215,160.23,160.05,160.08,6562
2021-11-19,160.04,160.07,159.955,159.955,9974
2021-11-19,159.965,160.14,159.94,160.14,6122
2021-11-19,160.15,160.23,160.15,160.23,4838
2021-11-19,160.26,160.26,160.12,160.12,2705
2021-11-19,160.06,160.095,160.02,160.02,1804
2021-11-19,160.02,160.03,159.985,160,4162
2021-11-19,160.055,160.055,160,160.025,3266
2021-11-19,160.035,160.045,159.96,159.96,2807
2021-11-19,159.96,159.975,159.81,159.81,3045
2021-11-19,159.81,159.94,159.81,159.905,6294
2021-11-19,159.895,159.94,159.8,159.92,4731
2021-11-19,159.94,159.99,159.795,159.89,13286
2021-11-19,159.88,159.935,159.88,159.9,9116
2021-11-19,159.935,159.975,159.9,159.97,5541
2021-11-19,159.96,160.03,159.96,159.985,4764
2021-11-19,159.985,160.035,159.985,160.025,3756
2021-11-19,160.02,160.06,159.97,160.06,2032
2021-11-19,160.03,160.08,160.03,160.07,4350
2021-11-19,160.075,160.11,160.07,160.08,3288
2021-11-19,160.1,160.29,160.095,160.225,8683
2021-11-19,160.165,160.25,160.15,160.23,2015
2021-11-19,160.29,160.42,160.29,160.41,3672
2021-11-19,160.45,160.5,160.39,160.475,2364
2021-11-19,160.46,160.505,160.45,160.465,4813
2021-11-19,160.47,160.47,160.37,160.37,3073
2021-11-19,160.365,160.45,160.365,160.43,2572
2021-11-19,160.425,160.425,160.32,160.36,7188
2021-11-19,160.355,160.43,160.35,160.4,4594
2021-11-19,160.395,160.45,160.385,160.45,8521
2021-11-19,160.48,160.67,160.48,160.67,5851
2021-11-19,160.68,160.72,160.665,160.7,4449
2021-11-19,160.69,160.73,160.665,160.69,2919
2021-11-19,160.61,160.675,160.61,160.64,2637
2021-11-19,160.63,160.655,160.35,160.42,8747
2021-11-19,160.42,160.58,160.42,160.53,4893
2021-11-19,160.51,160.55,160.46,160.55,5184
2021-11-19,160.52,160.62,160.51,160.62,2897
2021-11-19,160.62,160.62,160.515,160.515,3847
2021-11-19,160.545,160.545,160.455,160.515,4625
2021-11-19,160.535,160.575,160.535,160.545,5659
2021-11-19,160.54,160.63,160.54,160.605,3572
2021-11-19,160.605,160.695,160.595,160.695,6236
2021-11-19,160.66,160.735,160.66,160.72,3783
2021-11-19,160.7,160.75,160.68,160.74,2521
2021-11-19,160.73,160.73,160.595,160.65,4900
2021-11-19,160.625,160.655,160.625,160.645,3637
2021-11-19,160.645,160.645,160.57,160.595,1554
2021-11-19,160.59,160.59,160.555,160.58,3515
2021-11-19,160.6,160.61,160.56,160.61,3080
2021-11-19,160.635,160.645,160.62,160.635,2101
2021-11-19,160.615,160.615,160.535,160.585,3685
2021-11-19,160.625,160.635,160.625,160.635,1204
2021-11-19,160.635,160.66,160.61,160.65,4008
2021-11-19,160.65,160.66,160.62,160.635,3447
2021-11-19,160.62,160.67,160.62,160.67,3505
2021-11-19,160.69,160.74,160.69,160.735,5910
2021-11-19,160.75,160.8,160.75,160.765,8340
2021-11-19,160.805,160.835,160.79,160.825,4483
2021-11-19,160.835,160.835,160.73,160.76,7959
2021-11-19,160.76,160.76,160.7,160.7,9672
2021-11-19,160.69,160.725,160.66,160.71,7201
2021-11-19,160.725,160.76,160.71,160.72,5149
2021-11-19,160.755,160.755,160.72,160.75,3749
2021-11-19,160.725,160.765,160.715,160.765,4114
2021-11-19,160.725,160.745,160.605,160.605,24080
2021-11-19,160.62,160.62,160.52,160.58,4642
2021-11-19,160.595,160.62,160.58,160.6,2206
2021-11-19,160.565,160.64,160.555,160.62,3440
2021-11-19,160.615,160.625,160.58,160.58,1505
2021-11-19,160.61,160.61,160.54,160.54,5355
2021-11-19,160.545,160.59,160.545,160.59,3914
2021-11-19,160.585,160.585,160.525,160.555,5332
2021-11-19,160.555,160.675,160.555,160.675,6587
2021-11-19,160.66,160.66,160.61,160.615,4635
2021-11-19,160.63,160.63,160.58,160.61,5434
2021-11-19,160.575,160.63,160.56,160.63,7695
2021-11-19,160.615,160.62,160.54,160.55,4172
2021-11-19,160.575,160.575,160.51,160.525,4618
2021-11-19,160.545,160.555,160.4,160.415,9385
2021-11-19,160.415,160.45,160.38,160.4,4137
2021-11-19,160.39,160.39,160.3,160.31,4189
2021-11-19,160.35,160.365,160.31,160.33,2989
2021-11-19,160.325,160.41,160.325,160.41,1623
2021-11-19,160.425,160.485,160.41,160.485,7586
2021-11-19,160.48,160.505,160.455,160.48,6514
2021-11-19,160.49,160.505,160.48,160.5,5224
2021-11-19,160.49,160.49,160.42,160.46,6564
2021-11-19,160.435,160.45,160.36,160.38,2921
2021-11-19,160.43,160.43,160.4,160.4,972
2021-11-19,160.42,160.44,160.41,160.44,2948
2021-11-19,160.45,160.53,160.445,160.495,7431
2021-11-19,160.51,160.555,160.5,160.555,5577
2021-11-19,160.565,160.61,160.545,160.6,4527
2021-11-19,160.595,160.605,160.53,160.53,7168
2021-11-19,160.5,160.5,160.42,160.49,14192
2021-11-19,160.48,160.505,160.37,160.385,6534
2021-11-19,160.36,160.37,160.32,160.37,2595
2021-11-19,160.345,160.465,160.33,160.465,3012
2021-11-19,160.45,160.465,160.39,160.405,6605
2021-11-19,160.43,160.49,160.405,160.48,2523
2021-11-19,160.46,160.46,160.375,160.385,8742
2021-11-19,160.39,160.39,160.3,160.375,16386
2021-11-19,160.4,160.4,160.33,160.33,8093
2021-11-19,160.32,160.33,160.29,160.29,7439
2021-11-19,160.295,160.295,160.26,160.28,3122
2021-11-19,160.26,160.26,160.17,160.195,7627
2021-11-19,160.17,160.17,160.13,160.16,5256
2021-11-19,160.2,160.21,160.15,160.155,6632
2021-11-19,160.145,160.15,160.1,160.125,3449
2021-11-19,160.13,160.18,160.13,160.16,5038
2021-11-19,160.16,160.21,160.155,160.21,5397
2021-11-19,160.195,160.225,160.195,160.225,3170
2021-11-19,160.225,160.275,160.22,160.23,5499
2021-11-19,160.23,160.23,160.19,160.205,4988
2021-11-19,160.21,160.255,160.19,160.255,2200
2021-11-19,160.25,160.3,160.19,160.3,5234
2021-11-19,160.295,160.32,160.255,160.305,10748
2021-11-19,160.285,160.31,160.245,160.295,8241
2021-11-19,160.305,160.34,160.295,160.335,5732
2021-11-19,160.41,160.455,160.38,160.45,10901
2021-11-19,160.455,160.495,160.455,160.48,4341
2021-11-19,160.46,160.53,160.46,160.525,5117
2021-11-19,160.535,160.555,160.515,160.555,7815
2021-11-19,160.555,160.555,160.45,160.48,10114
2021-11-19,160.47,160.505,160.47,160.505,6288
2021-11-19,160.515,160.56,160.49,160.53,6623
2021-11-19,160.555,160.62,160.545,160.62,5140
2021-11-19,160.645,160.79,160.64,160.735,11563
2021-11-19,160.745,160.785,160.725,160.75,5638
2021-11-19,160.755,160.8,160.745,160.8,7103
2021-11-19,160.815,160.865,160.805,160.855,13594
2021-11-19,160.88,160.905,160.835,160.905,9718
2021-11-19,160.905,161,160.905,160.985,12855
2021-11-19,160.995,161.02,160.975,161.015,13544
2021-11-19,161.015,161.015,160.925,160.94,25446
2021-11-19,160.945,160.965,160.91,160.91,21264
2021-11-19,160.915,160.915,160.8,160.91,14721
2021-11-19,160.91,160.91,160.62,160.675,10679
2021-11-19,160.68,160.805,160.655,160.7,13226
2021-11-19,160.715,160.765,160.65,160.765,7241
2021-11-19,160.79,160.82,160.72,160.72,35556
2021-11-19,160.71,160.76,160.555,160.61,27013
2021-11-19,160.61,160.615,160.46,160.47,17363
2021-11-19,160.45,160.45,160.325,160.325,14121
2021-11-19,160.325,160.39,160.275,160.275,29214
2021-11-19,160.285,160.35,160.26,160.32,19709
2021-11-19,160.33,160.38,160.31,160.35,22567
2021-11-19,160.33,160.4,160.33,160.34,21692
2021-11-19,160.34,160.485,160.33,160.485,18131
2021-11-19,160.49,160.56,160.465,160.56,23744
2021-11-19,160.555,160.7,160.52,160.57,21541
2021-11-22,161.79,161.79,161.79,161.79,220
2021-11-22,161.66,161.66,161.66,161.66,200
2021-11-22,161.73,162.48,161.66,162.46,33155
2021-11-22,162.48,162.61,162.13,162.57,14234
2021-11-22,162.54,163.01,162.53,162.92,17422
2021-11-22,162.93,163.04,162.825,162.845,10380
2021-11-22,162.72,162.77,162.32,162.73,14922
2021-11-22,162.78,163.06,162.78,162.79,8421
2021-11-22,162.705,162.705,162.51,162.55,9786
2021-11-22,162.66,163.03,162.65,163.03,14267
2021-11-22,162.985,163.22,162.83,163.21,5535
2021-11-22,163.19,163.3,163.04,163.04,5723
2021-11-22,163.07,163.08,163.035,163.05,5927
2021-11-22,163.06,163.295,162.98,163.29,6370
2021-11-22,163.32,163.425,163.27,163.27,12322
2021-11-22,163.28,163.38,163.225,163.3,13703
2021-11-22,163.28,163.63,163.22,163.63,5545
2021-11-22,163.66,163.66,163.41,163.43,3303
2021-11-22,163.42,163.42,163.27,163.395,9986
2021-11-22,163.38,163.46,163.38,163.44,5636
2021-11-22,163.445,163.69,163.445,163.69,13542
2021-11-22,163.725,163.74,163.49,163.55,6135
2021-11-22,163.56,163.745,163.52,163.58,11419
2021-11-22,163.57,163.86,163.55,163.65,7554
2021-11-22,163.68,163.84,163.67,163.84,2238
2021-11-22,163.88,163.9,163.74,163.775,5077
2021-11-22,163.775,164.09,163.77,164.09,6720
2021-11-22,164.08,164.4,164.075,164.315,8952
2021-11-22,164.485,164.59,164.425,164.425,10733
2021-11-22,164.39,164.49,164.36,164.465,6355
2021-11-22,164.4,164.67,164.395,164.665,28693
2021-11-22,164.68,164.765,164.59,164.68,16570
2021-11-22,164.695,164.91,164.695,164.88,31997
2021-11-22,164.875,164.97,164.85,164.97,10453
2021-11-22,164.94,165.25,164.94,165.08,20988
2021-11-22,165.09,165.195,165.05,165.075,21659
2021-11-22,165.085,165.085,165.02,165.02,22137
2021-11-22,165.01,165.01,164.65,164.65,26781
2021-11-22,164.68,164.865,164.66,164.85,17251
2021-11-22,164.85,165.02,164.8,164.96,19563
2021-11-22,164.99,165.205,164.825,164.825,15894
2021-11-22,164.825,165.1,164.825,165.035,14414
2021-11-22,165.02,165.03,164.92,164.975,4288
2021-11-22,164.97,165.08,164.945,164.945,5283
2021-11-22,165.1,165.3,165.1,165.24,4879
2021-11-22,165.205,165.295,165.205,165.24,3184
2021-11-22,165.27,165.3,165.21,165.255,4712
2021-11-22,165.265,165.4,165.265,165.395,8737
2021-11-22,165.39,165.63,165.3,165.3,8171
2021-11-22,165.32,165.44,165.27,165.415,9290
2021-11-22,165.4,165.66,165.4,165.66,4990
2021-11-22,165.64,165.675,165.57,165.6,3584
2021-11-22,165.48,165.56,165.38,165.425,6268
2021-11-22,165.39,165.5,165.39,165.47,2460
2021-11-22,165.47,165.51,165.41,165.48,4054
2021-11-22,165.5,165.7,165.5,165.645,10483
2021-11-22,165.655,165.68,165.33,165.33,6089
2021-11-22,165.36,165.385,165.31,165.34,2414
2021-11-22,165.33,165.36,165.315,165.315,6056
2021-11-22,165.31,165.37,165.195,165.195,5411
2021-11-22,165.185,165.32,165.185,165.295,16906
2021-11-22,165.27,165.345,165.26,165.315,17798
2021-11-22,165.305,165.52,165.29,165.445,6814
2021-11-22,165.465,165.53,165.41,165.42,6965
2021-11-22,165.41,165.415,165.27,165.34,19335
2021-11-22,165.33,165.375,165.25,165.26,7484
2021-11-22,165.27,165.29,165.15,165.16,7113
2021-11-22,165.15,165.15,164.855,164.855,4006
2021-11-22,164.85,164.85,164.57,164.58,6320
2021-11-22,164.63,164.74,164.61,164.71,7853
2021-11-22,164.7,164.715,164.57,164.57,1437
2021-11-22,164.59,164.68,164.59,164.68,6402
2021-11-22,164.77,164.895,164.72,164.875,11135
2021-11-22,164.93,164.97,164.63,164.66,8647
2021-11-22,164.665,164.725,164.59,164.72,3392
2021-11-22,164.69,164.78,164.685,164.78,6119
2021-11-22,164.785,164.81,164.715,164.755,8997
2021-11-22,164.77,164.85,164.725,164.83,2409
2021-11-22,164.83,164.92,164.82,164.92,2941
2021-11-22,164.9,164.97,164.87,164.97,4729
2021-11-22,164.96,165.105,164.95,165.06,1898
2021-11-22,165.06,165.065,164.965,164.97,1200
2021-11-22,164.98,165.09,164.98,165.035,7428
2021-11-22,165.05,165.1,164.995,165.1,4185
2021-11-22,165.12,165.21,165.115,165.13,4572
2021-11-22,165.115,165.17,165.035,165.14,5301
2021-11-22,165.16,165.17,164.985,165.14,11170
2021-11-22,165.16,165.32,165.075,165.075,5737
2021-11-22,165.085,165.17,164.89,164.925,11217
2021-11-22,164.84,164.895,164.75,164.775,21316
2021-11-22,164.765,164.775,164.68,164.68,4919
2021-11-22,164.695,164.82,164.64,164.765,3814
2021-11-22,164.7,164.71,164.525,164.54,5721
2021-11-22,164.57,164.7,164.57,164.7,2369
2021-11-22,164.72,164.75,164.655,164.67,5227
2021-11-22,164.69,164.69,164.38,164.385,7939
2021-11-22,164.4,164.44,164.265,164.265,8543
2021-11-22,164.265,164.35,164.055,164.055,16294
2021-11-22,164.05,164.1,163.995,164.1,12320
2021-11-22,164.06,164.17,163.98,164.12,9161
2021-11-22,164.115,164.29,164.085,164.245,14310
2021-11-22,164.21,164.275,164.045,164.105,20630
2021-11-22,164.08,164.26,164.07,164.26,6334
2021-11-22,164.28,164.31,164.17,164.17,6916
2021-11-22,164.155,164.22,164.105,164.22,7710
2021-11-22,164.195,164.3,164.195,164.3,2610
2021-11-22,164.31,164.5,164.295,164.5,2180
2021-11-22,164.475,164.48,164.38,164.39,4321
2021-11-22,164.43,164.55,164.43,164.53,8791
2021-11-22,164.52,164.54,164.455,164.52,7564
2021-11-22,164.54,164.65,164.515,164.6,3402
2021-11-22,164.58,164.67,164.55,164.645,4018
2021-11-22,164.65,164.81,164.65,164.81,1879
2021-11-22,164.71,164.75,164.66,164.67,4914
2021-11-22,164.65,164.665,164.45,164.485,8862
2021-11-22,164.455,164.51,164.455,164.505,4685
2021-11-22,164.475,164.585,164.475,164.57,17720
2021-11-22,164.55,164.55,164.39,164.39,4293
2021-11-22,164.38,164.48,164.38,164.435,13786
2021-11-22,164.435,164.55,164.435,164.51,6308
2021-11-22,164.43,164.495,164.37,164.475,10070
2021-11-22,164.46,164.495,164.415,164.435,3248
2021-11-22,164.495,164.59,164.46,164.57,3993
2021-11-22,164.54,164.61,164.42,164.61,9965
2021-11-22,164.64,164.745,164.64,164.715,5241
2021-11-22,164.7,164.86,164.7,164.86,924
2021-11-22,164.855,164.855,164.825,164.84,4493
2021-11-22,164.855,165.03,164.855,165.03,1910
2021-11-22,165.01,165.01,164.79,164.865,3818
2021-11-22,164.855,164.855,164.7,164.705,4107
2021-11-22,164.66,164.83,164.645,164.83,1631
2021-11-22,164.81,164.89,164.795,164.795,1706
2021-11-22,164.82,164.91,164.755,164.91,2341
2021-11-22,164.975,165.01,164.89,164.89,2521
2021-11-22,164.89,164.94,164.81,164.81,4397
2021-11-22,164.79,164.85,164.76,164.81,10532
2021-11-22,164.865,164.985,164.81,164.985,34460
2021-11-22,164.985,165.215,164.985,165.215,22735
2021-11-22,165.185,165.185,165.055,165.07,11729
2021-11-22,165.09,165.09,164.92,164.99,6261
2021-11-22,164.99,165.05,164.84,164.84,13664
2021-11-22,164.925,164.925,164.67,164.67,7730
2021-11-22,164.675,164.71,164.575,164.575,2584
2021-11-22,164.53,164.53,164.37,164.5,5797
2021-11-22,164.51,164.52,164.26,164.265,5253
2021-11-22,164.245,164.245,164.06,164.06,3680
2021-11-22,164.03,164.1,163.61,163.62,10334
2021-11-22,163.625,163.76,163.57,163.64,25098
2021-11-22,163.66,163.66,163.315,163.315,11992
2021-11-22,163.25,163.42,163.175,163.35,13154
2021-11-22,163.375,163.375,163.09,163.25,8179
2021-11-22,163.19,163.565,163.18,163.54,24429
2021-11-22,163.515,163.8,163.5,163.8,12310
2021-11-22,163.755,163.84,163.54,163.54,19402
2021-11-22,163.54,163.57,163.425,163.425,5227
2021-11-22,163.435,163.55,163.43,163.55,7740
2021-11-22,163.62,163.825,163.59,163.77,6918
2021-11-22,163.69,163.69,163.51,163.555,7705
2021-11-22,163.58,163.68,163.58,163.63,3786
2021-11-22,163.655,163.73,163.6,163.73,18740
2021-11-22,163.72,163.73,163.61,163.67,5934
2021-11-22,163.69,163.76,163.535,163.605,10574
2021-11-22,163.55,163.85,163.55,163.84,13897
2021-11-22,163.825,163.92,163.75,163.86,12555
2021-11-22,163.77,163.77,163.65,163.71,4585
2021-11-22,163.67,163.76,163.635,163.635,2596
2021-11-22,163.55,163.675,163.55,163.615,15025
2021-11-22,163.61,163.85,163.605,163.82,5038
2021-11-22,163.79,163.79,163.37,163.43,5411
2021-11-22,163.47,163.49,163.31,163.31,12880
2021-11-22,163.35,163.39,163.06,163.06,7549
2021-11-22,163.05,163.28,163.05,163.28,14481
2021-11-22,163.29,163.35,163.195,163.235,1562
2021-11-22,163.23,163.345,163.23,163.31,1840
2021-11-22,163.26,163.275,163.19,163.2,5218
2021-11-22,163.215,163.285,163.21,163.285,2421
2021-11-22,163.28,163.28,163.11,163.11,4916
2021-11-22,163.19,163.31,163.135,163.31,1041
2021-11-22,163.27,163.31,163.23,163.235,2116
2021-11-22,163.245,163.385,163.24,163.385,1228
2021-11-22,163.37,163.45,163.36,163.36,4193
2021-11-22,163.24,163.355,163.24,163.345,1452
2021-11-22,163.35,163.57,163.33,163.57,4988
2021-11-22,163.555,163.6,163.51,163.51,2486
2021-11-22,163.565,163.62,163.535,163.59,18498
2021-11-22,163.585,163.6,163.44,163.505,5699
2021-11-22,163.53,163.71,163.53,163.645,2123
2021-11-22,163.61,163.645,163.535,163.55,3431
2021-11-22,163.58,163.77,163.58,163.76,1879
2021-11-22,163.765,163.95,163.76,163.9,4599
2021-11-22,163.935,163.935,163.85,163.86,3436
2021-11-22,163.85,164.02,163.8,164.02,7809
2021-11-22,164.07,164.08,163.905,163.94,4992
2021-11-22,164,164.14,164,164.14,1570
2021-11-22,164.15,164.15,164.1,164.12,3315
2021-11-22,164.125,164.125,163.99,163.995,11952
2021-11-22,164.01,164.19,164,164.17,4040
2021-11-22,164.21,164.21,164,164.095,6607
2021-11-22,164.095,164.17,164.095,164.17,1971
2021-11-22,164.16,164.24,164.14,164.24,2887
2021-11-22,164.235,164.265,164.18,164.18,2675
2021-11-22,164.205,164.33,164.205,164.31,2120
2021-11-22,164.315,164.315,164.12,164.19,5420
2021-11-22,164.19,164.19,164,164,1513
2021-11-22,164.105,164.105,163.975,163.975,2343
2021-11-22,163.97,164.035,163.97,164.02,2200
2021-11-22,164.02,164.02,163.845,163.865,5423
2021-11-22,163.89,163.975,163.89,163.955,10478
2021-11-22,163.95,164.04,163.9,164.04,6702
2021-11-22,164.02,164.13,164.02,164.09,4111
2021-11-22,164.06,164.06,163.82,163.83,4536
2021-11-22,163.88,163.96,163.88,163.95,1969
2021-11-22,163.94,163.96,163.75,163.75,4207
2021-11-22,163.83,163.83,163.71,163.775,3017
2021-11-22,163.735,163.79,163.68,163.79,1143
2021-11-22,163.79,163.81,163.78,163.81,1266
2021-11-22,163.8,163.81,163.72,163.72,2297
2021-11-22,163.715,163.84,163.715,163.82,1521
2021-11-22,163.78,163.895,163.78,163.87,2093
2021-11-22,163.895,163.895,163.815,163.815,2258
2021-11-22,163.85,163.86,163.71,163.71,1398
2021-11-22,163.68,163.7,163.58,163.585,3312
2021-11-22,163.58,163.785,163.565,163.74,2755
2021-11-22,163.685,163.685,163.595,163.61,1480
2021-11-22,163.62,163.62,163.52,163.55,1679
2021-11-22,163.65,163.66,163.625,163.64,1573
2021-11-22,163.59,163.61,163.55,163.575,1647
2021-11-22,163.66,163.72,163.66,163.68,1252
2021-11-22,163.67,163.67,163.63,163.645,1427
2021-11-22,163.62,163.66,163.62,163.64,1299
2021-11-22,163.645,163.74,163.64,163.71,3032
2021-11-22,163.72,163.795,163.72,163.785,2235
2021-11-22,163.755,163.77,163.725,163.735,4222
2021-11-22,163.77,163.79,163.765,163.79,952
2021-11-22,163.795,163.795,163.735,163.735,10300
2021-11-22,163.745,163.8,163.745,163.8,2979
2021-11-22,163.775,163.79,163.735,163.735,1185
2021-11-22,163.715,163.715,163.5,163.525,2336
2021-11-22,163.52,163.52,163.455,163.475,2614
2021-11-22,163.465,163.52,163.46,163.47,4475
2021-11-22,163.465,163.465,163.37,163.37,1209
2021-11-22,163.405,163.405,163.36,163.375,995
2021-11-22,163.38,163.41,163.35,163.39,2346
2021-11-22,163.43,163.445,163.4,163.4,1382
2021-11-22,163.435,163.58,163.435,163.58,888
2021-11-22,163.6,163.66,163.6,163.64,2301
2021-11-22,163.605,163.605,163.51,163.51,540
2021-11-22,163.515,163.52,163.5,163.5,831
2021-11-22,163.53,163.53,163.52,163.52,698
2021-11-22,163.65,163.72,163.64,163.69,1928
2021-11-22,163.685,163.685,163.65,163.66,2099
2021-11-22,163.62,163.62,163.47,163.47,1679
2021-11-22,163.48,163.48,163.36,163.36,868
2021-11-22,163.4,163.435,163.4,163.435,1434
2021-11-22,163.49,163.54,163.49,163.52,967
2021-11-22,163.58,163.61,163.57,163.59,921
2021-11-22,163.62,163.62,163.58,163.58,509
2021-11-22,163.52,163.625,163.52,163.61,1462
2021-11-22,163.605,163.635,163.605,163.63,1576
2021-11-22,163.69,163.69,163.685,163.69,628
2021-11-22,163.74,163.74,163.685,163.72,2614
2021-11-22,163.74,163.76,163.66,163.66,2033
2021-11-22,163.66,163.73,163.66,163.725,605
2021-11-22,163.75,163.75,163.68,163.745,1900
2021-11-22,163.725,163.74,163.72,163.74,1751
2021-11-22,163.77,163.825,163.77,163.825,1932
2021-11-22,163.78,163.8,163.75,163.76,1949
2021-11-22,163.69,163.78,163.68,163.78,2471
2021-11-22,163.8,163.81,163.78,163.81,1361
2021-11-22,163.785,163.8,163.71,163.79,2321
2021-11-22,163.76,163.76,163.675,163.72,1716
2021-11-22,163.68,163.695,163.665,163.67,598
2021-11-22,163.69,163.69,163.62,163.675,7840
2021-11-22,163.7,163.76,163.7,163.76,1721
2021-11-22,163.78,163.91,163.78,163.91,3152
2021-11-22,163.885,163.895,163.85,163.895,1122
2021-11-22,163.9,163.91,163.88,163.9,5711
2021-11-22,163.995,164.12,163.995,164.11,5525
2021-11-22,164.115,164.115,164.04,164.04,3756
2021-11-22,164.075,164.09,164.07,164.07,2163
2021-11-22,164.08,164.085,164.005,164.005,4229
2021-11-22,164,164.02,163.975,164.01,2669
2021-11-22,164.005,164.01,163.98,163.985,2867
2021-11-22,164.07,164.145,164.07,164.13,3674
2021-11-22,164.14,164.215,164.13,164.175,7058
2021-11-22,164.185,164.23,164.17,164.23,2099
2021-11-22,164.2,164.225,164.19,164.225,1200
2021-11-22,164.19,164.26,164.19,164.22,962
2021-11-22,164.21,164.235,164.21,164.23,862
2021-11-22,164.23,164.23,164.145,164.15,807
2021-11-22,164.145,164.17,164.105,164.13,2518
2021-11-22,164.13,164.155,164.115,164.115,2920
2021-11-22,164.115,164.115,164.035,164.035,7830
2021-11-22,164.01,164.01,163.89,163.99,4737
2021-11-22,164.035,164.11,164.035,164.11,1162
2021-11-22,164.105,164.195,164.105,164.16,4986
2021-11-22,164.16,164.16,164.11,164.125,4267
2021-11-22,164.07,164.07,164.015,164.05,4510
2021-11-22,164.055,164.095,164.025,164.025,6390
2021-11-22,164.025,164.025,163.95,163.96,2321
2021-11-22,163.985,163.985,163.945,163.945,1358
2021-11-22,163.975,163.99,163.975,163.99,707
2021-11-22,164.01,164.04,163.99,164.04,1845
2021-11-22,164.16,164.185,164.145,164.145,2382
2021-11-22,164.135,164.185,164.13,164.17,2662
2021-11-22,164.175,164.18,164.125,164.125,3225
2021-11-22,164.125,164.125,164.015,164.02,4943
2021-11-22,164.04,164.135,164.04,164.135,3376
2021-11-22,164.135,164.135,164.05,164.105,11718
2021-11-22,164.115,164.115,164.025,164.025,17748
2021-11-22,164.025,164.085,164.02,164.065,5547
2021-11-22,164.075,164.08,164.025,164.055,11914
2021-11-22,164.045,164.055,164.035,164.035,1314
2021-11-22,164.04,164.125,164.04,164.115,3347
2021-11-22,164.125,164.125,164.065,164.065,5514
2021-11-22,164.045,164.05,164.045,164.05,1014
2021-11-22,164.09,164.11,164.035,164.04,3840
2021-11-22,164.035,164.04,163.96,163.97,4090
2021-11-22,163.935,163.975,163.935,163.96,6827
2021-11-22,163.915,163.915,163.83,163.865,1210
2021-11-22,163.895,163.92,163.84,163.84,1888
2021-11-22,163.805,163.835,163.775,163.83,2078
2021-11-22,163.85,163.9,163.85,163.865,2869
2021-11-22,163.91,163.91,163.895,163.895,1003
2021-11-22,163.915,163.925,163.905,163.91,3576
2021-11-22,163.915,163.915,163.915,163.915,267
2021-11-22,163.91,163.91,163.875,163.885,849
2021-11-22,163.89,163.97,163.89,163.91,1237
2021-11-22,163.83,163.83,163.72,163.755,798
2021-11-22,163.79,163.835,163.79,163.81,1038
2021-11-22,163.795,163.795,163.765,163.765,1232
2021-11-22,163.83,163.83,163.7,163.8,2483
2021-11-22,163.8,163.8,163.725,163.74,2438
2021-11-22,163.75,163.83,163.75,163.83,608
2021-11-22,163.84,163.895,163.82,163.895,1234
2021-11-22,163.89,163.99,163.89,163.935,1859
2021-11-22,163.92,163.93,163.855,163.855,3598
2021-11-22,163.86,163.87,163.78,163.78,1168
2021-11-22,163.8,163.8,163.795,163.795,711
2021-11-22,163.8,163.865,163.8,163.855,1225
2021-11-22,163.875,163.875,163.83,163.85,2289
2021-11-22,163.84,163.86,163.83,163.86,1432
2021-11-22,163.86,163.86,163.745,163.745,1809
2021-11-22,163.75,163.84,163.74,163.84,3934
2021-11-22,163.86,163.9,163.85,163.85,2814
2021-11-22,163.84,163.84,163.675,163.7,3705
2021-11-22,163.72,163.725,163.64,163.655,3374
2021-11-22,163.655,163.73,163.655,163.725,2631
2021-11-22,163.75,163.78,163.7,163.7,1358
2021-11-22,163.7,163.72,163.65,163.655,3008
2021-11-22,163.68,163.715,163.655,163.705,620
2021-11-22,163.705,163.705,163.655,163.655,15931
2021-11-22,163.7,163.775,163.7,163.745,3649
2021-11-22,163.765,163.775,163.745,163.775,1466
2021-11-22,163.805,163.82,163.76,163.82,2120
2021-11-22,163.84,163.845,163.81,163.81,5892
2021-11-22,163.78,163.78,163.64,163.66,3457
2021-11-22,163.67,163.68,163.66,163.675,1104
2021-11-22,163.68,163.68,163.625,163.625,1736
2021-11-22,163.615,163.62,163.54,163.55,8799
2021-11-22,163.59,163.59,163.49,163.52,7045
2021-11-22,163.535,163.59,163.535,163.585,2339
2021-11-22,163.55,163.55,163.365,163.365,12210
2021-11-22,163.41,163.43,163.32,163.35,5624
2021-11-22,163.34,163.4,163.33,163.385,7864
2021-11-22,163.365,163.375,163.31,163.31,2569
2021-11-22,163.29,163.3,163.265,163.275,3519
2021-11-22,163.26,163.375,163.23,163.375,4238
2021-11-22,163.36,163.36,163.165,163.165,2572
2021-11-22,163.15,163.185,163.13,163.185,2196
2021-11-22,163.145,163.145,163.03,163.05,12429
2021-11-22,163.03,163.06,162.92,162.93,14009
2021-11-22,162.915,162.96,162.915,162.96,1723
2021-11-22,162.95,162.95,162.77,162.77,2544
2021-11-22,162.74,162.84,162.73,162.8,3805
2021-11-22,162.72,162.75,162.69,162.73,2547
2021-11-22,162.775,162.8,162.56,162.575,3280
2021-11-22,162.595,162.67,162.535,162.605,10907
2021-11-22,162.595,162.7,162.575,162.675,9509
2021-11-22,162.665,162.73,162.605,162.615,12600
2021-11-22,162.615,162.655,162.34,162.385,8204
2021-11-22,162.355,162.355,162.2,162.27,10476
2021-11-22,162.19,162.19,161.865,161.95,8046
2021-11-22,161.935,161.945,161.825,161.945,8464
2021-11-22,161.92,162.01,161.87,161.9,10752
2021-11-22,161.885,161.915,161.675,161.71,10656
2021-11-22,161.685,161.735,161.08,161.13,7759
2021-11-22,161.06,161.39,161.03,161.325,12600
2021-11-22,161.24,161.24,161.06,161.18,10757
2021-11-22,161.205,161.35,161.2,161.34,10694
2021-11-22,161.29,161.4,161.16,161.2,19647
2021-11-22,161.17,161.18,161,161.13,15314
2021-11-22,160.61,160.88,160.61,160.88,410
2021-11-22,160.91,160.91,160.91,160.91,105
2021-11-22,160.91,161.01,160.91,161.01,253
2021-11-22,161.03,161.11,161.03,161.11,300
2021-11-22,161.07,161.07,161.07,161.07,100
2021-11-22,161.19,161.19,161.19,161.19,101
2021-11-23,161.4,161.4,161.4,161.4,1270
2021-11-23,161.05,161.05,161.05,161.05,100
2021-11-23,161.1,161.53,160.88,161.43,15281
2021-11-23,161.47,161.765,161.24,161.24,9419
2021-11-23,161.17,161.17,160.42,160.44,5984
2021-11-23,160.45,160.65,159.825,159.825,7150
2021-11-23,159.7,160.1,159.7,159.72,6050
2021-11-23,159.86,160.04,159.82,159.82,4280
2021-11-23,159.79,160.39,159.77,160.39,3388
2021-11-23,160.68,160.68,160.09,160.15,4945
2021-11-23,160.21,160.44,160.21,160.38,4661
2021-11-23,160.38,160.71,160.38,160.48,3114
2021-11-23,160.435,160.435,160.03,160.2,2863
2021-11-23,160.145,160.35,160.145,160.31,2317
2021-11-23,160.305,160.74,160.305,160.605,5560
2021-11-23,160.51,160.52,160.375,160.4,3133
2021-11-23,160.44,160.46,160.185,160.185,6022
2021-11-23,160.195,160.305,160.185,160.27,4124
2021-11-23,160.44,160.44,160.18,160.25,3474
2021-11-23,160.28,160.36,160.265,160.335,1465
2021-11-23,160.405,160.74,160.405,160.74,3962
2021-11-23,160.745,160.76,160.59,160.59,2939
2021-11-23,160.63,160.66,160.465,160.55,6396
2021-11-23,160.575,160.835,160.575,160.725,3102
2021-11-23,160.855,160.91,160.78,160.78,6959
2021-11-23,160.815,160.945,160.8,160.93,4724
2021-11-23,160.95,160.965,160.735,160.81,7364
2021-11-23,160.7,160.74,160.285,160.345,3338
2021-11-23,160.32,160.47,160.29,160.44,1728
2021-11-23,160.48,160.5,160.425,160.5,3974
2021-11-23,160.46,160.49,160.385,160.47,4052
2021-11-23,160.53,160.74,160.5,160.735,4948
2021-11-23,160.735,160.85,160.395,160.395,17891
2021-11-23,160.42,160.46,160.295,160.455,11897
2021-11-23,160.455,160.815,160.455,160.7,2989
2021-11-23,160.58,160.605,160.53,160.56,1064
2021-11-23,160.54,160.55,160.33,160.4,4084
2021-11-23,160.435,160.49,160.385,160.395,7035
2021-11-23,160.375,160.375,159.845,159.855,7020
2021-11-23,159.88,160.1,159.88,159.97,3917
2021-11-23,159.95,159.96,159.54,159.54,3107
2021-11-23,159.465,159.49,159.08,159.31,5233
2021-11-23,159.315,159.765,159.315,159.765,6884
2021-11-23,159.765,159.85,159.6,159.6,20986
2021-11-23,159.62,159.75,159.51,159.595,5563
2021-11-23,159.595,159.685,159.4,159.45,5958
2021-11-23,159.54,159.57,159.425,159.46,7572
2021-11-23,159.68,159.83,159.615,159.615,2073
2021-11-23,159.645,159.77,159.645,159.77,2493
2021-11-23,159.77,159.77,159.55,159.59,3453
2021-11-23,159.575,159.665,159.45,159.48,1934
2021-11-23,159.55,159.55,159.46,159.47,2314
2021-11-23,159.49,159.49,159.34,159.4,4132
2021-11-23,159.35,159.47,159.33,159.42,7176
2021-11-23,159.44,159.7,159.39,159.7,8889
2021-11-23,159.695,159.84,159.695,159.84,2863
2021-11-23,159.84,159.88,159.73,159.75,2228
2021-11-23,159.82,159.9,159.73,159.895,3425
2021-11-23,159.85,159.85,159.57,159.6,2525
2021-11-23,159.65,159.76,159.54,159.76,1576
2021-11-23,159.72,159.72,159.48,159.49,1400
2021-11-23,159.51,159.685,159.51,159.685,1961
2021-11-23,159.59,159.85,159.545,159.85,4151
2021-11-23,159.87,159.89,159.825,159.855,1264
2021-11-23,160.02,160.02,159.85,159.925,3036
2021-11-23,159.935,160,159.9,159.99,4494
2021-11-23,160.165,160.165,160.05,160.105,2115
2021-11-23,160.02,160.16,160.02,160.145,1876
2021-11-23,160.1,160.225,160.06,160.06,4500
2021-11-23,160.15,160.17,160.065,160.085,2262
2021-11-23,160.16,160.21,160.08,160.1,2194
2021-11-23,160.09,160.255,160.085,160.185,6966
2021-11-23,160.2,160.2,159.94,160.015,2996
2021-11-23,160.07,160.07,159.9,159.91,4080
2021-11-23,159.91,160.025,159.9,160.005,1390
2021-11-23,160.045,160.05,159.89,159.89,3740
2021-11-23,159.94,160.13,159.94,160.1,1876
2021-11-23,160.075,160.47,160.075,160.32,6396
2021-11-23,160.31,160.49,160.31,160.49,2611
2021-11-23,160.57,160.57,160.45,160.45,2054
2021-11-23,160.425,160.425,160.32,160.32,2623
2021-11-23,160.35,160.375,160.32,160.35,3510
2021-11-23,160.315,160.39,160.315,160.335,1810
2021-11-23,160.37,160.385,160.18,160.235,1839
2021-11-23,160.28,160.3,160.1,160.1,4062
2021-11-23,160.08,160.16,160.08,160.11,2058
2021-11-23,160.185,160.185,159.915,159.98,3248
2021-11-23,159.94,159.94,159.82,159.87,2167
2021-11-23,159.76,159.965,159.68,159.835,3684
2021-11-23,159.895,159.97,159.86,159.97,2221
2021-11-23,159.91,160.01,159.89,159.89,3112
2021-11-23,159.89,159.97,159.85,159.915,3966
2021-11-23,159.91,160.14,159.91,160.12,1358
2021-11-23,159.95,160,159.89,159.91,1883
2021-11-23,159.945,159.945,159.775,159.8,3164
2021-11-23,159.74,159.91,159.74,159.89,4375
2021-11-23,159.97,160.25,159.97,160.25,1921
2021-11-23,160.205,160.345,160.15,160.34,4803
2021-11-23,160.35,160.35,160.055,160.055,5485
2021-11-23,160.08,160.11,159.795,159.845,2182
2021-11-23,159.845,159.98,159.825,159.925,3150
2021-11-23,159.865,159.98,159.79,159.98,2679
2021-11-23,159.97,160.09,159.97,160.06,2558
2021-11-23,160.07,160.14,160.03,160.14,4865
2021-11-23,160.145,160.145,159.925,160.01,8039
2021-11-23,160,160.15,160,160.15,3367
2021-11-23,160.1,160.27,160.1,160.26,5341
2021-11-23,160.24,160.34,160.21,160.29,5950
2021-11-23,160.27,160.435,160.255,160.38,3863
2021-11-23,160.36,160.385,160.205,160.245,4245
2021-11-23,160.23,160.235,160.1,160.12,2934
2021-11-23,160.04,160.04,159.94,159.94,1589
2021-11-23,159.945,159.98,159.855,159.98,1842
2021-11-23,159.94,159.94,159.94,159.94,375
2021-11-23,159.905,159.995,159.905,159.995,1986
2021-11-23,159.98,160.095,159.98,160.015,1237
2021-11-23,160.045,160.11,159.99,160.095,1854
2021-11-23,160.11,160.26,160.11,160.195,1398
2021-11-23,160.185,160.36,160.185,160.35,7260
2021-11-23,160.37,160.46,160.37,160.43,1981
2021-11-23,160.35,160.39,160.275,160.38,2083
2021-11-23,160.375,160.41,160.25,160.28,1775
2021-11-23,160.27,160.27,160.13,160.195,1082
2021-11-23,160.28,160.39,160.07,160.08,9609
2021-11-23,160.07,160.11,159.88,159.88,3713
2021-11-23,159.875,159.88,159.75,159.775,3009
2021-11-23,159.815,159.82,159.66,159.66,4382
2021-11-23,159.72,159.75,159.47,159.47,1835
2021-11-23,159.48,159.58,159.47,159.575,1424
2021-11-23,159.61,159.64,159.585,159.585,1720
2021-11-23,159.56,159.75,159.56,159.75,1492
2021-11-23,159.77,159.77,159.49,159.63,2671
2021-11-23,159.515,159.52,159.47,159.47,692
2021-11-23,159.62,159.62,159.46,159.46,1484
2021-11-23,159.525,159.57,159.49,159.57,831
2021-11-23,159.605,159.605,159.57,159.575,777
2021-11-23,159.47,159.47,159.32,159.32,3033
2021-11-23,159.355,159.475,159.235,159.475,5048
2021-11-23,159.52,159.6,159.51,159.51,1700
2021-11-23,159.64,159.85,159.64,159.85,1603
2021-11-23,159.76,159.76,159.69,159.69,689
2021-11-23,159.86,159.86,159.84,159.84,1052
2021-11-23,159.975,160.01,159.97,160.01,1031
2021-11-23,159.925,159.925,159.85,159.85,2790
2021-11-23,159.885,160.03,159.87,160.03,1622
2021-11-23,159.99,160.02,159.94,159.94,2142
2021-11-23,159.97,160.02,159.93,159.93,2992
2021-11-23,160,160.06,159.97,159.97,1746
2021-11-23,159.94,160.06,159.925,160.02,2205
2021-11-23,160.025,160.16,160.025,160.075,3722
2021-11-23,160.01,160.03,159.96,159.97,1300
2021-11-23,159.93,159.93,159.84,159.84,650
2021-11-23,159.8,159.83,159.735,159.81,1656
2021-11-23,159.74,159.74,159.675,159.675,707
2021-11-23,159.64,159.64,159.46,159.49,3137
2021-11-23,159.47,159.71,159.47,159.68,5864
2021-11-23,159.615,159.615,159.53,159.58,1697
2021-11-23,159.53,159.59,159.53,159.53,2026
2021-11-23,159.57,159.57,159.54,159.54,709
2021-11-23,159.63,159.75,159.63,159.73,763
2021-11-23,159.73,159.73,159.65,159.685,1267
2021-11-23,159.69,159.735,159.645,159.655,2435
2021-11-23,159.67,159.89,159.67,159.83,2008
2021-11-23,159.74,159.83,159.74,159.83,947
2021-11-23,159.73,159.74,159.635,159.635,1284
2021-11-23,159.645,159.645,159.545,159.545,499
2021-11-23,159.585,159.585,159.475,159.495,946
2021-11-23,159.475,159.61,159.475,159.53,1019
2021-11-23,159.69,159.81,159.68,159.81,1063
2021-11-23,159.785,159.785,159.74,159.75,715
2021-11-23,159.87,159.93,159.85,159.87,1517
2021-11-23,159.86,159.99,159.86,159.96,3671
2021-11-23,159.98,160,159.93,160,5669
2021-11-23,159.985,160.015,159.965,159.97,4977
2021-11-23,159.98,160.045,159.97,160.02,2603
2021-11-23,160.025,160.1,160.025,160.1,2938
2021-11-23,160.115,160.2,160.115,160.19,1841
2021-11-23,160.13,160.195,160.12,160.195,2486
2021-11-23,160.17,160.17,160.08,160.08,645
2021-11-23,160.21,160.21,160.125,160.16,703
2021-11-23,160.2,160.27,160.2,160.215,1004
2021-11-23,160.22,160.465,160.22,160.385,2955
2021-11-23,160.465,160.55,160.46,160.5,2473
2021-11-23,160.575,160.6,160.405,160.405,3238
2021-11-23,160.4,160.4,160.275,160.275,1784
2021-11-23,160.255,160.255,160.19,160.205,1363
2021-11-23,160.28,160.31,160.28,160.295,1331
2021-11-23,160.28,160.365,160.28,160.315,1930
2021-11-23,160.31,160.37,160.285,160.285,4339
2021-11-23,160.205,160.275,160.165,160.275,1055
2021-11-23,160.3,160.3,160.24,160.24,1617
2021-11-23,160.24,160.35,160.24,160.33,1613
2021-11-23,160.325,160.325,160.27,160.27,2307
2021-11-23,160.27,160.27,160.25,160.25,621
2021-11-23,160.16,160.16,160.025,160.055,1098
2021-11-23,160.02,160.02,159.935,159.99,918
2021-11-23,160.01,160.01,159.86,159.86,725
2021-11-23,159.94,159.99,159.94,159.97,1096
2021-11-23,159.985,160.07,159.985,160.03,985
2021-11-23,160.055,160.125,160.055,160.09,1205
2021-11-23,160.09,160.09,160.05,160.09,853
2021-11-23,160.075,160.09,160.04,160.09,1105
2021-11-23,160.08,160.19,160.075,160.18,1561
2021-11-23,160.19,160.19,160.13,160.15,621
2021-11-23,160.18,160.21,160.17,160.17,514
2021-11-23,160.09,160.145,159.975,159.975,2220
2021-11-23,159.965,159.995,159.945,159.99,3390
2021-11-23,160.1,160.1,159.955,159.97,1184
2021-11-23,159.95,159.955,159.88,159.88,6133
2021-11-23,159.835,159.84,159.835,159.84,323
2021-11-23,159.83,159.83,159.75,159.79,1754
2021-11-23,159.68,159.83,159.68,159.83,1246
2021-11-23,159.785,159.83,159.785,159.83,447
2021-11-23,159.9,160.1,159.9,159.99,1486
2021-11-23,159.975,160.01,159.97,159.975,1168
2021-11-23,159.97,159.97,159.92,159.945,1045
2021-11-23,159.915,159.95,159.875,159.95,723
2021-11-23,159.915,160.01,159.9,159.9,1183
2021-11-23,159.78,159.8,159.78,159.8,2215
2021-11-23,159.87,159.87,159.87,159.87,456
2021-11-23,159.79,159.82,159.79,159.82,613
2021-11-23,159.72,159.75,159.64,159.75,1501
2021-11-23,159.8,159.82,159.67,159.73,2156
2021-11-23,159.72,159.72,159.65,159.7,1403
2021-11-23,159.67,159.77,159.625,159.77,2499
2021-11-23,159.73,159.785,159.73,159.76,854
2021-11-23,159.81,159.82,159.7,159.79,1751
2021-11-23,159.77,159.775,159.71,159.775,566
2021-11-23,159.77,159.77,159.605,159.605,1321
2021-11-23,159.61,159.61,159.59,159.59,444
2021-11-23,159.595,159.595,159.46,159.495,1778
2021-11-23,159.585,159.635,159.585,159.6,1006
2021-11-23,159.62,159.62,159.51,159.51,1104
2021-11-23,159.52,159.61,159.52,159.59,2636
2021-11-23,159.61,159.64,159.58,159.62,1508
2021-11-23,159.605,159.64,159.52,159.52,1330
2021-11-23,159.52,159.52,159.39,159.46,2152
2021-11-23,159.48,159.64,159.48,159.64,1989
2021-11-23,159.5,159.5,159.5,159.5,209
2021-11-23,159.37,159.395,159.36,159.36,1760
2021-11-23,159.35,159.35,159.35,159.35,191
2021-11-23,159.25,159.25,159.14,159.23,1704
2021-11-23,159.24,159.28,159.2,159.21,1911
2021-11-23,159.215,159.235,159.19,159.22,857
2021-11-23,159.29,159.355,159.29,159.33,1602
2021-11-23,159.17,159.245,159.08,159.245,1259
2021-11-23,159.26,159.29,159.26,159.29,802
2021-11-23,159.265,159.34,159.265,159.335,1504
2021-11-23,159.325,159.39,159.325,159.39,416
2021-11-23,159.45,159.45,159.35,159.37,1839
2021-11-23,159.35,159.35,159.27,159.325,3104
2021-11-23,159.265,159.31,159.255,159.26,1048
2021-11-23,159.21,159.21,159.19,159.19,561
2021-11-23,159.23,159.275,159.23,159.275,312
2021-11-23,159.26,159.26,159.26,159.26,233
2021-11-23,159.255,159.255,159.255,159.255,3394
2021-11-23,159.39,159.395,159.38,159.39,988
2021-11-23,159.53,159.55,159.51,159.51,1314
2021-11-23,159.49,159.65,159.49,159.65,2111
2021-11-23,159.58,159.58,159.505,159.55,1811
2021-11-23,159.6,159.66,159.6,159.65,1309
2021-11-23,159.65,159.69,159.59,159.69,1316
2021-11-23,159.71,159.765,159.71,159.74,1906
2021-11-23,159.7,159.8,159.675,159.8,1322
2021-11-23,159.84,159.97,159.815,159.97,2297
2021-11-23,160.02,160.075,160,160.06,2086
2021-11-23,160.03,160.03,159.88,159.97,4368
2021-11-23,160.04,160.05,159.94,159.94,1227
2021-11-23,159.97,160,159.895,160,2406
2021-11-23,160,160.08,160,160.045,3395
2021-11-23,159.995,160,159.965,160,1787
2021-11-23,159.99,160.15,159.99,160.09,3604
2021-11-23,160.07,160.085,159.98,159.98,2108
2021-11-23,160.02,160.12,160.02,160.03,2338
2021-11-23,160.035,160.1,160,160,2903
2021-11-23,159.99,160.005,159.95,159.985,3788
2021-11-23,160.005,160.14,159.98,160.12,8321
2021-11-23,160.02,160.02,159.915,159.915,620
2021-11-23,159.925,160.005,159.925,160.005,490
2021-11-23,159.98,160.015,159.97,159.97,1265
2021-11-23,159.96,160.06,159.95,160.06,1520
2021-11-23,160.03,160.05,159.98,160.01,2227
2021-11-23,159.98,160.03,159.98,160.03,1302
2021-11-23,160.06,160.215,160.06,160.2,3445
2021-11-23,160.2,160.2,160.12,160.12,2134
2021-11-23,160.07,160.07,159.96,159.96,1165
2021-11-23,159.975,159.975,159.875,159.875,1475
2021-11-23,159.92,159.92,159.86,159.875,1306
2021-11-23,160,160.005,159.92,159.92,1706
2021-11-23,159.91,159.91,159.875,159.88,924
2021-11-23,159.9,159.95,159.89,159.93,1000
2021-11-23,159.96,159.99,159.935,159.935,1435
2021-11-23,159.885,159.945,159.86,159.945,5600
2021-11-23,159.95,160.15,159.95,160.135,4828
2021-11-23,160.02,160.04,160.02,160.04,477
2021-11-23,160.015,160.13,160.015,160.13,1760
2021-11-23,160.06,160.16,160.06,160.16,1203
2021-11-23,160.11,160.11,160.03,160.06,1337
2021-11-23,160.05,160.08,160.05,160.075,1817
2021-11-23,160.02,160.08,160.02,160.045,1526
2021-11-23,160.15,160.165,160.13,160.165,911
2021-11-23,160.105,160.105,160.01,160.01,1846
2021-11-23,160.015,160.015,159.905,159.92,2769
2021-11-23,159.98,160,159.95,159.965,2100
2021-11-23,159.935,160.045,159.935,160.045,1546
2021-11-23,160.04,160.11,160.035,160.11,1574
2021-11-23,160.09,160.09,159.95,159.955,1808
2021-11-23,159.985,160.045,159.955,159.955,1256
2021-11-23,159.965,160.12,159.965,159.995,3211
2021-11-23,160,160,159.82,159.825,5510
2021-11-23,159.845,159.93,159.845,159.885,1787
2021-11-23,159.85,159.91,159.84,159.88,1457
2021-11-23,159.9,159.96,159.9,159.95,3180
2021-11-23,160,160.05,160,160.02,1029
2021-11-23,160.01,160.04,160.01,160.04,403
2021-11-23,160.025,160.08,159.97,160.05,2967
2021-11-23,160.12,160.25,160.12,160.25,2362
2021-11-23,160.295,160.46,160.295,160.45,2394
2021-11-23,160.41,160.48,160.36,160.47,1949
2021-11-23,160.485,160.52,160.41,160.48,4383
2021-11-23,160.465,160.465,160.27,160.38,1117
2021-11-23,160.365,160.43,160.365,160.415,1787
2021-11-23,160.43,160.45,160.4,160.45,1905
2021-11-23,160.47,160.535,160.47,160.535,1817
2021-11-23,160.57,160.76,160.54,160.735,3023
2021-11-23,160.685,160.84,160.685,160.815,1463
2021-11-23,160.82,160.82,160.755,160.76,1501
2021-11-23,160.76,160.76,160.6,160.625,3743
2021-11-23,160.65,160.745,160.65,160.715,979
2021-11-23,160.705,160.89,160.705,160.885,1709
2021-11-23,160.885,160.905,160.81,160.825,1429
2021-11-23,160.845,160.845,160.745,160.745,2267
2021-11-23,160.71,160.75,160.645,160.645,2685
2021-11-23,160.57,160.585,160.555,160.575,1236
2021-11-23,160.64,160.755,160.64,160.71,2070
2021-11-23,160.76,160.885,160.76,160.855,2521
2021-11-23,160.84,160.97,160.84,160.97,1508
2021-11-23,160.955,160.955,160.875,160.89,1092
2021-11-23,161,161,160.945,160.98,3410
2021-11-23,161.02,161.02,160.86,160.98,4962
2021-11-23,160.91,160.935,160.84,160.935,3548
2021-11-23,160.955,161.03,160.915,160.965,2206
2021-11-23,160.95,161.055,160.945,161.055,1622
2021-11-23,161.065,161.08,160.9,160.96,3363
2021-11-23,160.97,160.995,160.92,160.995,2252
2021-11-23,161.09,161.09,160.96,160.96,1533
2021-11-23,160.895,160.915,160.83,160.83,2840
2021-11-23,160.865,160.945,160.865,160.94,423
2021-11-23,160.96,160.98,160.89,160.89,1110
2021-11-23,160.9,160.9,160.765,160.78,1576
2021-11-23,160.83,160.855,160.675,160.695,3328
2021-11-23,160.775,160.81,160.765,160.79,2561
2021-11-23,160.865,160.865,160.81,160.84,1244
2021-11-23,160.75,160.78,160.69,160.76,2293
2021-11-23,160.79,160.87,160.79,160.815,501
2021-11-23,160.86,160.95,160.86,160.9,1797
2021-11-23,160.92,161.055,160.92,161.045,3158
2021-11-23,160.975,160.975,160.88,160.88,3069
2021-11-23,160.86,160.91,160.86,160.86,6730
2021-11-23,160.845,160.86,160.735,160.735,3853
2021-11-23,160.74,160.79,160.725,160.74,5973
2021-11-23,160.715,160.755,160.66,160.755,1545
2021-11-23,160.83,160.97,160.83,160.93,1542
2021-11-23,160.895,160.915,160.84,160.84,610
2021-11-23,160.89,160.895,160.785,160.815,2000
2021-11-23,160.875,160.905,160.715,160.715,2638
2021-11-23,160.77,160.905,160.77,160.88,4905
2021-11-23,160.945,160.945,160.91,160.945,904
2021-11-23,160.865,161.05,160.865,161.05,2656
2021-11-23,161.015,161.035,160.955,160.96,1821
2021-11-23,161.01,161.18,161.01,161.125,2757
2021-11-23,161.13,161.16,161.035,161.035,3571
2021-11-23,161.065,161.165,161.065,161.165,3593
2021-11-23,161.18,161.195,161.07,161.07,3071
2021-11-23,161.08,161.17,161.07,161.17,1422
2021-11-23,161.195,161.225,161.135,161.135,2745
2021-11-23,161.16,161.165,160.98,160.99,2171
2021-11-23,160.975,161.16,160.95,161.16,3505
2021-11-23,161.1,161.1,161.03,161.03,1354
2021-11-23,161.02,161.05,160.995,160.995,1213
2021-11-23,161.02,161.44,160.99,161.375,7116
2021-11-23,161.375,161.45,161.3,161.45,4938
2021-11-23,161.42,161.475,161.35,161.465,4103
2021-11-23,161.455,161.575,161.425,161.575,5112
2021-11-23,161.53,161.57,161.23,161.25,9666
2021-11-23,161.22,161.34,161.17,161.34,4085
2021-11-23,161.36,161.38,161.26,161.29,4089
2021-11-23,161.025,161.22,161.025,161.2189,1904.0
