Date,Open,High,Low,Close,Volume
2021-11-19,155.78,155.78,155.78,155.78,290
2021-11-19,156.16,156.17,156.16,156.17,278
2021-11-19,156.3,156.35,156.26,156.32,913
2021-11-19,156.41,156.54,156.41,156.45,1892
2021-11-19,156.48,156.48,156.32,156.4,1243
2021-11-19,156.38,156.38,156.32,156.325,1790
2021-11-19,156.42,156.42,156.34,156.4,651
2021-11-19,156.4,156.4,156.15,156.15,1523
2021-11-19,156.1,156.1,156.01,156.01,659
2021-11-19,156.06,156.21,156.06,156.21,414
2021-11-19,156.16,156.16,156.15,156.15,300
2021-11-19,156.15,156.15,156.1,156.1,540
2021-11-19,156.11,156.11,156.11,156.11,396
2021-11-19,156.03,156.05,156.02,156.03,1179
2021-11-19,156.025,156.025,155.94,155.94,772
2021-11-19,156.01,156.19,156.01,156.19,682
2021-11-19,156.23,156.28,156.14,156.15,1485
2021-11-19,156.15,156.15,155.97,156,1522
2021-11-19,156.01,156.05,156,156,486
2021-11-19,155.98,155.98,155.96,155.96,326
2021-11-19,155.97,155.97,155.91,155.91,617
2021-11-19,155.91,155.96,155.91,155.96,581
2021-11-19,156.07,156.12,156.07,156.12,500
2021-11-19,156.21,156.38,156.21,156.38,1189
2021-11-19,156.39,156.39,156.27,156.28,1949
2021-11-19,156.22,156.22,156.15,156.2,610
2021-11-19,155.93,155.93,155.93,155.93,609
2021-11-19,155.97,155.98,155.79,155.92,840
2021-11-19,155.91,155.91,155.91,155.91,268
2021-11-19,155.89,155.89,155.89,155.89,101
2021-11-19,155.98,156,155.98,155.98,400
2021-11-19,155.95,155.95,155.86,155.86,966
2021-11-19,155.76,155.76,155.7,155.73,1048
2021-11-19,155.75,155.76,155.73,155.75,2949
2021-11-19,155.76,155.76,155.76,155.76,173
2021-11-19,155.855,156,155.855,156,1173
2021-11-19,156.01,156.01,155.92,155.95,1701
2021-11-19,155.93,156.1,155.93,156.1,1020
2021-11-19,156.13,156.215,156.05,156.05,900
2021-11-19,156.05,156.11,156.05,156.1,316
2021-11-19,156.11,156.14,156.1,156.14,901
2021-11-19,156.19,156.19,156.18,156.18,307
2021-11-19,156.27,156.535,156.235,156.44,4328
2021-11-19,156.52,156.61,156.42,156.61,2005
2021-11-19,156.58,156.64,156.375,156.375,3579
2021-11-19,156.37,156.6,156.37,156.44,2203
2021-11-19,156.51,156.51,156.49,156.51,803
2021-11-19,156.49,156.58,156.49,156.5,2018
2021-11-19,156.51,156.585,156.51,156.585,2300
2021-11-19,156.57,156.57,156.54,156.57,911
2021-11-19,156.62,156.79,156.62,156.74,1978
2021-11-19,156.77,156.77,156.675,156.74,1240
2021-11-19,156.76,156.76,156.73,156.755,1303
2021-11-19,156.805,156.815,156.75,156.75,5892
2021-11-19,156.75,156.78,156.75,156.78,327
2021-11-19,156.8,156.87,156.68,156.68,4476
2021-11-19,156.66,156.75,156.61,156.75,4439
2021-11-19,156.7,156.73,156.7,156.73,336
2021-11-19,156.7,156.7,156.44,156.46,800
2021-11-19,156.5,156.52,156.4,156.52,669
2021-11-19,156.54,156.63,156.54,156.63,1705
2021-11-19,156.61,156.61,156.34,156.34,1110
2021-11-19,156.29,156.3,156.16,156.3,1504
2021-11-19,156.18,156.26,156.18,156.23,570
2021-11-19,156.17,156.18,156.13,156.13,793
2021-11-19,156.15,156.15,156.12,156.12,403
2021-11-19,156.19,156.22,156.19,156.22,240
2021-11-19,156.21,156.21,156.21,156.21,111
2021-11-19,156.2,156.2,156.18,156.18,343
2021-11-19,156.13,156.13,156.13,156.13,138
2021-11-19,156.1,156.1,156.03,156.03,337
2021-11-19,155.98,156.1,155.97,156.1,761
2021-11-19,156.01,156.01,155.78,155.78,447
2021-11-19,155.72,155.76,155.7,155.7,601
2021-11-19,155.8,155.99,155.8,155.99,1313
2021-11-19,155.94,155.94,155.93,155.93,269
2021-11-19,155.9,155.98,155.9,155.98,411
2021-11-19,155.88,155.88,155.83,155.88,1666
2021-11-19,155.79,155.79,155.7,155.71,708
2021-11-19,155.78,155.79,155.65,155.68,3311
2021-11-19,155.68,155.68,155.59,155.62,1278
2021-11-19,155.57,155.65,155.57,155.63,460
2021-11-19,155.44,155.44,155.32,155.32,758
2021-11-19,155.37,155.43,155.33,155.43,1232
2021-11-19,155.34,155.34,155.27,155.32,927
2021-11-19,155.36,155.38,155.31,155.38,1208
2021-11-19,155.37,155.47,155.34,155.47,639
2021-11-19,155.43,155.59,155.43,155.59,842
2021-11-19,155.61,155.67,155.59,155.66,2102
2021-11-19,155.67,155.67,155.57,155.62,1383
2021-11-19,155.69,155.69,155.56,155.56,583
2021-11-19,155.57,155.63,155.57,155.62,611
2021-11-19,155.66,155.66,155.55,155.55,417
2021-11-19,155.64,155.68,155.62,155.68,719
2021-11-19,155.72,155.82,155.7,155.77,3059
2021-11-19,155.83,155.895,155.79,155.895,1822
2021-11-19,155.92,155.92,155.92,155.92,624
2021-11-19,155.92,155.94,155.89,155.94,1765
2021-11-19,155.985,156.07,155.985,156.06,786
2021-11-19,156.11,156.11,156.11,156.11,116
2021-11-19,156.15,156.15,155.99,155.99,1000
2021-11-19,156,156,155.97,155.97,545
2021-11-19,156.06,156.06,156.06,156.06,113
2021-11-19,156.05,156.05,156.05,156.05,300
2021-11-19,156.06,156.09,156.06,156.09,300
2021-11-19,156.11,156.11,156.1,156.1,416
2021-11-19,156.13,156.3,156.13,156.3,502
2021-11-19,156.31,156.31,156.21,156.21,711
2021-11-19,156.26,156.26,156.065,156.15,1732
2021-11-19,156.14,156.19,156.13,156.19,610
2021-11-19,156.26,156.26,156.14,156.14,321
2021-11-19,156.07,156.08,156.07,156.08,342
2021-11-19,156.18,156.18,156.04,156.04,720
2021-11-19,156.12,156.12,156.08,156.08,1141
2021-11-19,156.11,156.11,156.11,156.11,258
2021-11-19,156.19,156.19,156.13,156.13,600
2021-11-19,156.18,156.18,156.18,156.18,200
2021-11-19,156.23,156.29,156.2,156.2,1408
2021-11-19,156.17,156.21,156.17,156.21,310
2021-11-19,156.28,156.28,156.27,156.27,200
2021-11-19,156.25,156.25,156.25,156.25,100
2021-11-19,156.115,156.13,156.115,156.13,350
2021-11-19,156.15,156.21,156.15,156.21,273
2021-11-19,156.19,156.19,155.96,156.04,2163
2021-11-19,156.05,156.05,156,156.03,1116
2021-11-19,156.2,156.365,156.2,156.365,865
2021-11-19,156.39,156.4,156.31,156.31,1773
2021-11-19,156.27,156.27,156.27,156.27,200
2021-11-19,156.26,156.29,156.23,156.25,1334
2021-11-19,156.25,156.25,156.25,156.25,213
2021-11-19,156.27,156.27,156.27,156.27,155
2021-11-19,156.22,156.22,156.2,156.21,700
2021-11-19,156.18,156.18,156.16,156.16,630
2021-11-19,156.19,156.19,156.19,156.19,197
2021-11-19,156.15,156.22,156.15,156.22,1274
2021-11-19,156.28,156.28,156.19,156.21,891
2021-11-19,156.13,156.13,155.87,155.9,1139
2021-11-19,155.87,155.98,155.87,155.98,273
2021-11-19,155.96,155.96,155.94,155.94,555
2021-11-19,155.92,156.02,155.92,156.01,615
2021-11-19,156.04,156.04,155.95,155.95,653
2021-11-19,155.94,155.94,155.92,155.93,672
2021-11-19,155.91,155.91,155.9,155.9,365
2021-11-19,155.96,155.98,155.95,155.98,709
2021-11-19,156.08,156.17,156.05,156.17,763
2021-11-19,156.225,156.23,156.225,156.23,216
2021-11-19,156.22,156.26,156.22,156.25,302
2021-11-19,156.24,156.24,156.24,156.24,220
2021-11-19,156.27,156.31,156.24,156.27,1373
2021-11-19,156.28,156.29,156.26,156.29,785
2021-11-19,156.31,156.31,156.31,156.31,260
2021-11-19,156.34,156.35,156.34,156.35,300
2021-11-19,156.28,156.31,156.25,156.31,753
2021-11-19,156.26,156.26,156.22,156.255,870
2021-11-19,156.3,156.35,156.3,156.35,216
2021-11-19,156.38,156.38,156.335,156.335,627
2021-11-19,156.3,156.3,156.235,156.255,811
2021-11-19,156.265,156.32,156.265,156.32,1447
2021-11-19,156.32,156.33,156.31,156.33,751
2021-11-19,156.3,156.32,156.09,156.125,658
2021-11-19,156.16,156.17,156.15,156.15,300
2021-11-19,156.2,156.2,156.2,156.2,200
2021-11-19,156.1,156.17,156.1,156.17,507
2021-11-19,156.07,156.07,156.05,156.05,327
2021-11-19,156.19,156.2,156.1,156.17,862
2021-11-19,156.19,156.22,156.13,156.13,1722
2021-11-19,156.09,156.11,155.89,155.91,4332
2021-11-19,155.93,155.93,155.85,155.9,1028
2021-11-19,155.93,155.93,155.85,155.85,468
2021-11-19,155.93,156.05,155.93,156.05,667
2021-11-19,156.02,156.02,155.97,155.97,1242
2021-11-19,156.03,156.07,156.03,156.05,416
2021-11-19,155.99,155.99,155.99,155.99,428
2021-11-19,156,156,155.93,155.93,544
2021-11-19,155.95,155.96,155.94,155.96,300
2021-11-19,155.97,156.04,155.97,156.01,400
2021-11-19,156.02,156.02,156.02,156.02,336
2021-11-19,156,156,155.97,155.97,410
2021-11-19,155.96,155.96,155.96,155.96,100
2021-11-19,155.91,155.92,155.86,155.87,916
2021-11-19,155.86,155.86,155.63,155.63,1082
2021-11-19,155.63,155.77,155.63,155.75,822
2021-11-19,155.805,155.85,155.805,155.85,354
2021-11-19,155.85,155.85,155.74,155.77,1903
2021-11-19,155.8,155.81,155.8,155.81,635
2021-11-19,155.72,155.72,155.65,155.65,731
2021-11-19,155.7,155.85,155.7,155.85,1088
2021-11-19,155.84,156.04,155.84,156.04,2204
2021-11-19,156.02,156.02,155.97,155.97,333
2021-11-19,155.89,155.89,155.89,155.89,120
2021-11-19,155.935,155.945,155.86,155.86,3603
2021-11-19,155.9,155.91,155.86,155.9,2056
2021-11-19,155.89,155.9,155.83,155.87,1671
2021-11-19,155.86,155.86,155.755,155.755,2206
2021-11-19,155.68,155.72,155.61,155.63,3066
2021-11-19,155.605,155.63,155.52,155.52,2274
2021-11-19,155.5,155.5,155.4,155.42,2602
2021-11-19,155.44,155.5,155.44,155.5,469
2021-11-19,155.52,155.57,155.44,155.44,1018
2021-11-19,155.49,155.49,155.4,155.44,571
2021-11-19,155.45,155.45,155.365,155.365,445
2021-11-19,155.37,155.38,155.36,155.38,553
2021-11-19,155.39,155.43,155.37,155.43,1028
2021-11-19,155.41,155.44,155.41,155.44,1887
2021-11-19,155.4,155.45,155.36,155.41,1932
2021-11-19,155.4,155.44,155.4,155.44,264
2021-11-19,155.4,155.41,155.4,155.4,577
2021-11-19,155.38,155.38,155.21,155.215,1504
2021-11-19,155.21,155.28,155.145,155.23,2356
2021-11-19,155.225,155.23,155.05,155.05,2082
2021-11-19,155.05,155.185,155.03,155.15,3607
2021-11-19,155.11,155.155,155.09,155.13,1421
2021-11-19,155.115,155.115,155.06,155.11,1021
2021-11-19,155.07,155.26,155.07,155.15,4554
2021-11-19,155.16,155.17,155.03,155.04,4496
2021-11-19,155.02,155.03,154.98,155.01,2807
2021-11-19,155.035,155.11,155.03,155.06,2465
2021-11-19,155.06,155.11,154.99,155.09,4523
2021-11-19,155.075,155.21,155.03,155.185,6540
2021-11-19,155.2,155.325,155.2,155.3,6916
2021-11-19,155.295,155.32,155.26,155.315,4894
2021-11-19,155.31,155.32,155.265,155.305,5376
2021-11-19,155.315,155.46,155.3,155.46,7663
2021-11-22,157.11,157.11,157.11,157.11,130
2021-11-22,157.2,157.315,156.5,156.93,5623
2021-11-22,156.85,157.93,156.85,157.79,4520
2021-11-22,157.89,158.22,157.67,157.95,2709
2021-11-22,158.33,158.53,158.13,158.42,2829
2021-11-22,158.49,158.88,158.46,158.84,2701
2021-11-22,158.86,159.36,158.68,158.68,6611
2021-11-22,158.48,159,158.48,158.64,4414
2021-11-22,158.47,158.47,158.18,158.18,1644
2021-11-22,158.41,158.575,158.38,158.575,1280
2021-11-22,158.56,158.955,158.5,158.62,1583
2021-11-22,158.56,158.635,158.165,158.18,4305
2021-11-22,158.17,158.33,158.15,158.25,2082
2021-11-22,158.01,158.15,158.01,158.13,2169
2021-11-22,158.01,158.57,158.01,158.485,3289
2021-11-22,158.72,158.72,158.52,158.52,1201
2021-11-22,158.5,158.5,158.32,158.44,1677
2021-11-22,158.37,158.55,158.37,158.51,2574
2021-11-22,158.44,158.7,158.4,158.7,3073
2021-11-22,158.73,158.945,158.73,158.92,1474
2021-11-22,159.01,159.35,159.01,159.3,5305
2021-11-22,159.4,159.4,159.15,159.19,3747
2021-11-22,159.54,159.91,159.54,159.84,4700
2021-11-22,159.8,159.99,159.53,159.59,2509
2021-11-22,159.57,159.77,159.36,159.77,5449
2021-11-22,159.88,159.965,159.685,159.96,6527
2021-11-22,160,160.11,159.86,160.11,5212
2021-11-22,160.18,160.36,160.16,160.21,3810
2021-11-22,160.18,160.335,159.45,159.68,6865
2021-11-22,159.83,160.14,159.76,160.105,5970
2021-11-22,160.105,160.605,160.105,160.54,6279
2021-11-22,160.66,161.26,160.57,161.16,14692
2021-11-22,161.085,161.55,161.02,161.54,12791
2021-11-22,161.53,161.615,161.3,161.325,13704
2021-11-22,161.325,161.325,160.89,161.025,9690
2021-11-22,161.12,161.3,160.96,161.23,14533
2021-11-22,161.23,161.23,160.83,160.91,17826
2021-11-22,160.99,161.09,160.8,160.97,3928
2021-11-22,160.92,161,160.9,160.97,6016
2021-11-22,160.81,160.87,160.68,160.82,1658
2021-11-22,160.86,160.89,160.64,160.64,3876
2021-11-22,160.77,161.245,160.7,161.045,11405
2021-11-22,161.18,161.18,160.86,160.88,1366
2021-11-22,160.88,161.1,160.86,161.02,4700
2021-11-22,161.04,161.42,161.04,161.42,2916
2021-11-22,161.48,161.555,161.455,161.53,3741
2021-11-22,161.55,161.55,161.34,161.39,4548
2021-11-22,161.5,161.75,161.5,161.52,6796
2021-11-22,161.46,161.46,161.2,161.28,8104
2021-11-22,161.31,161.62,161.13,161.61,8988
2021-11-22,161.45,161.45,161.23,161.3,5214
2021-11-22,161.32,161.66,161.32,161.415,9063
2021-11-22,161.48,161.68,161.48,161.58,3476
2021-11-22,161.52,161.84,161.52,161.84,4738
2021-11-22,161.86,161.86,161.22,161.4,3025
2021-11-22,161.41,161.44,161.28,161.28,3548
2021-11-22,161.43,161.43,161.245,161.35,4400
2021-11-22,161.49,161.49,161.22,161.42,4210
2021-11-22,161.4,161.66,161.4,161.485,6004
2021-11-22,161.38,161.51,161.37,161.37,8221
2021-11-22,161.38,161.38,160.87,160.975,5419
2021-11-22,161.05,161.12,160.695,160.74,2993
2021-11-22,160.84,160.955,160.58,160.63,7801
2021-11-22,160.62,160.69,160.39,160.48,6236
2021-11-22,160.53,160.89,160.47,160.89,6106
2021-11-22,160.91,160.91,160.66,160.76,6396
2021-11-22,160.76,160.96,160.76,160.91,11984
2021-11-22,160.89,161.135,160.89,160.96,11346
2021-11-22,160.81,160.81,160.62,160.62,4132
2021-11-22,160.655,160.8,160.65,160.78,2866
2021-11-22,160.77,161.02,160.77,160.98,4818
2021-11-22,160.88,160.88,160.695,160.695,824
2021-11-22,160.62,160.665,160.5,160.58,5433
2021-11-22,160.73,160.84,160.72,160.74,800
2021-11-22,160.84,160.84,160.54,160.565,3199
2021-11-22,160.68,160.825,160.68,160.8,2746
2021-11-22,160.82,160.97,160.77,160.97,1083
2021-11-22,161.18,161.18,161.12,161.155,1695
2021-11-22,161.23,161.23,161.01,161.13,4431
2021-11-22,161.215,161.34,161.15,161.15,2386
2021-11-22,161.1,161.24,161.1,161.24,1260
2021-11-22,161.21,161.315,160.96,161.08,4257
2021-11-22,160.885,160.91,160.635,160.735,6109
2021-11-22,160.71,160.87,160.58,160.775,5201
2021-11-22,160.73,160.73,160.59,160.67,809
2021-11-22,160.59,160.59,160.14,160.14,2741
2021-11-22,160.31,160.58,160.29,160.52,2317
2021-11-22,160.495,160.68,160.31,160.31,7042
2021-11-22,160.16,160.315,160.13,160.25,2262
2021-11-22,160.15,160.17,160,160.04,3265
2021-11-22,160.01,160.19,160.01,160.19,759
2021-11-22,160.165,160.34,160.15,160.24,7680
2021-11-22,160.09,160.15,160.09,160.11,1758
2021-11-22,160.12,160.14,159.89,159.91,9950
2021-11-22,159.84,159.84,159.45,159.46,3519
2021-11-22,159.47,159.625,159.395,159.405,6648
2021-11-22,159.42,159.48,159.24,159.34,9014
2021-11-22,159.46,159.52,159.35,159.35,9255
2021-11-22,159.22,159.22,159.02,159.02,7485
2021-11-22,158.94,159.35,158.94,159.3,2030
2021-11-22,159.23,159.5,159.2,159.49,4823
2021-11-22,159.51,159.645,159.33,159.575,8671
2021-11-22,159.71,159.84,159.62,159.74,7773
2021-11-22,159.66,159.66,159.28,159.38,5832
2021-11-22,159.36,159.36,159.17,159.18,5402
2021-11-22,159.22,159.5,159.22,159.36,5317
2021-11-22,159.38,159.51,159.18,159.51,6947
2021-11-22,159.56,159.62,159.45,159.545,7384
2021-11-22,159.48,159.51,159.12,159.18,8025
2021-11-22,159.15,159.15,158.76,158.79,8125
2021-11-22,158.73,158.85,158.73,158.75,3261
2021-11-22,158.7,159.14,158.7,159.14,11001
2021-11-22,159.18,159.37,159.18,159.345,3568
2021-11-22,159.38,159.38,158.85,159.115,6545
2021-11-22,159.17,159.41,159.17,159.32,9653
2021-11-22,159.34,159.35,158.96,158.99,3862
2021-11-22,158.91,158.91,158.52,158.6,8333
2021-11-22,158.38,158.51,158.38,158.42,2812
2021-11-22,158.28,158.33,157.785,158.33,13871
2021-11-22,158.17,158.17,157.83,157.83,4175
2021-11-22,157.58,157.965,157.58,157.81,6309
2021-11-22,157.63,157.63,157.3,157.41,8174
2021-11-22,157.45,157.46,156.97,157.05,14654
2021-11-22,157.14,157.87,157.14,157.72,4954
2021-11-22,157.75,158.04,157.71,158.04,4149
2021-11-22,158.04,158.075,157.62,157.7,5866
2021-11-22,157.79,157.885,157.73,157.85,4121
2021-11-22,157.86,158.09,157.85,158.01,12202
2021-11-22,157.925,157.97,157.37,157.37,11004
2021-11-22,157.49,157.5,157.29,157.48,8769
2021-11-22,157.485,157.53,157.37,157.455,7285
2021-11-22,157.47,157.47,157.03,157.38,6656
2021-11-22,157.39,157.52,156.92,157.43,12779
2021-11-22,157.385,157.385,156.68,156.68,12166
2021-11-22,156.58,156.64,156.11,156.11,12518
2021-11-22,156.155,156.155,155.8,155.8,13270
2021-11-22,155.71,156.02,155.69,155.94,18743
2021-11-22,155.89,156.37,155.89,156.28,10483
2021-11-22,156.19,156.19,155.58,155.78,10457
2021-11-22,155.585,155.8,155.5,155.7,16971
2021-11-22,155.85,156.05,155.765,155.765,17941
2021-11-22,155.82,156.15,155.71,155.71,8276
2021-11-22,155.675,155.695,155.32,155.565,13275
2021-11-22,155.55,155.655,155.43,155.47,4168
2021-11-22,155.37,155.37,155.19,155.19,3110
2021-11-22,155.185,155.315,155.09,155.14,4456
2021-11-22,155.09,155.11,154.91,154.97,7777
2021-11-22,154.97,155.06,154.77,154.77,2474
2021-11-22,154.635,154.765,154.19,154.31,12859
2021-11-22,154.28,154.46,153.6,154.41,13078
2021-11-22,154.42,154.88,154.26,154.88,8411
2021-11-22,154.76,155.35,154.76,155.27,4675
2021-11-22,155.27,155.29,154.64,154.83,9727
2021-11-22,154.955,154.955,154.26,154.26,11421
2021-11-22,154.29,154.46,153.89,154.005,9104
2021-11-22,153.87,154.445,153.87,154.445,4044
2021-11-22,154.44,154.44,153.66,153.66,3286
2021-11-22,153.75,154.03,153.6,153.81,2607
2021-11-22,153.95,154.18,153.95,154.18,2978
2021-11-22,154.2,154.78,154.2,154.53,2686
2021-11-22,154.51,154.75,154.02,154.06,4434
2021-11-22,153.97,154.5,153.97,154.45,1009
2021-11-22,154.34,154.51,154.34,154.39,1372
2021-11-22,154.22,154.62,154.01,154.62,3913
2021-11-22,154.545,154.63,154.54,154.62,14717
2021-11-22,154.63,154.74,154.16,154.16,32171
2021-11-22,154.22,154.77,154.14,154.66,42622
2021-11-22,154.61,154.79,154.12,154.34,18336
2021-11-22,154.25,154.48,154.24,154.48,1946
2021-11-22,154.38,154.38,153.95,153.95,6041
2021-11-22,154.11,154.11,154.03,154.08,763
2021-11-22,154.27,154.36,154.04,154.07,1472
2021-11-22,154.06,154.06,154.01,154.01,558
2021-11-22,154.02,154.02,153.72,153.74,6276
2021-11-22,153.83,153.96,153.83,153.92,4071
2021-11-22,153.88,153.91,153.26,153.265,5251
2021-11-22,153.28,153.96,153.28,153.93,11411
2021-11-22,153.89,154.21,153.87,153.99,7657
2021-11-22,153.99,154.26,153.85,154.26,9015
2021-11-22,154.26,154.27,154.03,154.03,6935
2021-11-22,153.845,153.94,153.79,153.94,7468
2021-11-22,153.88,154.43,153.82,154.42,8236
2021-11-22,154.38,154.525,154.32,154.52,8036
2021-11-22,154.52,154.84,154.46,154.84,9242
2021-11-22,154.77,154.77,154.55,154.59,8782
2021-11-22,154.56,154.84,154.5,154.73,7245
2021-11-22,154.7,154.7,154.28,154.38,3332
2021-11-22,154.31,154.73,154.31,154.5,5750
2021-11-22,154.5,154.62,154.5,154.62,2029
2021-11-22,154.665,154.835,154.665,154.835,1659
2021-11-22,154.89,154.89,154.64,154.73,1836
2021-11-22,154.89,155.46,154.87,155.42,2080
2021-11-22,155.28,155.37,155.13,155.37,2672
2021-11-22,155.28,155.34,155.07,155.34,2371
2021-11-22,155.3,155.315,155.05,155.05,1353
2021-11-22,155.17,155.34,155.17,155.29,2442
2021-11-22,154.965,155.13,154.965,155.03,2096
2021-11-22,155.06,155.18,155.06,155.18,326
2021-11-22,155.16,155.16,155.15,155.15,348
2021-11-22,155.1,155.1,154.87,154.94,942
2021-11-22,154.91,154.91,154.91,154.91,164
2021-11-22,155.12,155.12,155,155.02,928
2021-11-22,155.09,155.09,154.53,154.64,958
2021-11-22,154.56,154.82,154.53,154.53,1805
2021-11-22,154.685,154.92,154.685,154.92,767
2021-11-22,154.85,154.85,154.52,154.66,1427
2021-11-22,154.64,154.64,154.21,154.43,969
2021-11-22,154.49,154.78,154.49,154.78,1046
2021-11-22,154.95,155.09,154.91,155.01,1897
2021-11-22,154.96,154.97,154.65,154.65,1716
2021-11-22,154.76,154.87,154.76,154.87,810
2021-11-22,154.71,154.71,154.53,154.53,562
2021-11-22,154.73,154.73,154.49,154.61,961
2021-11-22,154.4,154.59,154.4,154.59,4022
2021-11-22,154.48,154.49,154.2,154.31,1329
2021-11-22,154.255,154.275,154.01,154.04,2242
2021-11-22,154.07,154.2,154.07,154.085,1509
2021-11-22,154.065,154.065,153.83,153.86,2303
2021-11-22,153.96,153.96,153.9,153.905,3189
2021-11-22,153.8,153.8,153.575,153.6,4336
2021-11-22,153.61,153.62,153.51,153.545,3008
2021-11-22,153.56,153.805,153.56,153.765,8282
2021-11-22,153.76,153.99,153.76,153.96,1136
2021-11-22,154.035,154.035,153.95,153.96,838
2021-11-22,153.86,153.87,153.8,153.8,1977
2021-11-22,153.74,153.865,153.74,153.865,857
2021-11-22,153.98,154.3,153.98,154.22,1731
2021-11-22,154.18,154.225,154.18,154.225,269
2021-11-22,154.14,154.205,154.075,154.19,711
2021-11-22,154.17,154.29,154.17,154.24,790
2021-11-22,154.26,154.37,154.26,154.37,1080
2021-11-22,154.415,154.415,154.28,154.28,657
2021-11-22,154.34,154.35,154.34,154.35,397
2021-11-22,154.31,154.4,154.29,154.4,979
2021-11-22,154.52,154.53,154.5,154.5,439
2021-11-22,154.505,154.505,154.41,154.47,1123
2021-11-22,154.6,154.6,154.52,154.52,696
2021-11-22,154.21,154.35,154.21,154.34,957
2021-11-22,154.18,154.25,154.15,154.25,937
2021-11-22,154.21,154.21,154.11,154.13,618
2021-11-22,154.2,154.35,154.2,154.35,596
2021-11-22,154.38,154.38,154.36,154.37,468
2021-11-22,154.41,154.54,154.39,154.51,622
2021-11-22,154.58,154.82,154.58,154.81,1862
2021-11-22,154.76,154.89,154.76,154.84,7736
2021-11-22,154.84,154.96,154.82,154.94,2677
2021-11-22,154.955,155.09,154.91,154.94,4917
2021-11-22,155.01,155.01,154.79,154.9,4023
2021-11-22,155,155,154.93,154.93,311
2021-11-22,154.86,154.94,154.86,154.94,252
2021-11-22,155,155,154.92,154.96,391
2021-11-22,154.95,154.95,154.5,154.52,1448
2021-11-22,154.55,154.555,154.44,154.44,728
2021-11-22,154.48,154.51,154.47,154.51,702
2021-11-22,154.58,154.69,154.58,154.64,624
2021-11-22,154.69,154.78,154.69,154.75,606
2021-11-22,154.76,154.76,154.63,154.71,518
2021-11-22,154.7,154.76,154.7,154.76,881
2021-11-22,154.85,154.88,154.8,154.88,599
2021-11-22,154.73,154.79,154.72,154.79,852
2021-11-22,154.76,154.83,154.76,154.77,1234
2021-11-22,154.65,154.74,154.65,154.74,660
2021-11-22,154.56,154.58,154.56,154.58,446
2021-11-22,154.55,154.55,154.48,154.48,507
2021-11-22,154.51,154.66,154.51,154.66,312
2021-11-22,154.56,154.56,154.55,154.55,601
2021-11-22,154.495,154.68,154.495,154.65,567
2021-11-22,154.72,154.8,154.72,154.79,1236
2021-11-22,154.55,154.61,154.55,154.61,450
2021-11-22,154.69,154.69,154.67,154.67,315
2021-11-22,154.64,154.7,154.64,154.7,317
2021-11-22,155.1,155.1,155.1,155.1,394
2021-11-22,155.04,155.11,154.97,155.11,915
2021-11-22,155.08,155.08,155.03,155.05,686
2021-11-22,155.09,155.09,155.065,155.065,1160
2021-11-22,155.22,155.3,155.2,155.205,1035
2021-11-22,155.205,155.225,155.08,155.08,1819
2021-11-22,155.12,155.12,155.03,155.03,300
2021-11-22,155.1,155.1,154.98,155.02,1972
2021-11-22,154.99,154.99,154.91,154.91,343
2021-11-22,154.88,154.88,154.72,154.74,851
2021-11-22,154.58,154.69,154.58,154.655,848
2021-11-22,154.79,154.79,154.79,154.79,323
2021-11-22,154.85,154.85,154.85,154.85,127
2021-11-22,154.88,154.93,154.85,154.88,877
2021-11-22,154.85,154.86,154.83,154.84,4805
2021-11-22,154.81,154.81,154.765,154.78,2134
2021-11-22,154.775,154.79,154.66,154.66,881
2021-11-22,154.54,154.61,154.54,154.59,2714
2021-11-22,154.62,154.62,154.585,154.6,1650
2021-11-22,154.62,154.62,154.435,154.445,1887
2021-11-22,154.545,154.65,154.545,154.65,1064
2021-11-22,154.69,154.715,154.61,154.63,955
2021-11-22,154.55,154.565,154.55,154.565,224
2021-11-22,154.51,154.51,154.33,154.39,3804
2021-11-22,154.38,154.38,154,154,3521
2021-11-22,154.14,154.14,153.895,154.005,1218
2021-11-22,154,154,153.93,153.955,3901
2021-11-22,153.94,153.94,153.89,153.91,700
2021-11-22,153.88,154,153.865,154,594
2021-11-22,154.05,154.115,154.05,154.055,1960
2021-11-22,154.085,154.15,154.08,154.115,2246
2021-11-22,154.115,154.2,153.975,153.98,3598
2021-11-22,153.95,153.955,153.72,153.73,7664
2021-11-22,153.74,153.835,153.74,153.82,2795
2021-11-22,153.97,154.1,153.96,154.02,1015
2021-11-22,154.03,154.045,153.97,154.03,2069
2021-11-22,154.11,154.14,154,154.14,3318
2021-11-22,154.155,154.155,154.02,154.07,636
2021-11-22,154,154,153.985,153.985,832
2021-11-22,154.16,154.28,154.16,154.26,972
2021-11-22,154.335,154.335,154.27,154.29,415
2021-11-22,154.35,154.41,154.35,154.41,742
2021-11-22,154.45,154.45,154.27,154.27,864
2021-11-22,154.31,154.34,154.23,154.3,1156
2021-11-22,154.32,154.4,154.32,154.4,460
2021-11-22,154.65,154.75,154.65,154.68,873
2021-11-22,154.66,154.76,154.66,154.71,1102
2021-11-22,154.69,154.69,154.69,154.69,201
2021-11-22,154.69,154.69,154.66,154.66,302
2021-11-22,154.665,154.72,154.64,154.72,706
2021-11-22,154.63,154.64,154.63,154.64,981
2021-11-22,154.61,154.71,154.54,154.65,1874
2021-11-22,154.79,154.79,154.4,154.4,1784
2021-11-22,154.37,154.4,154.28,154.38,1459
2021-11-22,154.37,154.37,154.37,154.37,314
2021-11-22,154.37,154.37,154.32,154.32,667
2021-11-22,154.24,154.36,154.24,154.36,530
2021-11-22,154.48,154.48,154.22,154.22,503
2021-11-22,154.26,154.34,154.24,154.34,1338
2021-11-22,154.52,154.59,154.52,154.59,1052
2021-11-22,154.8,155.04,154.8,155.04,1082
2021-11-22,154.93,154.96,154.83,154.96,594
2021-11-22,154.86,154.86,154.58,154.58,1706
2021-11-22,154.79,154.85,154.755,154.755,842
2021-11-22,154.78,155,154.78,154.96,637
2021-11-22,154.94,155.1,154.885,155.03,1516
2021-11-22,155.14,155.14,155.14,155.14,176
2021-11-22,155.17,155.17,154.85,154.89,2324
2021-11-22,155.01,155.01,154.86,154.98,1611
2021-11-22,154.98,154.98,154.9,154.9,1000
2021-11-22,154.85,154.85,154.85,154.85,158
2021-11-22,154.87,154.94,154.78,154.78,759
2021-11-22,154.9,154.9,154.83,154.83,291
2021-11-22,154.78,154.82,154.78,154.78,715
2021-11-22,154.79,154.79,154.73,154.73,916
2021-11-22,154.83,154.87,154.83,154.87,363
2021-11-22,154.7,154.77,154.7,154.74,787
2021-11-22,154.8,154.83,154.73,154.73,787
2021-11-22,154.66,154.74,154.66,154.74,565
2021-11-22,154.78,154.79,154.73,154.79,938
2021-11-22,154.9,155.075,154.9,155.075,891
2021-11-22,155.03,155.04,154.8,154.8,816
2021-11-22,154.89,154.99,154.89,154.985,1140
2021-11-22,154.89,154.89,154.6,154.6,2207
2021-11-22,154.6,154.6,154.49,154.49,502
2021-11-22,154.42,154.45,154.37,154.37,961
2021-11-22,154.37,154.39,154.36,154.385,616
2021-11-22,154.55,154.76,154.55,154.7,1644
2021-11-22,154.71,154.82,154.71,154.775,5420
2021-11-22,154.78,154.935,154.71,154.93,1243
2021-11-22,154.62,154.62,154.62,154.62,219
2021-11-22,154.63,154.695,154.63,154.68,1247
2021-11-22,154.7,154.94,154.7,154.94,1462
2021-11-22,154.845,154.845,154.75,154.78,682
2021-11-22,154.86,154.86,154.86,154.86,350
2021-11-22,154.775,154.8,154.775,154.79,1156
2021-11-22,154.77,154.77,154.37,154.44,12645
2021-11-22,154.45,154.53,154.4,154.4,3057
2021-11-22,154.4,154.49,154.4,154.41,1430
2021-11-22,154.4,154.44,154.34,154.44,2594
2021-11-22,154.335,154.51,154.265,154.48,1795
2021-11-22,154.47,154.47,154.26,154.36,4807
2021-11-22,154.4,154.48,154.38,154.41,1293
2021-11-22,154.39,154.39,154.24,154.32,3769
2021-11-22,154.27,154.27,154.135,154.15,3043
2021-11-22,154.11,154.11,153.92,153.93,1695
2021-11-22,153.75,153.785,153.63,153.655,3162
2021-11-22,153.665,153.9,153.555,153.555,5594
2021-11-22,153.65,153.65,153.395,153.42,5740
2021-11-22,153.44,153.47,153.22,153.26,7051
2021-11-22,153.23,153.27,153.05,153.11,4002
2021-11-22,153.095,153.16,152.95,152.985,9350
2021-11-22,152.93,153.1,152.93,153.03,4388
2021-11-22,152.93,153.005,152.8,152.9,5078
2021-11-22,152.9,152.91,152.74,152.91,6137
2021-11-22,152.78,152.82,152.69,152.695,6339
2021-11-22,152.615,152.635,152.405,152.48,8006
2021-11-22,152.6,152.6,152.6,152.6,100
2021-11-22,152.36,152.36,152.36,152.36,196
2021-11-22,152.45,152.45,152.45,152.45,142
2021-11-23,151.53,151.53,151.53,151.53,1302
2021-11-23,151.25,151.25,151.25,151.25,148
2021-11-23,150.5,150.5,149.06,149.46,21650
2021-11-23,149.4,149.45,148.68,148.68,6435
2021-11-23,148.68,149.26,148.47,149,17091
2021-11-23,148.9,149.47,148.9,149.27,9444
2021-11-23,149.24,149.965,149.24,149.62,7561
2021-11-23,149.58,150.465,149.58,150.465,23501
2021-11-23,150.8,151.3,150.775,150.99,17972
2021-11-23,150.89,151.06,150.44,150.47,8376
2021-11-23,150.55,151.01,150.53,151.01,8054
2021-11-23,150.99,150.99,150.59,150.6,4212
2021-11-23,150.6,151.18,150.54,151.18,11842
2021-11-23,151.15,151.18,150.85,150.86,2580
2021-11-23,150.925,151.35,150.925,151.08,5986
2021-11-23,151.05,151.76,150.98,151.54,3649
2021-11-23,151.49,151.85,151.38,151.77,3476
2021-11-23,151.44,151.87,151.32,151.66,6755
2021-11-23,151.6,152.29,151.6,152.21,4893
2021-11-23,152.18,152.5,152.12,152.45,3578
2021-11-23,152.4,152.59,152.26,152.47,2764
2021-11-23,152.31,152.31,152.02,152.09,1098
2021-11-23,152.1,152.38,152.06,152.38,1760
2021-11-23,152.41,152.61,152.36,152.49,2071
2021-11-23,152.33,152.53,152.21,152.21,3377
2021-11-23,152.22,152.31,151.95,152.21,6080
2021-11-23,152.27,152.28,151.94,151.94,3516
2021-11-23,151.91,152.13,151.91,152.13,4074
2021-11-23,152.16,152.2,151.845,151.85,3844
2021-11-23,151.9,152.29,151.9,152.17,4631
2021-11-23,152.14,152.14,151.64,151.64,7703
2021-11-23,151.77,151.77,151.445,151.445,9405
2021-11-23,151.47,151.685,151.34,151.35,13665
2021-11-23,151.325,151.41,150.47,150.55,7465
2021-11-23,150.56,151.22,150.56,151.16,5339
2021-11-23,151.04,151.11,150.83,150.87,3936
2021-11-23,150.855,151.1,150.79,151.08,8652
2021-11-23,151.06,151.12,150.675,150.7,6622
2021-11-23,150.68,150.7,149.89,149.89,12978
2021-11-23,149.88,150.02,149.61,149.67,18894
2021-11-23,149.67,149.78,149.45,149.52,6983
2021-11-23,149.47,149.48,148.96,149.02,17514
2021-11-23,149.005,149.235,148.92,149.05,13588
2021-11-23,149.04,149.21,148.935,149,8666
2021-11-23,148.98,149.16,148.94,149.135,6140
2021-11-23,149.12,149.34,149.03,149.22,14623
2021-11-23,149.29,149.585,149.27,149.585,5047
2021-11-23,149.685,150.22,149.685,150.17,8826
2021-11-23,150.05,150.115,149.34,149.34,4406
2021-11-23,149.625,149.82,149.43,149.64,3247
2021-11-23,149.69,149.97,149.68,149.79,3066
2021-11-23,149.9,149.95,149.78,149.78,6381
2021-11-23,149.83,149.87,149.35,149.39,2964
2021-11-23,149.48,149.89,149.43,149.83,4620
2021-11-23,149.77,150.31,149.76,150.235,3686
2021-11-23,150.19,150.79,150.19,150.66,3197
2021-11-23,150.65,150.82,150.65,150.75,781
2021-11-23,150.45,150.61,150.35,150.5,1590
2021-11-23,150.55,150.55,149.9,149.92,2142
2021-11-23,149.94,149.94,149.73,149.8,1888
2021-11-23,149.9,149.9,149.54,149.54,2187
2021-11-23,149.51,149.67,149.43,149.67,1403
2021-11-23,149.44,149.97,149.42,149.96,3745
2021-11-23,150.1,150.3,150.08,150.21,2344
2021-11-23,150.25,150.28,150.055,150.21,2748
2021-11-23,150.08,150.08,149.665,149.89,2655
2021-11-23,149.92,150.07,149.75,149.75,1069
2021-11-23,149.84,149.97,149.53,149.55,1854
2021-11-23,149.39,149.75,149.39,149.61,3025
2021-11-23,149.6,149.74,149.43,149.49,1167
2021-11-23,149.51,149.51,149.41,149.41,783
2021-11-23,149.48,149.73,149.48,149.73,2475
2021-11-23,149.465,149.465,149.28,149.34,2088
2021-11-23,149.28,149.46,149.115,149.15,3976
2021-11-23,149.1,149.1,148.77,148.78,5517
2021-11-23,148.78,148.93,148.575,148.65,1990
2021-11-23,148.63,148.77,148.36,148.36,4996
2021-11-23,148.36,148.57,148.21,148.57,7035
2021-11-23,148.53,148.6,148.47,148.51,2108
2021-11-23,148.535,148.56,148.405,148.44,2121
2021-11-23,148.395,148.42,147.67,147.67,5683
2021-11-23,147.68,148.19,147.645,148.08,4122
2021-11-23,148,148.06,147.96,148.06,1478
2021-11-23,148.18,148.18,147.96,148.13,1771
2021-11-23,148.04,148.08,147.765,147.93,5082
2021-11-23,147.98,148.03,147.75,147.88,2200
2021-11-23,147.89,147.89,147.53,147.54,6557
2021-11-23,147.56,147.56,147.33,147.48,12142
2021-11-23,147.47,147.59,147.06,147.06,11328
2021-11-23,147.06,147.225,146.8,146.8,8133
2021-11-23,146.775,146.78,146.29,146.37,17383
2021-11-23,146.28,146.35,145.95,146.19,18090
2021-11-23,146.17,146.8,146.17,146.62,11409
2021-11-23,146.57,146.65,146.02,146.03,7177
2021-11-23,145.99,146.21,145.37,145.41,14509
2021-11-23,145.4,145.8,145.4,145.52,18085
2021-11-23,145.57,146.19,145.57,146.13,15223
2021-11-23,146.1,146.22,145.88,146.22,15985
2021-11-23,146.05,146.23,145.67,145.74,8539
2021-11-23,145.71,146.04,145.65,145.92,7343
2021-11-23,145.96,146.6,145.87,146.55,9316
2021-11-23,146.57,146.68,146.14,146.62,11379
2021-11-23,146.66,146.9,146.66,146.84,9137
2021-11-23,146.69,147.03,146.33,146.86,14517
2021-11-23,146.74,146.87,146.4,146.65,4741
2021-11-23,146.65,146.91,146.46,146.73,10053
2021-11-23,146.64,146.9,146.4,146.4,3579
2021-11-23,146.46,146.87,146.46,146.87,3958
2021-11-23,146.74,147.36,146.74,147.29,2418
2021-11-23,147.3,147.59,147.3,147.41,6256
2021-11-23,147.26,147.26,147.18,147.18,1189
2021-11-23,147.32,147.575,147.29,147.38,717
2021-11-23,147.38,147.58,147.3,147.3,1111
2021-11-23,147.19,147.52,147.19,147.3,2352
2021-11-23,147.34,147.43,147.18,147.29,1806
2021-11-23,147.3,147.34,147.15,147.34,1093
2021-11-23,147.35,147.41,147.27,147.31,1978
2021-11-23,147.36,147.9,147.34,147.88,2925
2021-11-23,147.91,147.98,147.795,147.92,2694
2021-11-23,148,148.05,147.75,147.76,2882
2021-11-23,147.84,147.84,147.67,147.7,880
2021-11-23,147.54,147.62,147.38,147.51,2307
2021-11-23,147.46,148.17,147.33,148.17,2671
2021-11-23,148.055,148.28,147.81,147.81,1968
2021-11-23,147.84,148.05,147.84,147.87,1622
2021-11-23,147.91,147.91,147.7,147.73,2311
2021-11-23,147.72,147.75,147.565,147.6,3567
2021-11-23,147.68,147.68,147.3,147.34,1820
2021-11-23,147.13,147.27,146.96,147.03,5075
2021-11-23,147.2,147.43,147.1,147.35,2747
2021-11-23,147.24,147.45,147.24,147.39,6405
2021-11-23,147.32,147.32,147.09,147.22,3832
2021-11-23,147.21,147.26,146.95,147.14,4821
2021-11-23,147.16,147.35,147.15,147.28,7031
2021-11-23,147.245,147.37,147.22,147.27,3788
2021-11-23,147.18,147.32,147.11,147.18,2570
2021-11-23,147.07,147.07,146.795,146.81,6379
2021-11-23,146.82,147.3,146.76,147.3,2799
2021-11-23,147.07,147.12,146.97,147.105,698
2021-11-23,147.3,148.1,147.3,148.1,2598
2021-11-23,147.985,147.985,147.6,147.61,2200
2021-11-23,147.72,147.805,147.71,147.71,1262
2021-11-23,147.79,147.94,147.76,147.88,1097
2021-11-23,147.82,147.82,147.58,147.61,2555
2021-11-23,147.6,147.65,147.3,147.3,685
2021-11-23,147.155,147.155,147.155,147.155,210
2021-11-23,147.18,147.19,146.935,146.935,899
2021-11-23,146.83,147.17,146.82,147.17,1116
2021-11-23,147.11,147.3,147.06,147.17,1524
2021-11-23,147.11,147.49,147.11,147.34,1185
2021-11-23,147.26,147.36,147.22,147.36,935
2021-11-23,147.27,147.31,147.27,147.31,328
2021-11-23,147.18,147.615,147.11,147.615,1237
2021-11-23,147.48,147.48,147.18,147.21,430
2021-11-23,147.06,147.1,147.02,147.075,916
2021-11-23,146.97,147.24,146.96,147.21,1736
2021-11-23,147.15,147.18,146.83,146.92,1315
2021-11-23,146.875,146.94,146.87,146.94,905
2021-11-23,146.95,147.57,146.93,147.57,2091
2021-11-23,147.56,147.56,147.4,147.425,1854
2021-11-23,147.35,147.35,147.15,147.17,903
2021-11-23,147.175,147.175,147.175,147.175,191
2021-11-23,147.48,147.55,147.48,147.49,1050
2021-11-23,147.465,147.74,147.46,147.72,1645
2021-11-23,147.63,147.63,147.34,147.34,1301
2021-11-23,147.37,147.45,147.27,147.27,1364
2021-11-23,147.365,147.6,147.2,147.24,3661
2021-11-23,147.37,147.46,147.37,147.46,669
2021-11-23,147.49,147.72,147.49,147.72,1012
2021-11-23,147.59,147.72,147.59,147.65,2103
2021-11-23,147.68,147.93,147.68,147.9,1702
2021-11-23,147.875,147.94,147.875,147.92,727
2021-11-23,147.81,147.92,147.76,147.76,1793
2021-11-23,147.9,147.9,147.75,147.75,915
2021-11-23,147.93,148.16,147.93,148.16,1070
2021-11-23,148.16,148.21,148.16,148.2,1584
2021-11-23,148.12,148.25,148.12,148.19,2113
2021-11-23,148.01,148.01,147.88,147.94,1105
2021-11-23,147.73,147.75,147.64,147.74,1119
2021-11-23,147.84,147.91,147.81,147.81,994
2021-11-23,147.82,147.94,147.69,147.69,2311
2021-11-23,147.66,147.93,147.66,147.93,1792
2021-11-23,147.94,148.11,147.89,148.11,1414
2021-11-23,148.12,148.28,148.12,148.28,1444
2021-11-23,148.12,148.14,147.79,147.79,1352
2021-11-23,147.76,147.76,147.57,147.68,1491
2021-11-23,147.79,148.06,147.75,148.06,1426
2021-11-23,148.07,148.26,148.07,148.26,1675
2021-11-23,148.2,148.2,148.09,148.14,2633
2021-11-23,148.15,148.19,148.08,148.165,2026
2021-11-23,148.17,148.17,148.07,148.07,1711
2021-11-23,148.12,148.17,148.12,148.17,945
2021-11-23,148.11,148.11,147.97,148.06,2040
2021-11-23,147.995,147.995,147.82,147.85,2388
2021-11-23,147.84,147.84,147.45,147.45,1583
2021-11-23,147.37,147.59,147.37,147.55,1801
2021-11-23,147.56,147.565,147.42,147.56,4361
2021-11-23,147.62,147.7,147.5,147.7,1913
2021-11-23,147.785,147.82,147.7,147.72,1700
2021-11-23,147.73,147.99,147.73,147.95,2592
2021-11-23,147.945,147.95,147.75,147.78,2225
2021-11-23,147.75,147.935,147.75,147.84,860
2021-11-23,147.83,147.97,147.77,147.97,1546
2021-11-23,147.94,148.08,147.91,148.07,1213
2021-11-23,148.03,148.185,148.03,148.15,1209
2021-11-23,148.065,148.065,147.72,147.73,2241
2021-11-23,147.64,148.01,147.64,147.91,1435
2021-11-23,147.91,147.91,147.66,147.72,1973
2021-11-23,147.7,147.76,147.46,147.47,5203
2021-11-23,147.51,147.51,147.39,147.44,3733
2021-11-23,147.43,147.47,147.17,147.24,4169
2021-11-23,147.17,147.225,147.02,147.185,7141
2021-11-23,147.17,147.17,147.07,147.1,4235
2021-11-23,147.01,147.53,146.98,147.41,2527
2021-11-23,147.45,147.45,147.36,147.41,315
2021-11-23,147.29,147.29,147.2,147.21,707
2021-11-23,147.14,147.14,146.9,147,847
2021-11-23,146.98,147.07,146.8,146.8,6818
2021-11-23,146.7,146.7,146.32,146.375,1466
2021-11-23,146.41,146.73,146.41,146.71,2222
2021-11-23,146.71,146.77,146.65,146.65,1553
2021-11-23,146.64,146.665,146.355,146.54,1860
2021-11-23,146.58,146.63,146.27,146.41,2555
2021-11-23,146.3,146.3,146.2,146.29,1199
2021-11-23,146.21,146.265,146.09,146.16,2014
2021-11-23,146.185,146.61,146.17,146.58,2624
2021-11-23,146.57,146.76,146.57,146.75,2291
2021-11-23,146.645,146.645,146.54,146.57,534
2021-11-23,146.62,146.62,146.1,146.14,1464
2021-11-23,146.15,146.285,146.12,146.12,511
2021-11-23,146.13,146.14,145.78,145.87,5798
2021-11-23,146.09,146.24,145.97,146.24,1075
2021-11-23,146.21,146.21,146.09,146.13,415
2021-11-23,146.3,146.605,146.28,146.605,2787
2021-11-23,146.62,146.84,146.55,146.8,2259
2021-11-23,146.78,146.78,146.51,146.51,1321
2021-11-23,146.51,146.55,146.32,146.4,1139
2021-11-23,146.5,146.71,146.5,146.67,753
2021-11-23,146.56,146.56,146.56,146.56,231
2021-11-23,146.52,146.59,146.52,146.55,586
2021-11-23,146.51,146.51,146.38,146.38,1053
2021-11-23,146.39,146.39,146.15,146.32,1608
2021-11-23,146.26,146.4,146.26,146.4,733
2021-11-23,146.39,146.39,146.13,146.13,632
2021-11-23,146.35,146.48,146.35,146.48,706
2021-11-23,146.23,146.23,146.2,146.2,548
2021-11-23,146.17,146.26,146.125,146.26,3589
2021-11-23,146.3,146.43,146.11,146.18,1172
2021-11-23,146.29,146.49,146.29,146.49,500
2021-11-23,146.39,146.39,146.3,146.34,714
2021-11-23,146.3,146.3,146.14,146.18,1665
2021-11-23,146.11,146.45,146.11,146.38,3536
2021-11-23,146.38,146.45,146.3,146.45,1664
2021-11-23,146.33,146.33,146.18,146.18,2278
2021-11-23,146.2,146.3,146.13,146.24,5676
2021-11-23,146.14,146.14,146,146,1988
2021-11-23,146,146.01,145.88,146,3691
2021-11-23,146.1,146.4,146.1,146.4,4703
2021-11-23,146.52,146.75,146.52,146.75,1786
2021-11-23,146.74,146.82,146.7,146.8,1111
2021-11-23,146.815,146.815,146.65,146.72,528
2021-11-23,146.81,147.09,146.81,147.05,1771
2021-11-23,147.05,147.13,147.05,147.13,344
2021-11-23,147.05,147.28,147.05,147.28,1489
2021-11-23,147.4,147.4,147.3,147.33,824
2021-11-23,147.385,147.385,147.38,147.38,327
2021-11-23,147.59,147.64,147.49,147.64,526
2021-11-23,147.585,147.585,147.24,147.27,870
2021-11-23,147.415,147.415,147.31,147.31,535
2021-11-23,147.18,147.21,147.05,147.08,1016
2021-11-23,147.06,147.18,147.04,147.11,471
2021-11-23,147.18,147.23,147.18,147.21,573
2021-11-23,147.05,147.08,146.89,146.89,994
2021-11-23,146.9,146.9,146.76,146.85,947
2021-11-23,146.74,146.76,146.68,146.68,300
2021-11-23,146.89,146.91,146.89,146.91,567
2021-11-23,146.89,147.37,146.89,147.33,1392
2021-11-23,146.97,146.97,146.95,146.95,578
2021-11-23,146.85,146.85,146.8,146.8,227
2021-11-23,146.85,146.96,146.85,146.9,628
2021-11-23,146.89,146.89,146.81,146.82,488
2021-11-23,146.86,146.9,146.86,146.9,765
2021-11-23,146.75,146.82,146.69,146.79,614
2021-11-23,146.865,147,146.865,146.91,626
2021-11-23,147.09,147.09,146.93,146.95,941
2021-11-23,146.83,146.87,146.54,146.55,1923
2021-11-23,146.57,146.59,146.32,146.47,2998
2021-11-23,146.43,146.44,146.32,146.4,3082
2021-11-23,146.4,146.505,146.4,146.505,310
2021-11-23,146.485,146.56,146.42,146.42,935
2021-11-23,146.39,146.6,146.39,146.5,617
2021-11-23,146.56,146.72,146.56,146.66,1114
2021-11-23,146.55,146.62,146.44,146.61,1072
2021-11-23,146.63,147.35,146.63,147.35,4198
2021-11-23,147.26,147.26,147.08,147.08,883
2021-11-23,146.95,147.135,146.86,147.135,1532
2021-11-23,147.11,147.17,147.11,147.12,769
2021-11-23,147.08,147.08,146.88,147,1085
2021-11-23,146.93,146.94,146.85,146.85,1152
2021-11-23,146.88,146.91,146.88,146.89,937
2021-11-23,147.1,147.1,147.1,147.1,252
2021-11-23,146.89,146.89,146.81,146.86,1354
2021-11-23,146.83,146.85,146.77,146.78,1899
2021-11-23,146.75,146.96,146.75,146.85,1582
2021-11-23,146.78,146.95,146.78,146.94,1153
2021-11-23,146.985,147.42,146.985,147.42,1908
2021-11-23,147.33,147.43,147.33,147.35,582
2021-11-23,147.4,147.49,147.38,147.44,2148
2021-11-23,147.35,147.35,147.21,147.21,486
2021-11-23,147.48,147.48,147.45,147.45,869
2021-11-23,147.29,147.38,147.29,147.38,607
2021-11-23,147.49,147.49,147.41,147.41,931
2021-11-23,147.6,147.89,147.52,147.89,2422
2021-11-23,147.895,148.02,147.89,148,1602
2021-11-23,147.88,147.94,147.85,147.86,1850
2021-11-23,147.85,148.08,147.85,148.03,3976
2021-11-23,148.05,148.37,148.01,148.37,3326
2021-11-23,148.34,148.45,148.33,148.4,1907
2021-11-23,148.48,148.62,148.4,148.62,3502
2021-11-23,148.73,148.8,148.48,148.73,2257
2021-11-23,148.74,148.74,148.55,148.61,4425
2021-11-23,148.615,148.615,148.41,148.48,3840
2021-11-23,148.48,148.545,148.415,148.48,9269
2021-11-23,148.5,148.74,148.49,148.66,6812
2021-11-23,148.6,148.88,148.6,148.67,1800
2021-11-23,148.6,148.62,148.43,148.43,961
2021-11-23,148.5,148.56,148.31,148.44,5955
2021-11-23,148.52,148.705,148.52,148.69,2520
2021-11-23,148.77,148.8,148.685,148.685,1901
2021-11-23,148.6,148.835,148.6,148.67,1238
2021-11-23,148.72,148.72,148.375,148.375,2052
2021-11-23,148.375,148.45,148.35,148.41,1566
2021-11-23,148.39,148.39,148.18,148.28,5209
2021-11-23,148.465,148.65,148.42,148.65,2148
2021-11-23,148.675,148.85,148.675,148.85,2466
2021-11-23,148.76,148.88,148.75,148.83,1701
2021-11-23,148.77,148.795,148.715,148.795,2009
2021-11-23,148.84,148.84,148.72,148.77,1884
2021-11-23,148.91,148.91,148.72,148.81,1541
2021-11-23,148.75,148.885,148.7,148.885,1667
2021-11-23,148.83,149.12,148.83,149.06,1925
2021-11-23,149.05,149.09,148.92,149.09,2514
2021-11-23,149.14,149.275,149.03,149.275,2624
2021-11-23,149.29,149.72,149.29,149.72,1833
2021-11-23,149.555,149.77,149.555,149.57,2127
2021-11-23,149.43,149.67,149.42,149.42,890
2021-11-23,149.48,149.48,149.48,149.48,438
2021-11-23,149.45,149.75,149.215,149.28,2415
2021-11-23,149.15,149.3,148.96,149.3,2326
2021-11-23,149.32,149.32,149.125,149.125,899
2021-11-23,149.15,149.29,149.15,149.245,592
2021-11-23,149.22,149.22,149.06,149.06,1296
2021-11-23,148.89,148.94,148.87,148.87,1167
2021-11-23,148.855,149.06,148.82,149.06,2442
2021-11-23,149.02,149.22,149.02,149.22,644
2021-11-23,149.14,149.28,149.14,149.28,2389
2021-11-23,149.02,149.02,148.84,148.84,659
2021-11-23,148.805,148.87,148.655,148.68,1414
2021-11-23,148.73,148.73,148.53,148.53,1223
2021-11-23,148.63,149.11,148.63,149.02,3484
2021-11-23,149,149.13,148.82,149.11,1654
2021-11-23,149.14,149.14,149.055,149.055,859
2021-11-23,148.91,148.945,148.91,148.91,1015
2021-11-23,148.78,148.84,148.78,148.84,791
2021-11-23,148.82,148.88,148.55,148.55,2672
2021-11-23,148.63,148.94,148.63,148.94,1429
2021-11-23,149.025,149.11,149.025,149.11,1156
2021-11-23,149.12,149.33,149.12,149.33,866
2021-11-23,149.32,149.32,149.03,149.07,1910
2021-11-23,149.06,149.37,149.06,149.33,1301
2021-11-23,149.265,149.3,149.12,149.12,1201
2021-11-23,149.13,149.26,149.12,149.23,941
2021-11-23,149.35,149.35,149.19,149.19,1455
2021-11-23,149.23,149.26,149.12,149.26,1757
2021-11-23,149.23,149.27,149.11,149.19,5362
2021-11-23,149.18,149.18,148.84,148.91,2248
2021-11-23,148.78,149.35,148.78,149.33,3731
2021-11-23,149.31,149.31,149.25,149.25,1415
2021-11-23,149.21,149.24,149.17,149.2,1755
2021-11-23,149.26,149.26,149.09,149.18,7298
2021-11-23,149.17,149.32,149.13,149.32,6180
2021-11-23,149.35,149.46,149.34,149.39,4848
2021-11-23,149.4,149.51,149.34,149.51,5150
2021-11-23,149.48,149.81,149.44,149.65,6486
2021-11-23,149.64,149.65,149.54,149.625,5066
2021-11-23,149.62,149.7,149.56,149.62,7958
2021-11-23,149.085,149.34,149.085,149.3,685.0
