Date,Open,High,Low,Close,Volume
2021-11-19,140.305,140.35,140.22,140.22,1902
2021-11-19,140.16,140.27,140.15,140.265,3441
2021-11-19,140.32,140.425,140.28,140.39,3846
2021-11-19,140.41,140.45,140.35,140.39,4997
2021-11-19,140.43,140.52,140.4,140.4,3819
2021-11-19,140.45,140.5,140.36,140.36,2424
2021-11-19,140.285,140.365,140.25,140.31,6646
2021-11-19,140.29,140.35,140.28,140.35,1844
2021-11-19,140.29,140.33,140.21,140.21,3207
2021-11-19,140.215,140.215,140.15,140.15,4210
2021-11-19,140.12,140.25,140.12,140.25,5324
2021-11-19,140.265,140.34,140.25,140.34,3780
2021-11-19,140.34,140.34,140.3,140.32,2919
2021-11-19,140.315,140.315,140.21,140.21,1196
2021-11-19,140.13,140.14,140.08,140.14,3536
2021-11-19,140.13,140.205,140.13,140.18,2487
2021-11-19,140.19,140.22,140.16,140.16,2055
2021-11-19,140.15,140.27,140.15,140.26,3669
2021-11-19,140.2,140.245,140.17,140.22,2333
2021-11-19,140.23,140.25,140.215,140.23,1687
2021-11-19,140.12,140.14,140.1,140.13,1468
2021-11-19,140.13,140.15,140.1,140.11,1223
2021-11-19,140.08,140.14,140.08,140.14,1110
2021-11-19,140.13,140.13,140.05,140.055,983
2021-11-19,140.01,140.02,140,140.02,5581
2021-11-19,140.03,140.06,140.03,140.04,1739
2021-11-19,140.025,140.05,140.02,140.05,894
2021-11-19,140.07,140.13,140.05,140.13,1622
2021-11-19,140.15,140.17,140.12,140.12,701
2021-11-19,140.11,140.145,140.11,140.125,1280
2021-11-19,140.11,140.13,140.05,140.05,1416
2021-11-19,140.095,140.25,140.095,140.2,4677
2021-11-19,140.165,140.19,140.14,140.19,1973
2021-11-19,140.175,140.18,140.15,140.17,2456
2021-11-19,140.13,140.14,140.11,140.14,1456
2021-11-19,140.16,140.23,140.11,140.15,3312
2021-11-19,140.18,140.28,140.18,140.275,1166
2021-11-19,140.3,140.37,140.3,140.35,1582
2021-11-19,140.34,140.43,140.32,140.32,1584
2021-11-19,140.32,140.32,140.16,140.16,1269
2021-11-19,140.21,140.25,140.2,140.25,2080
2021-11-19,140.23,140.23,140.11,140.125,1650
2021-11-19,140.11,140.17,140.04,140.17,1904
2021-11-19,140.18,140.26,140.165,140.26,1292
2021-11-19,140.27,140.33,140.23,140.32,2202
2021-11-19,140.315,140.35,140.27,140.35,1657
2021-11-19,140.35,140.45,140.19,140.19,1559
2021-11-19,140.16,140.22,140.16,140.19,2749
2021-11-19,140.16,140.22,140.16,140.215,2445
2021-11-19,140.255,140.34,140.255,140.34,3299
2021-11-19,140.32,140.37,140.26,140.27,3068
2021-11-19,140.21,140.26,140.17,140.19,2029
2021-11-19,140.23,140.265,140.23,140.26,848
2021-11-19,140.27,140.33,140.26,140.33,1622
2021-11-19,140.225,140.32,140.22,140.29,10178
2021-11-19,140.29,140.42,140.29,140.39,2146
2021-11-19,140.4,140.41,140.35,140.41,5115
2021-11-19,140.43,140.46,140.42,140.46,2880
2021-11-19,140.49,140.49,140.35,140.35,1497
2021-11-19,140.36,140.4,140.35,140.38,1860
2021-11-19,140.37,140.385,140.22,140.22,9797
2021-11-19,140.21,140.32,140.18,140.31,1198
2021-11-19,140.33,140.38,140.32,140.35,1534
2021-11-19,140.37,140.39,140.35,140.35,1427
2021-11-19,140.34,140.41,140.34,140.4,2384
2021-11-19,140.41,140.46,140.41,140.46,1320
2021-11-19,140.485,140.535,140.485,140.53,2922
2021-11-19,140.525,140.53,140.5,140.5,2907
2021-11-19,140.47,140.47,140.39,140.41,608
2021-11-19,140.4,140.4,140.35,140.37,1462
2021-11-19,140.37,140.37,140.34,140.36,1423
2021-11-19,140.36,140.36,140.3,140.32,1194
2021-11-19,140.3,140.32,140.29,140.29,644
2021-11-19,140.41,140.43,140.41,140.425,512
2021-11-19,140.5,140.5,140.41,140.43,1035
2021-11-19,140.48,140.48,140.48,140.48,421
2021-11-19,140.5,140.59,140.47,140.47,2326
2021-11-19,140.47,140.545,140.41,140.51,3261
2021-11-19,140.5,140.57,140.49,140.56,4660
2021-11-19,140.555,140.66,140.555,140.66,1620
2021-11-19,140.6,140.6,140.52,140.52,1631
2021-11-19,140.53,140.53,140.53,140.53,2620
2021-11-19,140.51,140.545,140.51,140.545,3226
2021-11-19,140.57,140.61,140.51,140.515,2336
2021-11-19,140.61,140.61,140.61,140.61,348
2021-11-19,140.72,140.72,140.69,140.69,816
2021-11-19,140.61,140.61,140.56,140.61,361
2021-11-19,140.62,140.63,140.615,140.63,1395
2021-11-19,140.62,140.63,140.42,140.47,3731
2021-11-19,140.39,140.39,140.39,140.39,502
2021-11-19,140.5,140.56,140.48,140.55,1268
2021-11-19,140.63,140.63,140.62,140.62,571
2021-11-19,140.575,140.575,140.51,140.55,811
2021-11-19,140.555,140.56,140.555,140.56,530
2021-11-19,140.54,140.54,140.53,140.53,464
2021-11-19,140.53,140.595,140.53,140.595,894
2021-11-19,140.595,140.62,140.59,140.62,2943
2021-11-19,140.63,140.65,140.62,140.64,970
2021-11-19,140.65,140.68,140.65,140.68,1000
2021-11-19,140.72,140.74,140.7,140.72,2143
2021-11-19,140.735,140.735,140.73,140.73,2624
2021-11-19,140.74,140.74,140.71,140.71,754
2021-11-19,140.62,140.65,140.62,140.65,477
2021-11-19,140.78,140.795,140.685,140.685,1938
2021-11-19,140.75,140.76,140.745,140.76,1542
2021-11-19,140.78,140.8,140.78,140.8,1064
2021-11-19,140.825,140.83,140.79,140.79,6396
2021-11-19,140.78,140.78,140.68,140.68,4379
2021-11-19,140.7,140.7,140.62,140.68,3212
2021-11-19,140.7,140.73,140.7,140.72,759
2021-11-19,140.74,140.79,140.74,140.78,1138
2021-11-19,140.82,140.84,140.82,140.83,1493
2021-11-19,140.85,140.885,140.85,140.885,1331
2021-11-19,140.88,140.88,140.83,140.83,525
2021-11-19,140.83,140.84,140.73,140.73,3574
2021-11-19,140.63,140.63,140.63,140.63,140
2021-11-19,140.56,140.56,140.48,140.48,1283
2021-11-19,140.46,140.49,140.215,140.23,1116
2021-11-19,140.18,140.19,140.16,140.16,566
2021-11-19,140.28,140.42,140.27,140.4,1457
2021-11-19,140.4,140.45,140.36,140.45,621
2021-11-19,140.51,140.51,140.465,140.465,443
2021-11-19,140.46,140.46,140.44,140.44,417
2021-11-19,140.41,140.48,140.41,140.46,1112
2021-11-19,140.42,140.52,140.42,140.52,1366
2021-11-19,140.52,140.55,140.45,140.5,1428
2021-11-19,140.56,140.59,140.495,140.59,632
2021-11-19,140.62,140.635,140.6,140.61,3109
2021-11-19,140.535,140.65,140.535,140.65,683
2021-11-19,140.505,140.525,140.505,140.51,1550
2021-11-19,140.51,140.55,140.5,140.55,805
2021-11-19,140.53,140.55,140.52,140.55,1449
2021-11-19,140.54,140.54,140.5,140.52,659
2021-11-19,140.53,140.58,140.53,140.58,573
2021-11-19,140.57,140.57,140.54,140.55,1806
2021-11-19,140.54,140.555,140.5,140.5,683
2021-11-19,140.44,140.44,140.41,140.44,2100
2021-11-19,140.465,140.465,140.36,140.39,1424
2021-11-19,140.35,140.35,140.28,140.28,599
2021-11-19,140.29,140.29,140.23,140.23,613
2021-11-19,140.26,140.275,140.26,140.26,834
2021-11-19,140.26,140.28,140.24,140.28,1984
2021-11-19,140.27,140.34,140.27,140.29,1036
2021-11-19,140.28,140.3,140.28,140.29,553
2021-11-19,140.34,140.355,140.3,140.3,834
2021-11-19,140.23,140.23,140.23,140.23,125
2021-11-19,140.22,140.29,140.22,140.275,835
2021-11-19,140.21,140.21,140.21,140.21,199
2021-11-19,140.26,140.27,140.26,140.27,513
2021-11-19,140.25,140.25,140.25,140.25,221
2021-11-19,140.32,140.32,140.26,140.26,318
2021-11-19,140.245,140.31,140.245,140.31,998
2021-11-19,140.34,140.345,140.325,140.325,463
2021-11-19,140.325,140.34,140.325,140.34,339
2021-11-19,140.33,140.33,140.315,140.325,622
2021-11-19,140.325,140.41,140.325,140.345,2109
2021-11-19,140.335,140.41,140.335,140.37,2431
2021-11-19,140.34,140.345,140.31,140.32,1591
2021-11-19,140.35,140.37,140.35,140.37,722
2021-11-19,140.34,140.34,140.3,140.3,546
2021-11-19,140.305,140.305,140.29,140.305,1220
2021-11-19,140.33,140.405,140.33,140.39,518
2021-11-19,140.39,140.42,140.38,140.38,661
2021-11-19,140.415,140.45,140.415,140.44,1102
2021-11-19,140.455,140.525,140.455,140.525,2070
2021-11-19,140.52,140.54,140.5,140.5,819
2021-11-19,140.51,140.51,140.49,140.51,1142
2021-11-19,140.54,140.56,140.51,140.56,969
2021-11-19,140.57,140.57,140.56,140.57,1155
2021-11-19,140.57,140.59,140.56,140.57,1152
2021-11-19,140.55,140.565,140.55,140.565,645
2021-11-19,140.525,140.56,140.525,140.56,1878
2021-11-19,140.58,140.61,140.58,140.61,1226
2021-11-19,140.61,140.73,140.61,140.71,1003
2021-11-19,140.695,140.745,140.695,140.725,10798
2021-11-19,140.725,140.76,140.725,140.76,2786
2021-11-19,140.74,140.745,140.7,140.7,1300
2021-11-19,140.59,140.64,140.58,140.625,792
2021-11-19,140.63,140.65,140.63,140.63,504
2021-11-19,140.66,140.69,140.615,140.64,2402
2021-11-19,140.6,140.63,140.6,140.63,559
2021-11-19,140.6,140.6,140.5,140.5,9220
2021-11-19,140.525,140.54,140.45,140.51,1333
2021-11-19,140.5,140.5,140.46,140.46,613
2021-11-19,140.44,140.565,140.44,140.565,1506
2021-11-19,140.58,140.595,140.54,140.595,985
2021-11-19,140.58,140.585,140.52,140.52,1001
2021-11-19,140.47,140.52,140.47,140.51,840
2021-11-19,140.525,140.55,140.52,140.55,1185
2021-11-19,140.48,140.545,140.48,140.54,814
2021-11-19,140.51,140.55,140.5,140.5,1110
2021-11-19,140.5,140.5,140.33,140.33,2187
2021-11-19,140.285,140.3,140.285,140.3,532
2021-11-19,140.29,140.36,140.29,140.36,1850
2021-11-19,140.39,140.48,140.37,140.48,2162
2021-11-19,140.475,140.53,140.475,140.51,1780
2021-11-19,140.55,140.6,140.55,140.6,792
2021-11-19,140.53,140.555,140.53,140.555,632
2021-11-19,140.5,140.57,140.47,140.47,4356
2021-11-19,140.41,140.41,140.33,140.34,1779
2021-11-19,140.36,140.36,140.28,140.33,1368
2021-11-19,140.34,140.36,140.325,140.325,1004
2021-11-19,140.315,140.35,140.315,140.34,905
2021-11-19,140.34,140.34,140.25,140.25,570
2021-11-19,140.32,140.36,140.32,140.36,799
2021-11-19,140.32,140.36,140.31,140.36,429
2021-11-19,140.34,140.4,140.34,140.4,1093
2021-11-19,140.36,140.36,140.27,140.27,943
2021-11-19,140.27,140.28,140.25,140.25,1306
2021-11-19,140.255,140.26,140.19,140.19,1214
2021-11-19,140.165,140.165,140.125,140.125,678
2021-11-19,140.145,140.2,140.145,140.2,1745
2021-11-19,140.21,140.22,140.2,140.2,410
2021-11-19,140.18,140.28,140.18,140.25,1658
2021-11-19,140.25,140.42,140.25,140.4,2323
2021-11-19,140.42,140.43,140.36,140.36,1750
2021-11-19,140.45,140.45,140.33,140.37,1785
2021-11-19,140.42,140.47,140.4,140.4,2459
2021-11-19,140.53,140.54,140.495,140.495,1742
2021-11-19,140.5,140.525,140.48,140.48,2815
2021-11-19,140.495,140.495,140.335,140.335,2397
2021-11-19,140.34,140.405,140.27,140.295,5848
2021-11-19,140.295,140.36,140.22,140.28,5200
2021-11-19,140.31,140.315,140.215,140.245,5749
2021-11-19,140.235,140.28,140.23,140.275,7287
2021-11-19,140.275,140.295,140.265,140.295,5124
2021-11-19,140.305,140.33,140.24,140.24,11162
2021-11-19,140.24,140.265,140.2,140.2,13775
2021-11-19,140.175,140.19,140.16,140.185,12016
2021-11-19,140.185,140.195,140.145,140.195,10236
2021-11-19,140.195,140.33,140.165,140.27,13840
2021-11-19,140.265,140.265,140.13,140.155,13395
2021-11-19,140.16,140.35,140.155,140.3,10779
2021-11-19,140.295,140.31,140.25,140.26,13011
2021-11-19,140.26,140.275,140.25,140.27,11972
2021-11-19,140.27,140.36,140.27,140.36,10582
2021-11-19,140.38,140.385,140.3,140.34,14308
2021-11-22,139.99,140.01,139.99,140.01,538
2021-11-22,140,140.085,139.99,140.05,4329
2021-11-22,140.03,140.7,140.005,140.285,36504
2021-11-22,140.45,140.605,140.31,140.605,9517
2021-11-22,140.56,140.56,140.34,140.51,13481
2021-11-22,140.495,140.535,140.15,140.18,13605
2021-11-22,140.05,140.34,140.02,140.21,22910
2021-11-22,140.245,140.27,139.91,139.91,32180
2021-11-22,139.83,140.06,139.785,139.845,35837
2021-11-22,139.88,139.965,139.83,139.89,30686
2021-11-22,139.95,139.97,139.03,139.03,8515
2021-11-22,139.08,139.37,138.81,139.37,6912
2021-11-22,139.56,139.57,139.405,139.46,1862
2021-11-22,139.33,139.7,139.33,139.53,6056
2021-11-22,139.56,139.71,139.42,139.445,8354
2021-11-22,139.51,139.7,139.51,139.7,4946
2021-11-22,139.5,139.5,139.27,139.27,3040
2021-11-22,139.31,139.48,139.31,139.45,3551
2021-11-22,139.385,139.385,139.11,139.3,3486
2021-11-22,139.24,139.325,138.87,139.14,4396
2021-11-22,139.19,139.19,138.99,138.99,1255
2021-11-22,138.96,139.035,138.81,138.88,2975
2021-11-22,138.98,138.98,138.92,138.92,805
2021-11-22,138.88,139.32,138.87,139.24,4800
2021-11-22,139.31,139.425,139.14,139.24,6182
2021-11-22,139.31,139.31,139.07,139.08,1379
2021-11-22,139.02,139.29,139.02,139.2,3345
2021-11-22,139.17,139.21,139.16,139.16,992
2021-11-22,139.125,139.14,138.98,139,2277
2021-11-22,139,139.03,138.95,138.98,1938
2021-11-22,139.01,139.07,138.99,139.06,6817
2021-11-22,139.04,139.39,139.01,139.305,3375
2021-11-22,139.37,139.43,139.31,139.34,3718
2021-11-22,139.2,139.375,139.2,139.375,3513
2021-11-22,139.38,139.41,139.355,139.355,1597
2021-11-22,139.32,139.32,139.19,139.22,1480
2021-11-22,139.095,139.095,138.915,138.915,5208
2021-11-22,139.03,139.03,138.92,138.935,3650
2021-11-22,138.88,138.96,138.72,138.8,8611
2021-11-22,138.79,138.81,138.62,138.81,4019
2021-11-22,138.81,138.835,138.59,138.66,2144
2021-11-22,138.67,138.725,138.67,138.69,1866
2021-11-22,138.62,138.83,138.62,138.805,7561
2021-11-22,138.79,138.83,138.68,138.68,8088
2021-11-22,138.69,138.75,138.68,138.71,2677
2021-11-22,138.69,138.69,138.5,138.55,5248
2021-11-22,138.545,138.705,138.26,138.27,4875
2021-11-22,138.27,138.345,138.19,138.345,2104
2021-11-22,138.235,138.235,138.11,138.11,3495
2021-11-22,138.12,138.12,137.96,138.1,3933
2021-11-22,138.1,138.1,137.88,137.92,3670
2021-11-22,137.93,138.01,137.91,137.915,3769
2021-11-22,137.77,137.85,137.65,137.65,1912
2021-11-22,137.54,137.6,137.37,137.37,4372
2021-11-22,137.35,137.55,137.35,137.55,2599
2021-11-22,137.57,137.57,137.5,137.51,3187
2021-11-22,137.44,137.47,137.19,137.23,3359
2021-11-22,137.16,137.16,137.04,137.12,3093
2021-11-22,137.05,137.13,137.01,137.01,704
2021-11-22,136.97,137.115,136.96,137.115,2671
2021-11-22,137.18,137.26,137.18,137.24,1608
2021-11-22,137.235,137.31,137.21,137.26,2952
2021-11-22,137.26,137.27,137.21,137.21,584
2021-11-22,137.155,137.16,137.115,137.115,748
2021-11-22,137.125,137.45,137.12,137.42,6121
2021-11-22,137.39,137.48,137.39,137.42,5341
2021-11-22,137.39,137.48,137.355,137.36,6060
2021-11-22,137.4,137.44,137.3,137.4,1783
2021-11-22,137.27,137.37,137.23,137.36,2381
2021-11-22,137.24,137.46,137.23,137.41,1870
2021-11-22,137.46,137.6,137.38,137.6,1711
2021-11-22,137.68,137.78,137.67,137.67,652
2021-11-22,137.71,137.71,137.57,137.57,1267
2021-11-22,137.51,137.6,137.51,137.52,1141
2021-11-22,137.58,137.58,137.3,137.3,886
2021-11-22,137.425,137.59,137.41,137.56,3210
2021-11-22,137.555,137.6,137.41,137.415,11633
2021-11-22,137.52,137.53,137.49,137.53,677
2021-11-22,137.67,137.7,137.58,137.58,14341
2021-11-22,137.61,137.67,137.54,137.59,4130
2021-11-22,137.62,137.62,137.46,137.58,2435
2021-11-22,137.53,137.535,137.42,137.5,2162
2021-11-22,137.48,137.48,137.41,137.42,712
2021-11-22,137.44,137.45,137.34,137.34,4935
2021-11-22,137.4,137.43,137.4,137.42,2302
2021-11-22,137.42,137.58,137.42,137.49,6790
2021-11-22,137.5,137.5,137.5,137.5,466
2021-11-22,137.35,137.35,137.17,137.17,2782
2021-11-22,137.235,137.35,137.235,137.31,492
2021-11-22,137.38,137.38,137.22,137.24,596
2021-11-22,137.195,137.26,137.155,137.17,4386
2021-11-22,137.24,137.24,137.12,137.12,967
2021-11-22,137.13,137.14,136.86,136.86,2965
2021-11-22,136.92,136.92,136.88,136.88,744
2021-11-22,136.91,136.91,136.82,136.82,791
2021-11-22,137.04,137.26,137.04,137.23,2028
2021-11-22,137.21,137.22,137.06,137.06,720
2021-11-22,137.13,137.14,137.1,137.1,2500
2021-11-22,137.13,137.15,136.99,136.99,1880
2021-11-22,136.99,137.19,136.99,137.19,1488
2021-11-22,137.16,137.16,136.97,137.03,5223
2021-11-22,137.04,137.055,136.91,136.97,10464
2021-11-22,136.97,136.97,136.69,136.73,6494
2021-11-22,136.67,136.805,136.63,136.74,12719
2021-11-22,136.72,136.88,136.72,136.79,4888
2021-11-22,136.8,136.925,136.7,136.72,3511
2021-11-22,136.76,136.77,136.47,136.5,5308
2021-11-22,136.5,136.7,136.48,136.7,1154
2021-11-22,136.66,136.69,136.63,136.65,1305
2021-11-22,136.67,136.82,136.66,136.73,2695
2021-11-22,136.73,136.84,136.7,136.78,1840
2021-11-22,136.74,136.745,136.68,136.68,2164
2021-11-22,136.69,136.83,136.69,136.77,4527
2021-11-22,136.76,136.905,136.75,136.905,4361
2021-11-22,136.89,136.9,136.71,136.71,9815
2021-11-22,136.755,136.77,136.7,136.75,1458
2021-11-22,136.7,136.73,136.54,136.56,3955
2021-11-22,136.505,136.53,136.15,136.15,3143
2021-11-22,136.17,136.23,135.9,136.03,7289
2021-11-22,136.065,136.065,135.99,135.99,3093
2021-11-22,136.015,136.035,135.975,136.01,2947
2021-11-22,135.99,136.17,135.99,136.17,1356
2021-11-22,136.24,136.24,136.17,136.17,1326
2021-11-22,136.18,136.18,136.13,136.135,1842
2021-11-22,136.11,136.27,136.11,136.27,1874
2021-11-22,136.26,136.365,136.26,136.335,1748
2021-11-22,136.35,136.35,136.26,136.26,2284
2021-11-22,136.38,136.43,136.33,136.41,1869
2021-11-22,136.26,136.28,136.19,136.245,2801
2021-11-22,136.11,136.13,136,136.11,2305
2021-11-22,136.09,136.165,135.99,136.05,4217
2021-11-22,136.09,136.11,135.98,136,2876
2021-11-22,136.075,136.1,135.985,136.02,3463
2021-11-22,136.05,136.07,135.96,136,4274
2021-11-22,135.97,136.09,135.97,135.99,10189
2021-11-22,135.975,135.975,135.9,135.9,2740
2021-11-22,135.9,135.9,135.72,135.76,1573
2021-11-22,135.7,135.7,135.48,135.5,6742
2021-11-22,135.505,135.535,135.38,135.38,4082
2021-11-22,135.38,135.45,135.24,135.25,3592
2021-11-22,135.28,135.28,135.23,135.25,1833
2021-11-22,135.3,135.445,135.28,135.42,1803
2021-11-22,135.45,135.45,135.28,135.28,17886
2021-11-22,135.24,135.37,135.24,135.37,1156
2021-11-22,135.37,135.63,135.35,135.63,2295
2021-11-22,135.63,135.83,135.63,135.68,3102
2021-11-22,135.575,135.69,135.575,135.64,3143
2021-11-22,135.61,135.64,135.5,135.62,4235
2021-11-22,135.63,135.93,135.63,135.76,6323
2021-11-22,135.75,135.82,135.63,135.82,3778
2021-11-22,135.9,136.155,135.9,136.15,1894
2021-11-22,136.155,136.26,136.155,136.25,1470
2021-11-22,136.13,136.185,136.09,136.12,1530
2021-11-22,136.16,136.32,136.06,136.32,3166
2021-11-22,136.285,136.285,136.18,136.24,1117
2021-11-22,136.245,136.245,136.1,136.18,7477
2021-11-22,136.19,136.23,136.135,136.23,2608
2021-11-22,136.225,136.25,136.13,136.13,2355
2021-11-22,136.16,136.255,136.16,136.18,2959
2021-11-22,136.14,136.26,136.09,136.09,1628
2021-11-22,136.1,136.17,136.02,136.04,3257
2021-11-22,135.87,135.98,135.87,135.98,2326
2021-11-22,135.945,135.98,135.9,135.98,1088
2021-11-22,135.94,136.06,135.89,136.06,2629
2021-11-22,136.04,136.065,135.93,135.93,2138
2021-11-22,135.925,135.925,135.68,135.89,11129
2021-11-22,135.9,135.9,135.81,135.87,4439
2021-11-22,135.86,135.93,135.835,135.855,5688
2021-11-22,135.855,136.1,135.845,136.1,8246
2021-11-22,136.14,136.2,136.1,136.11,2170
2021-11-22,136.08,136.1,136.03,136.09,1941
2021-11-22,135.98,135.98,135.87,135.87,974
2021-11-22,135.88,136.05,135.88,136.05,2534
2021-11-22,135.97,136.07,135.955,136.02,2981
2021-11-22,136.03,136.2,136.03,136.15,1990
2021-11-22,136.19,136.34,136.19,136.25,2268
2021-11-22,136.275,136.405,136.25,136.35,3717
2021-11-22,136.4,136.435,136.32,136.32,5319
2021-11-22,136.36,136.56,136.36,136.55,1923
2021-11-22,136.56,136.64,136.53,136.64,1383
2021-11-22,136.64,136.76,136.64,136.76,3120
2021-11-22,136.75,136.83,136.74,136.775,3223
2021-11-22,136.81,136.81,136.75,136.76,2399
2021-11-22,136.79,136.83,136.79,136.815,3331
2021-11-22,136.78,136.83,136.7,136.71,3696
2021-11-22,136.68,136.81,136.64,136.79,3901
2021-11-22,136.79,136.83,136.74,136.8,6254
2021-11-22,136.8,136.82,136.77,136.78,3472
2021-11-22,136.77,136.81,136.75,136.78,2867
2021-11-22,136.78,136.835,136.76,136.83,3838
2021-11-22,136.8,136.8,136.53,136.58,2107
2021-11-22,136.6,136.695,136.6,136.63,3757
2021-11-22,136.64,136.65,136.55,136.58,11462
2021-11-22,136.58,136.62,136.54,136.54,2711
2021-11-22,136.57,136.57,136.37,136.52,15567
2021-11-22,136.555,136.635,136.38,136.605,9910
2021-11-22,136.72,136.775,136.68,136.745,4345
2021-11-22,136.715,136.75,136.635,136.635,3215
2021-11-22,136.63,136.75,136.63,136.7,3549
2021-11-22,136.69,136.79,136.69,136.78,2244
2021-11-22,136.78,136.8,136.55,136.55,2830
2021-11-22,136.59,136.59,136.52,136.59,2216
2021-11-22,136.58,136.74,136.56,136.74,3071
2021-11-22,136.715,136.715,136.5,136.53,2700
2021-11-22,136.53,136.59,136.47,136.52,3224
2021-11-22,136.52,136.61,136.5,136.61,2830
2021-11-22,136.58,136.68,136.57,136.66,1125
2021-11-22,136.67,136.72,136.58,136.58,1950
2021-11-22,136.62,136.65,136.41,136.43,4864
2021-11-22,136.43,136.45,136.2,136.2,3855
2021-11-22,136.23,136.45,136.23,136.45,1709
2021-11-22,136.5,136.5,136.34,136.43,1213
2021-11-22,136.45,136.47,136.43,136.43,1453
2021-11-22,136.32,136.48,136.32,136.46,1217
2021-11-22,136.48,136.61,136.48,136.56,1609
2021-11-22,136.5,136.5,136.42,136.47,1525
2021-11-22,136.52,136.64,136.52,136.61,3931
2021-11-22,136.59,136.61,136.55,136.55,1215
2021-11-22,136.5,136.63,136.48,136.62,2493
2021-11-22,136.64,136.68,136.61,136.65,8770
2021-11-22,136.63,136.655,136.56,136.65,4873
2021-11-22,136.65,136.66,136.6,136.65,2271
2021-11-22,136.68,136.68,136.63,136.64,7858
2021-11-22,136.63,136.72,136.56,136.72,2583
2021-11-22,136.77,136.83,136.73,136.77,4993
2021-11-22,136.77,136.83,136.7,136.79,2355
2021-11-22,136.79,136.83,136.78,136.82,6670
2021-11-22,136.83,136.83,136.72,136.81,3703
2021-11-22,136.78,136.82,136.78,136.78,1694
2021-11-22,136.8,136.82,136.77,136.8,1720
2021-11-22,136.79,136.82,136.74,136.82,2272
2021-11-22,136.82,136.87,136.71,136.72,4074
2021-11-22,136.72,136.81,136.72,136.8,3094
2021-11-22,136.79,136.8,136.77,136.77,1164
2021-11-22,136.8,136.875,136.77,136.865,7228
2021-11-22,136.86,136.935,136.65,136.9,6591
2021-11-22,136.9,136.93,136.76,136.83,2368
2021-11-22,136.84,136.95,136.84,136.92,2093
2021-11-22,136.93,137,136.915,136.99,7730
2021-11-22,137.045,137.15,137,137.05,4865
2021-11-22,137.05,137.05,137,137,1925
2021-11-22,137,137.06,137,137.035,1983
2021-11-22,137,137.01,136.9,136.94,5172
2021-11-22,136.955,137,136.81,136.84,2882
2021-11-22,136.87,136.87,136.61,136.73,2644
2021-11-22,136.75,136.775,136.67,136.75,1116
2021-11-22,136.7,136.83,136.7,136.75,1764
2021-11-22,136.76,136.8,136.74,136.78,2301
2021-11-22,136.75,136.76,136.64,136.76,6555
2021-11-22,136.775,136.79,136.67,136.73,9920
2021-11-22,136.76,136.81,136.72,136.76,2150
2021-11-22,136.8,136.84,136.76,136.805,4076
2021-11-22,136.83,136.875,136.72,136.81,4519
2021-11-22,136.8,136.8,136.68,136.68,5870
2021-11-22,136.67,136.67,136.5,136.56,3033
2021-11-22,136.58,136.65,136.58,136.63,1005
2021-11-22,136.6,136.67,136.6,136.62,1811
2021-11-22,136.62,136.67,136.61,136.65,1690
2021-11-22,136.675,136.72,136.64,136.64,3807
2021-11-22,136.64,136.73,136.64,136.73,1461
2021-11-22,136.725,136.73,136.69,136.7,1930
2021-11-22,136.695,136.73,136.66,136.71,1453
2021-11-22,136.735,136.85,136.735,136.79,1795
2021-11-22,136.8,136.805,136.73,136.77,1770
2021-11-22,136.77,136.83,136.75,136.75,1818
2021-11-22,136.75,136.79,136.71,136.77,1199
2021-11-22,136.77,136.8,136.72,136.72,2234
2021-11-22,136.73,136.83,136.73,136.74,3776
2021-11-22,136.76,136.83,136.76,136.82,2814
2021-11-22,136.83,136.915,136.75,136.81,2656
2021-11-22,136.86,136.96,136.86,136.94,3433
2021-11-22,136.95,137.22,136.95,137.21,3237
2021-11-22,137.21,137.21,137.11,137.11,570
2021-11-22,137.1,137.11,137.04,137.04,445
2021-11-22,137.09,137.22,137.08,137.22,1258
2021-11-22,137.22,137.22,137.15,137.21,1015
2021-11-22,137.23,137.33,137.23,137.33,3058
2021-11-22,137.345,137.4,137.345,137.4,1311
2021-11-22,137.39,137.4,137.335,137.35,1912
2021-11-22,137.3,137.3,137.3,137.3,302
2021-11-22,137.25,137.27,137.17,137.19,2900
2021-11-22,137.22,137.27,137.22,137.27,1164
2021-11-22,137.25,137.31,137.24,137.31,1900
2021-11-22,137.31,137.38,137.31,137.38,874
2021-11-22,137.35,137.35,137.34,137.34,225
2021-11-22,137.36,137.49,137.36,137.48,1844
2021-11-22,137.46,137.46,137.44,137.46,525
2021-11-22,137.45,137.475,137.405,137.405,803
2021-11-22,137.42,137.54,137.42,137.51,1649
2021-11-22,137.33,137.34,137.21,137.315,3177
2021-11-22,137.325,137.325,137.15,137.295,3261
2021-11-22,137.3,137.4,137.295,137.38,4907
2021-11-22,137.39,137.43,137.31,137.36,2230
2021-11-22,137.3,137.34,137.3,137.34,1180
2021-11-22,137.32,137.345,137.275,137.29,755
2021-11-22,137.305,137.37,137.21,137.22,1840
2021-11-22,137.13,137.2,137.13,137.16,965
2021-11-22,137.2,137.25,137.18,137.25,804
2021-11-22,137.24,137.275,137.24,137.275,434
2021-11-22,137.225,137.27,137.225,137.27,1092
2021-11-22,137.35,137.425,137.3,137.3,1920
2021-11-22,137.3,137.32,137.27,137.285,1777
2021-11-22,137.28,137.31,137.28,137.3,533
2021-11-22,137.3,137.43,137.3,137.43,1942
2021-11-22,137.44,137.5,137.44,137.49,1916
2021-11-22,137.495,137.495,137.495,137.495,236
2021-11-22,137.49,137.49,137.47,137.47,518
2021-11-22,137.49,137.585,137.49,137.56,1522
2021-11-22,137.6,137.75,137.6,137.69,1158
2021-11-22,137.67,137.74,137.67,137.74,823
2021-11-22,137.76,137.76,137.7,137.72,551
2021-11-22,137.74,137.87,137.74,137.77,2196
2021-11-22,137.82,137.83,137.8,137.81,670
2021-11-22,137.79,137.84,137.79,137.83,1592
2021-11-22,137.83,137.87,137.83,137.86,903
2021-11-22,137.845,137.87,137.8,137.87,4089
2021-11-22,137.895,137.895,137.77,137.865,9457
2021-11-22,137.86,137.91,137.83,137.9,3242
2021-11-22,137.88,137.9,137.84,137.86,2427
2021-11-22,137.87,137.9,137.87,137.9,1426
2021-11-22,137.89,137.95,137.87,137.91,2348
2021-11-22,137.9,137.9,137.78,137.82,1251
2021-11-22,137.86,137.92,137.83,137.87,2169
2021-11-22,137.885,137.885,137.82,137.875,2213
2021-11-22,137.885,137.885,137.85,137.85,509
2021-11-22,137.84,137.84,137.74,137.79,2362
2021-11-22,137.83,137.89,137.83,137.87,2066
2021-11-22,137.875,137.875,137.845,137.87,710
2021-11-22,137.84,137.87,137.84,137.87,813
2021-11-22,137.875,137.875,137.84,137.845,2663
2021-11-22,137.78,137.78,137.67,137.7,2016
2021-11-22,137.66,137.71,137.585,137.65,3381
2021-11-22,137.7,137.825,137.7,137.825,4451
2021-11-22,137.815,137.815,137.74,137.765,5175
2021-11-22,137.76,137.76,137.68,137.69,4403
2021-11-22,137.675,137.805,137.675,137.78,6840
2021-11-22,137.775,137.81,137.77,137.77,1285
2021-11-22,137.765,137.82,137.75,137.82,2764
2021-11-22,137.88,137.92,137.84,137.875,1633
2021-11-22,137.84,137.84,137.79,137.82,1370
2021-11-22,137.825,137.98,137.825,137.96,3416
2021-11-22,137.99,138.02,137.875,137.915,1788
2021-11-22,137.895,137.895,137.78,137.81,1183
2021-11-22,137.805,137.83,137.71,137.73,1306
2021-11-22,137.71,137.74,137.6,137.6,1110
2021-11-22,137.605,137.665,137.57,137.65,2681
2021-11-22,137.66,137.66,137.465,137.485,1817
2021-11-22,137.57,137.59,137.55,137.55,1220
2021-11-22,137.55,137.55,137.455,137.455,924
2021-11-22,137.45,137.49,137.43,137.49,2427
2021-11-22,137.54,137.58,137.5,137.57,1411
2021-11-22,137.54,137.55,137.52,137.54,1932
2021-11-22,137.535,137.535,137.5,137.505,2135
2021-11-22,137.5,137.5,137.365,137.39,1759
2021-11-22,137.34,137.355,137.26,137.26,2629
2021-11-22,137.225,137.34,137.22,137.34,2451
2021-11-22,137.385,137.42,137.35,137.36,2481
2021-11-22,137.36,137.36,137.26,137.26,3720
2021-11-22,137.28,137.35,137.28,137.315,3001
2021-11-22,137.31,137.63,137.31,137.61,2834
2021-11-22,137.545,137.655,137.5,137.505,2914
2021-11-22,137.48,137.52,137.43,137.48,2162
2021-11-22,137.48,137.55,137.435,137.49,2339
2021-11-22,137.52,137.65,137.52,137.65,2719
2021-11-22,137.665,137.73,137.64,137.68,4161
2021-11-22,137.71,137.735,137.625,137.705,3051
2021-11-22,137.685,137.855,137.68,137.75,4637
2021-11-22,137.735,137.83,137.575,137.635,5694
2021-11-22,137.61,137.71,137.58,137.61,5414
2021-11-22,137.6,137.645,137.53,137.585,8238
2021-11-22,137.57,137.65,137.51,137.51,7968
2021-11-22,137.535,137.55,137.47,137.515,5040
2021-11-22,137.5,137.5,137.4,137.475,5099
2021-11-22,137.47,137.47,137.375,137.43,4801
2021-11-22,137.43,137.465,137.35,137.43,4712
2021-11-22,137.44,137.47,137.36,137.37,6317
2021-11-22,137.395,137.53,137.38,137.47,5819
2021-11-22,137.5,137.5,137.22,137.24,8804
2021-11-22,137.2,137.205,136.91,137.05,15732
2021-11-22,137.05,137.05,136.78,136.83,12606
2021-11-22,136.84,136.91,136.68,136.9,10600
2021-11-22,136.88,136.99,136.87,136.9,17716
2021-11-22,136.9,136.93,136.87,136.9,7437
2021-11-22,136.89,136.97,136.88,136.955,12950
2021-11-22,136.96,136.975,136.85,136.96,15975
2021-11-22,136.955,136.96,136.83,136.87,13938
2021-11-22,136.875,136.895,136.82,136.855,14112
2021-11-22,136.855,136.885,136.77,136.84,18793
2021-11-22,136.86,136.86,136.6,136.64,11372
2021-11-23,137.05,137.05,137.05,137.05,100
2021-11-23,137.07,137.07,137.07,137.07,215
2021-11-23,136.29,136.54,136.15,136.54,2132
2021-11-23,136.4,136.47,136.4,136.47,542
2021-11-23,136.47,136.545,136.02,136.11,9089
2021-11-23,136.05,136.58,135.89,136.58,5042
2021-11-23,136.73,136.73,135.835,135.835,10007
2021-11-23,135.715,136.05,135.695,135.9,5822
2021-11-23,135.7,135.78,134.08,134.16,17257
2021-11-23,134.59,134.935,134.54,134.93,4368
2021-11-23,134.87,134.87,134.74,134.87,3622
2021-11-23,134.9,134.99,134.65,134.67,3007
2021-11-23,134.69,135.4,134.69,135.25,4610
2021-11-23,135.15,135.18,135.1,135.115,3512
2021-11-23,135.18,135.305,135.09,135.09,2908
2021-11-23,135.185,135.56,135.185,135.35,4860
2021-11-23,135.25,135.47,135.25,135.47,1580
2021-11-23,135.4,135.44,135.02,135.13,3552
2021-11-23,135.13,135.6,135.13,135.6,3032
2021-11-23,135.775,135.95,135.75,135.8,3555
2021-11-23,135.82,135.93,135.64,135.92,1409
2021-11-23,135.91,135.99,135.91,135.99,784
2021-11-23,135.78,135.78,135.65,135.65,556
2021-11-23,135.86,136.29,135.86,136.29,1721
2021-11-23,136.65,136.77,136.54,136.54,2087
2021-11-23,136.48,136.77,136.36,136.73,3005
2021-11-23,136.66,136.66,136.49,136.6,1613
2021-11-23,136.43,136.55,136.17,136.17,1505
2021-11-23,136,136.61,136,136.61,1592
2021-11-23,136.67,136.83,136.63,136.76,2172
2021-11-23,136.6,136.6,136.43,136.56,3235
2021-11-23,136.61,136.65,136.6,136.65,796
2021-11-23,136.66,136.66,136.3,136.3,4350
2021-11-23,136.19,136.21,136.05,136.1,1756
2021-11-23,136.185,136.23,135.985,135.995,2055
2021-11-23,136.05,136.19,136.05,136.16,1783
2021-11-23,136.21,136.31,136.2,136.2,1940
2021-11-23,136.32,136.395,136.26,136.395,1844
2021-11-23,136.39,136.39,135.99,135.99,888
2021-11-23,136.06,136.125,135.85,135.85,3091
2021-11-23,135.89,135.92,135.81,135.88,1861
2021-11-23,135.78,135.85,135.765,135.83,2469
2021-11-23,135.79,136.15,135.79,136.11,3511
2021-11-23,135.98,135.98,135.83,135.895,3379
2021-11-23,135.975,136.04,135.975,135.98,1150
2021-11-23,135.97,135.97,135.85,135.9,1471
2021-11-23,135.81,135.87,135.74,135.87,3387
2021-11-23,135.91,136.25,135.91,136.21,10462
2021-11-23,136.25,136.27,136.07,136.13,6624
2021-11-23,136.1,136.12,136.03,136.09,3477
2021-11-23,136.11,136.47,136.11,136.33,2515
2021-11-23,136.33,136.53,136.33,136.49,4143
2021-11-23,136.49,136.5,136.225,136.29,7282
2021-11-23,136.325,136.43,136.165,136.165,3215
2021-11-23,136.18,136.26,136.115,136.26,4566
2021-11-23,136.27,136.6,136.26,136.375,6043
2021-11-23,136.385,136.405,135.97,135.97,3581
2021-11-23,135.98,136.055,135.91,135.92,10360
2021-11-23,135.825,135.825,135.6,135.615,1607
2021-11-23,135.58,135.635,135.35,135.4,3077
2021-11-23,135.43,135.52,134.83,134.91,7970
2021-11-23,134.86,135.22,134.86,135.22,8992
2021-11-23,135.155,135.45,135.14,135.45,1963
2021-11-23,135.54,135.735,135.51,135.73,2972
2021-11-23,135.765,135.765,135.28,135.28,1834
2021-11-23,135.32,135.32,135.25,135.25,732
2021-11-23,135.305,135.305,134.94,135.01,874
2021-11-23,135.13,135.13,135,135,472
2021-11-23,135.02,135.05,134.98,134.98,379
2021-11-23,134.93,134.93,134.8,134.85,2018
2021-11-23,134.87,134.88,134.81,134.82,2023
2021-11-23,134.99,134.99,134.85,134.96,763
2021-11-23,135.06,135.06,134.84,134.84,601
2021-11-23,135.2,135.23,135.2,135.2,846
2021-11-23,135.23,135.23,135.03,135.2,1385
2021-11-23,135.15,135.15,134.995,135.01,1895
2021-11-23,135.08,135.08,134.97,135.04,636
2021-11-23,135.04,135.14,135,135.14,558
2021-11-23,135.29,135.29,135.1,135.1,1529
2021-11-23,135.225,135.33,135.19,135.315,564
2021-11-23,135.245,135.245,134.86,134.87,3158
2021-11-23,134.96,134.96,134.96,134.96,378
2021-11-23,134.92,134.97,134.92,134.97,778
2021-11-23,134.99,134.99,134.82,134.82,988
2021-11-23,134.8,134.8,134.75,134.75,442
2021-11-23,134.6,134.63,134.585,134.585,2447
2021-11-23,134.55,134.61,134.41,134.41,1904
2021-11-23,134.45,134.47,134.45,134.47,324
2021-11-23,134.34,134.49,134.34,134.49,330
2021-11-23,134.35,134.35,134.2,134.2,349
2021-11-23,134.12,134.12,134.08,134.09,971
2021-11-23,134.01,134.18,133.96,134.01,2735
2021-11-23,133.95,133.95,133.78,133.82,3921
2021-11-23,133.75,133.755,133.68,133.755,2198
2021-11-23,133.655,133.655,133.385,133.385,2097
2021-11-23,133.44,133.68,133.44,133.66,2823
2021-11-23,133.65,133.86,133.65,133.82,3694
2021-11-23,133.82,133.84,133.76,133.785,6938
2021-11-23,133.695,133.695,133.54,133.54,2342
2021-11-23,133.58,133.68,133.51,133.51,4905
2021-11-23,133.57,133.79,133.52,133.77,7023
2021-11-23,133.795,133.86,133.78,133.86,1337
2021-11-23,133.86,133.985,133.84,133.84,8496
2021-11-23,133.77,133.95,133.76,133.95,1331
2021-11-23,133.97,133.97,133.81,133.865,2806
2021-11-23,133.91,133.945,133.85,133.935,20942
2021-11-23,133.95,134.07,133.95,134.04,3046
2021-11-23,134.1,134.17,134.03,134.135,8764
2021-11-23,134.1,134.17,134.08,134.11,9969
2021-11-23,134.085,134.105,133.94,133.94,8268
2021-11-23,133.95,133.95,133.75,133.75,1431
2021-11-23,133.77,133.96,133.77,133.87,8392
2021-11-23,133.82,133.83,133.73,133.78,1172
2021-11-23,133.72,133.72,133.66,133.66,406
2021-11-23,133.71,133.825,133.71,133.825,1844
2021-11-23,133.84,133.84,133.78,133.83,2491
2021-11-23,133.85,133.85,133.765,133.765,667
2021-11-23,133.9,133.99,133.9,133.99,776
2021-11-23,133.98,133.98,133.86,133.94,1483
2021-11-23,133.955,133.97,133.95,133.96,932
2021-11-23,133.93,133.94,133.93,133.94,1564
2021-11-23,133.8,133.82,133.75,133.8,700
2021-11-23,133.84,133.98,133.775,133.97,1875
2021-11-23,133.92,134.02,133.91,133.94,11062
2021-11-23,133.975,134.17,133.965,134.17,8048
2021-11-23,134.265,134.385,134.25,134.36,4966
2021-11-23,134.45,134.45,134.24,134.24,2366
2021-11-23,134.265,134.28,134.06,134.08,2620
2021-11-23,134.04,134.04,133.92,133.95,2206
2021-11-23,134.04,134.15,134.04,134.12,696
2021-11-23,134.18,134.44,134.18,134.38,1146
2021-11-23,134.32,134.42,134.32,134.42,1152
2021-11-23,134.37,134.37,134.145,134.225,1070
2021-11-23,134.11,134.16,134.11,134.16,355
2021-11-23,134.12,134.13,134.1,134.11,2522
2021-11-23,134.1,134.26,134.1,134.23,1470
2021-11-23,134.235,134.235,133.95,134,1271
2021-11-23,134.045,134.12,133.96,134.12,1788
2021-11-23,134.14,134.18,134.11,134.18,3135
2021-11-23,134.205,134.4,134.195,134.4,3356
2021-11-23,134.38,134.41,134.18,134.23,6253
2021-11-23,134.245,134.245,134.16,134.215,2229
2021-11-23,134.08,134.14,134.08,134.08,3046
2021-11-23,134.08,134.08,134.015,134.06,3311
2021-11-23,133.97,134.01,133.81,133.9,1777
2021-11-23,133.91,133.91,133.9,133.9,1205
2021-11-23,133.89,133.89,133.85,133.85,424
2021-11-23,133.825,133.89,133.815,133.89,1683
2021-11-23,133.86,133.9,133.83,133.84,1556
2021-11-23,133.83,133.9,133.81,133.88,1409
2021-11-23,133.835,133.86,133.82,133.86,1791
2021-11-23,133.85,133.9,133.84,133.9,1379
2021-11-23,133.86,133.91,133.86,133.905,1639
2021-11-23,133.79,133.84,133.76,133.76,1407
2021-11-23,133.78,133.78,133.53,133.55,1863
2021-11-23,133.58,133.58,133.48,133.49,819
2021-11-23,133.535,133.555,133.52,133.52,2057
2021-11-23,133.455,133.455,133.455,133.455,257
2021-11-23,133.4,133.53,133.39,133.53,1552
2021-11-23,133.55,133.655,133.535,133.58,3814
2021-11-23,133.575,133.75,133.56,133.68,1546
2021-11-23,133.71,133.71,133.635,133.64,1001
2021-11-23,133.73,133.89,133.73,133.89,2006
2021-11-23,133.85,134.05,133.85,133.97,3367
2021-11-23,133.89,133.95,133.87,133.9,2238
2021-11-23,133.89,133.89,133.81,133.82,905
2021-11-23,133.84,133.97,133.84,133.9,698
2021-11-23,133.86,134.01,133.86,133.88,861
2021-11-23,133.94,134.02,133.91,134.02,1831
2021-11-23,134.02,134.27,134.02,134.27,3387
2021-11-23,134.3,134.32,134.26,134.32,1499
2021-11-23,134.38,134.39,134.295,134.295,4767
2021-11-23,134.28,134.325,134.22,134.325,1946
2021-11-23,134.19,134.32,134.19,134.32,2090
2021-11-23,134.28,134.395,134.21,134.36,2806
2021-11-23,134.38,134.61,134.32,134.61,12431
2021-11-23,134.64,134.66,134.6,134.63,11168
2021-11-23,134.62,134.79,134.6,134.74,13555
2021-11-23,134.645,134.67,134.645,134.67,628
2021-11-23,134.615,134.67,134.565,134.66,1803
2021-11-23,134.69,134.75,134.69,134.75,772
2021-11-23,134.71,134.76,134.55,134.55,5505
2021-11-23,134.565,134.695,134.565,134.69,11740
2021-11-23,134.68,134.8,134.68,134.74,3796
2021-11-23,134.77,134.86,134.77,134.84,1558
2021-11-23,134.8,134.8,134.75,134.75,602
2021-11-23,134.8,134.86,134.8,134.8,687
2021-11-23,134.84,134.88,134.83,134.84,2409
2021-11-23,134.86,134.86,134.83,134.83,767
2021-11-23,134.79,134.81,134.77,134.81,1097
2021-11-23,134.8,134.8,134.76,134.76,937
2021-11-23,134.8,134.81,134.76,134.76,466
2021-11-23,134.68,134.68,134.66,134.66,454
2021-11-23,134.665,134.73,134.59,134.71,3194
2021-11-23,134.69,134.75,134.69,134.75,14685
2021-11-23,134.72,134.76,134.65,134.65,562
2021-11-23,134.7,134.7,134.62,134.62,345
2021-11-23,134.62,134.68,134.57,134.68,1628
2021-11-23,134.64,134.71,134.64,134.69,2677
2021-11-23,134.64,134.7,134.62,134.655,883
2021-11-23,134.645,134.645,134.62,134.62,400
2021-11-23,134.56,134.56,134.55,134.56,813
2021-11-23,134.55,134.6,134.55,134.55,7817
2021-11-23,134.53,134.63,134.53,134.62,2338
2021-11-23,134.625,134.65,134.62,134.65,1695
2021-11-23,134.58,134.58,134.57,134.57,205
2021-11-23,134.54,134.54,134.5,134.5,2000
2021-11-23,134.505,134.52,134.47,134.5,1993
2021-11-23,134.49,134.49,134.46,134.46,250
2021-11-23,134.44,134.44,134.41,134.41,215
2021-11-23,134.49,134.49,134.45,134.45,484
2021-11-23,134.41,134.49,134.41,134.49,1075
2021-11-23,134.55,134.67,134.51,134.67,7739
2021-11-23,134.67,134.72,134.635,134.72,3344
2021-11-23,134.655,134.79,134.655,134.695,6827
2021-11-23,134.69,134.74,134.64,134.74,2081
2021-11-23,134.71,134.75,134.68,134.72,10200
2021-11-23,134.65,134.67,134.65,134.67,1751
2021-11-23,134.7,134.72,134.67,134.72,744
2021-11-23,134.67,134.69,134.57,134.57,1985
2021-11-23,134.6,134.66,134.6,134.655,3537
2021-11-23,134.65,134.68,134.65,134.68,1368
2021-11-23,134.49,134.51,134.49,134.51,453
2021-11-23,134.55,134.55,134.32,134.38,1131
2021-11-23,134.38,134.38,134.31,134.31,681
2021-11-23,134.28,134.28,134.24,134.24,1337
2021-11-23,134.34,134.38,134.28,134.36,1970
2021-11-23,134.34,134.4,134.34,134.37,1398
2021-11-23,134.13,134.13,134,134.03,804
2021-11-23,134.04,134.05,134,134,659
2021-11-23,134.01,134.01,133.95,133.95,605
2021-11-23,133.94,134.01,133.94,134.01,416
2021-11-23,134,134,133.9,133.9,1751
2021-11-23,133.8,133.99,133.8,133.9,3511
2021-11-23,133.9,133.9,133.9,133.9,330
2021-11-23,134.09,134.09,133.79,133.79,1827
2021-11-23,133.76,133.81,133.76,133.81,268
2021-11-23,133.825,133.865,133.705,133.705,3836
2021-11-23,133.63,133.65,133.555,133.57,3600
2021-11-23,133.55,133.58,133.485,133.57,1904
2021-11-23,133.57,133.57,133.45,133.5,2840
2021-11-23,133.53,133.565,133.515,133.565,999
2021-11-23,133.54,133.65,133.54,133.615,1549
2021-11-23,133.61,133.61,133.43,133.455,3402
2021-11-23,133.485,133.71,133.46,133.71,5598
2021-11-23,133.66,133.71,133.46,133.46,7133
2021-11-23,133.46,133.555,133.46,133.555,531
2021-11-23,133.54,133.72,133.54,133.72,16152
2021-11-23,133.76,133.81,133.74,133.76,1388
2021-11-23,133.78,133.78,133.72,133.72,2221
2021-11-23,133.73,133.73,133.66,133.66,1525
2021-11-23,133.65,133.67,133.63,133.67,736
2021-11-23,133.71,133.79,133.71,133.79,859
2021-11-23,133.79,133.8,133.77,133.77,705
2021-11-23,133.74,133.855,133.735,133.85,1153
2021-11-23,133.8,133.8,133.79,133.79,801
2021-11-23,133.82,133.91,133.82,133.91,1013
2021-11-23,133.95,134.04,133.95,134.04,600
2021-11-23,134.07,134.1,134.06,134.06,523
2021-11-23,134.135,134.19,134.13,134.16,1741
2021-11-23,134.1,134.13,134.04,134.09,1093
2021-11-23,134.08,134.26,134.08,134.26,1421
2021-11-23,134.26,134.26,134.11,134.16,2217
2021-11-23,134.2,134.24,134.195,134.24,630
2021-11-23,134.28,134.3,134.21,134.3,2169
2021-11-23,134.29,134.33,134.29,134.325,3136
2021-11-23,134.325,134.325,134.325,134.325,114
2021-11-23,134.35,134.36,134.12,134.12,1092
2021-11-23,134.15,134.19,134.09,134.1,1178
2021-11-23,134.125,134.125,134.12,134.12,305
2021-11-23,134.115,134.19,134.115,134.175,909
2021-11-23,134.17,134.23,134.17,134.23,702
2021-11-23,134.26,134.32,134.26,134.315,1397
2021-11-23,134.26,134.26,134.01,134.06,1992
2021-11-23,134.04,134.06,134.04,134.06,1049
2021-11-23,134.01,134.01,133.99,133.99,1144
2021-11-23,134,134,133.89,133.89,1071
2021-11-23,133.84,134.01,133.84,133.98,955
2021-11-23,133.94,133.94,133.9,133.92,1064
2021-11-23,133.97,134.06,133.95,134.02,2849
2021-11-23,134.015,134.065,134.015,134.04,2903
2021-11-23,134.065,134.065,133.97,134.035,2105
2021-11-23,134,134.015,133.98,133.98,2512
2021-11-23,133.96,133.96,133.81,133.85,1965
2021-11-23,133.84,133.88,133.79,133.79,1127
2021-11-23,133.8,133.8,133.68,133.68,1441
2021-11-23,133.69,133.69,133.57,133.63,1437
2021-11-23,133.53,133.57,133.47,133.52,1829
2021-11-23,133.48,133.48,133.38,133.4,480
2021-11-23,133.4,133.43,133.39,133.405,1163
2021-11-23,133.335,133.37,133.32,133.34,1130
2021-11-23,133.355,133.47,133.355,133.4,2446
2021-11-23,133.43,133.47,133.43,133.43,1664
2021-11-23,133.42,133.5,133.42,133.475,1525
2021-11-23,133.475,133.58,133.475,133.58,1947
2021-11-23,133.59,133.59,133.51,133.51,617
2021-11-23,133.5,133.63,133.49,133.63,1963
2021-11-23,133.555,133.67,133.555,133.67,2112
2021-11-23,133.665,133.675,133.6,133.625,1167
2021-11-23,133.655,133.68,133.655,133.67,2436
2021-11-23,133.68,133.68,133.595,133.63,2959
2021-11-23,133.615,133.77,133.615,133.7,5411
2021-11-23,133.65,133.67,133.59,133.63,2729
2021-11-23,133.625,133.65,133.61,133.64,2902
2021-11-23,133.63,133.66,133.63,133.66,941
2021-11-23,133.63,133.63,133.63,133.63,338
2021-11-23,133.745,133.77,133.715,133.74,1953
2021-11-23,133.79,133.815,133.79,133.8,3417
2021-11-23,133.83,133.865,133.76,133.81,2365
2021-11-23,133.85,133.93,133.85,133.93,3122
2021-11-23,133.825,133.825,133.82,133.82,399
2021-11-23,133.86,133.91,133.83,133.83,3154
2021-11-23,133.825,133.85,133.79,133.79,1770
2021-11-23,133.75,133.8,133.68,133.68,814
2021-11-23,133.68,133.73,133.67,133.67,1564
2021-11-23,133.685,133.715,133.67,133.705,934
2021-11-23,133.71,133.71,133.71,133.71,484
2021-11-23,133.68,133.855,133.68,133.855,2146
2021-11-23,133.87,134,133.83,134,10882
2021-11-23,133.96,133.96,133.89,133.915,340
2021-11-23,133.935,134.005,133.92,133.99,2422
2021-11-23,133.99,133.99,133.765,133.82,1594
2021-11-23,133.845,133.845,133.77,133.8,1146
2021-11-23,133.76,133.89,133.76,133.89,8956
2021-11-23,133.9,134.03,133.9,134.02,3307
2021-11-23,134.01,134.11,134.01,134.035,2868
2021-11-23,134.02,134.11,134.01,134.04,3109
2021-11-23,134.03,134.11,133.98,134.11,3214
2021-11-23,134.11,134.11,134.02,134.02,1674
2021-11-23,134.05,134.14,134.05,134.14,944
2021-11-23,134.14,134.19,134.11,134.11,1337
2021-11-23,134.11,134.11,134.1,134.11,1121
2021-11-23,134.1,134.1,134.02,134.02,3993
2021-11-23,134.05,134.115,134.05,134.115,639
2021-11-23,134.03,134.045,134.03,134.03,1189
2021-11-23,134.05,134.09,133.99,134.04,3188
2021-11-23,134.09,134.15,134.07,134.15,1099
2021-11-23,134.13,134.285,134.13,134.26,2093
2021-11-23,134.235,134.24,134.15,134.15,957
2021-11-23,134.2,134.2,134.09,134.11,1063
2021-11-23,134.12,134.16,134.12,134.16,454
2021-11-23,134.17,134.17,133.99,134.06,1039
2021-11-23,134.05,134.075,134.02,134.065,2699
2021-11-23,134.08,134.115,134.075,134.115,1208
2021-11-23,134.09,134.1,134.005,134.05,2746
2021-11-23,134.03,134.04,133.99,134.02,1369
2021-11-23,134.07,134.09,134.05,134.06,2580
2021-11-23,134.01,134.045,133.99,133.99,2390
2021-11-23,134.04,134.08,134.04,134.08,1413
2021-11-23,134.12,134.12,134.06,134.1,1669
2021-11-23,134.06,134.06,133.99,133.99,1123
2021-11-23,134.04,134.04,133.985,134.04,2216
2021-11-23,134.03,134.06,133.99,133.99,1643
2021-11-23,134,134,133.94,133.96,3172
2021-11-23,133.915,133.98,133.89,133.98,2078
2021-11-23,134,134.05,133.98,134.05,1326
2021-11-23,134.075,134.105,134.06,134.08,3191
2021-11-23,134.09,134.11,134.015,134.1,3249
2021-11-23,134.085,134.1,134.05,134.05,1353
2021-11-23,134.06,134.1,133.99,133.99,1905
2021-11-23,134,134.02,133.97,133.97,1708
2021-11-23,133.985,134.16,133.985,134.155,2431
2021-11-23,134.175,134.175,134.13,134.16,1813
2021-11-23,134.18,134.19,134.15,134.16,1629
2021-11-23,134.1,134.12,134.1,134.11,555
2021-11-23,134.035,134.045,134.025,134.025,1255
2021-11-23,134.04,134.04,133.95,133.95,1494
2021-11-23,133.955,134.22,133.955,134.22,5000
2021-11-23,134.215,134.295,134.21,134.265,8641
2021-11-23,134.18,134.22,134.07,134.07,3210
2021-11-23,134.08,134.14,134.075,134.14,2271
2021-11-23,134.165,134.265,134.165,134.2,3082
2021-11-23,134.215,134.215,134.185,134.19,1818
2021-11-23,134.14,134.14,133.855,133.96,3962
2021-11-23,134.06,134.11,133.99,133.99,577.0
