Date,Open,High,Low,Close,Volume
2021-11-19,45.355,45.36,45.355,45.355,3798
2021-11-19,45.365,45.365,45.355,45.355,1629
2021-11-19,45.365,45.365,45.34,45.34,1011
2021-11-19,45.365,45.37,45.365,45.365,1016
2021-11-19,45.355,45.37,45.355,45.37,2211
2021-11-19,45.375,45.39,45.375,45.39,3334
2021-11-19,45.385,45.39,45.385,45.39,842
2021-11-19,45.395,45.4,45.395,45.4,800
2021-11-19,45.395,45.395,45.38,45.38,1096
2021-11-19,45.375,45.4,45.375,45.4,600
2021-11-19,45.405,45.405,45.405,45.405,800
2021-11-19,45.41,45.41,45.41,45.41,100
2021-11-19,45.385,45.385,45.375,45.375,600
2021-11-19,45.375,45.375,45.365,45.375,1557
2021-11-19,45.375,45.385,45.375,45.385,700
2021-11-19,45.385,45.385,45.385,45.385,176
2021-11-19,45.375,45.375,45.37,45.37,1648
2021-11-19,45.375,45.375,45.365,45.365,1500
2021-11-19,45.365,45.37,45.365,45.37,1017
2021-11-19,45.365,45.365,45.36,45.365,887
2021-11-19,45.365,45.365,45.335,45.34,700
2021-11-19,45.335,45.34,45.335,45.34,427
2021-11-19,45.335,45.345,45.335,45.335,800
2021-11-19,45.335,45.345,45.325,45.325,756
2021-11-19,45.335,45.335,45.325,45.325,400
2021-11-19,45.31,45.31,45.28,45.28,3141
2021-11-19,45.285,45.285,45.275,45.275,2421
2021-11-19,45.275,45.275,45.25,45.255,2683
2021-11-19,45.25,45.255,45.25,45.255,726
2021-11-19,45.27,45.27,45.265,45.265,587
2021-11-19,45.255,45.255,45.235,45.235,895
2021-11-19,45.225,45.23,45.19,45.19,1815
2021-11-19,45.19,45.2,45.185,45.195,3075
2021-11-19,45.19,45.19,45.18,45.19,913
2021-11-19,45.19,45.19,45.18,45.19,4453
2021-11-19,45.19,45.2,45.19,45.19,10548
2021-11-19,45.195,45.215,45.195,45.205,5029
2021-11-19,45.2,45.2,45.185,45.195,2459
2021-11-19,45.185,45.205,45.185,45.205,1388
2021-11-19,45.215,45.225,45.215,45.225,2343
2021-11-19,45.22,45.22,45.185,45.185,675
2021-11-19,45.175,45.175,45.15,45.155,1275
2021-11-19,45.185,45.21,45.185,45.21,617
2021-11-19,45.225,45.225,45.225,45.225,300
2021-11-19,45.24,45.24,45.23,45.235,768
2021-11-19,45.235,45.235,45.235,45.235,410
2021-11-19,45.225,45.24,45.225,45.24,927
2021-11-19,45.245,45.245,45.235,45.235,300
2021-11-19,45.255,45.255,45.25,45.255,911
2021-11-19,45.26,45.265,45.26,45.265,413
2021-11-19,45.255,45.26,45.255,45.26,300
2021-11-19,45.27,45.275,45.27,45.275,536
2021-11-19,45.28,45.305,45.28,45.305,1615
2021-11-19,45.305,45.305,45.29,45.29,300
2021-11-19,45.27,45.275,45.27,45.275,590
2021-11-19,45.265,45.265,45.255,45.255,1300
2021-11-19,45.255,45.255,45.245,45.245,1839
2021-11-19,45.245,45.265,45.235,45.265,7573
2021-11-19,45.275,45.285,45.275,45.285,3397
2021-11-19,45.285,45.295,45.285,45.295,2030
2021-11-19,45.28,45.28,45.255,45.255,11420
2021-11-19,45.255,45.275,45.255,45.265,3140
2021-11-19,45.24,45.24,45.225,45.235,3021
2021-11-19,45.215,45.215,45.21,45.215,972
2021-11-19,45.215,45.235,45.205,45.205,3138
2021-11-19,45.195,45.24,45.195,45.235,5576
2021-11-19,45.235,45.24,45.235,45.235,5606
2021-11-19,45.225,45.235,45.225,45.235,2712
2021-11-19,45.235,45.235,45.225,45.225,2932
2021-11-19,45.225,45.235,45.225,45.225,1420
2021-11-19,45.22,45.255,45.22,45.255,4726
2021-11-19,45.25,45.25,45.245,45.245,624
2021-11-19,45.245,45.275,45.23,45.27,6800
2021-11-19,45.275,45.295,45.275,45.275,1310
2021-11-19,45.275,45.275,45.255,45.255,1500
2021-11-19,45.245,45.245,45.235,45.235,1101
2021-11-19,45.235,45.235,45.225,45.225,2811
2021-11-19,45.225,45.24,45.225,45.225,9185
2021-11-19,45.225,45.225,45.215,45.215,2040
2021-11-19,45.215,45.225,45.215,45.225,3434
2021-11-19,45.225,45.235,45.225,45.225,3801
2021-11-19,45.225,45.245,45.225,45.245,2085
2021-11-19,45.245,45.265,45.24,45.265,9041
2021-11-19,45.26,45.26,45.225,45.24,7100
2021-11-19,45.235,45.235,45.225,45.225,5824
2021-11-19,45.225,45.245,45.225,45.24,6510
2021-11-19,45.24,45.245,45.235,45.235,10317
2021-11-19,45.235,45.235,45.225,45.225,9378
2021-11-19,45.22,45.24,45.22,45.24,2918
2021-11-19,45.245,45.26,45.245,45.255,3717
2021-11-19,45.25,45.325,45.25,45.325,7815
2021-11-19,45.325,45.355,45.325,45.355,3655
2021-11-19,45.375,45.42,45.375,45.415,6201
2021-11-19,45.415,45.43,45.405,45.405,3624
2021-11-19,45.405,45.41,45.375,45.375,1951
2021-11-19,45.38,45.38,45.375,45.375,2105
2021-11-19,45.375,45.39,45.375,45.385,1616
2021-11-19,45.385,45.39,45.355,45.36,5424
2021-11-19,45.375,45.375,45.355,45.355,2030
2021-11-19,45.355,45.355,45.335,45.335,2629
2021-11-19,45.335,45.37,45.335,45.37,4092
2021-11-19,45.365,45.37,45.345,45.345,3868
2021-11-19,45.345,45.39,45.345,45.39,6203
2021-11-19,45.395,45.415,45.39,45.415,8804
2021-11-19,45.405,45.405,45.385,45.385,7803
2021-11-19,45.38,45.405,45.375,45.4,6220
2021-11-19,45.395,45.41,45.395,45.405,24123
2021-11-19,45.41,45.41,45.345,45.35,5521
2021-11-19,45.35,45.365,45.345,45.365,7744
2021-11-19,45.365,45.37,45.335,45.335,9226
2021-11-19,45.34,45.355,45.335,45.34,6788
2021-11-19,45.335,45.335,45.315,45.315,7096
2021-11-19,45.315,45.38,45.31,45.375,13315
2021-11-19,45.375,45.405,45.365,45.405,15041
2021-11-19,45.395,45.415,45.395,45.415,11429
2021-11-19,45.415,45.42,45.39,45.405,17728
2021-11-19,45.405,45.435,45.39,45.415,10560
2021-11-22,46.53,46.53,46.53,46.53,100
2021-11-22,46.72,46.72,46.5,46.555,15507
2021-11-22,46.575,46.64,46.37,46.37,2707
2021-11-22,46.375,46.38,46.1,46.1,6096
2021-11-22,46.19,46.19,46.185,46.185,669
2021-11-22,46.135,46.37,46.135,46.36,2996
2021-11-22,46.39,46.525,46.35,46.525,3797
2021-11-22,46.535,46.555,46.47,46.545,6312
2021-11-22,46.52,46.52,46.445,46.445,15126
2021-11-22,46.445,46.46,46.415,46.44,3920
2021-11-22,46.38,46.395,46.285,46.285,3504
2021-11-22,46.295,46.295,46.235,46.235,7396
2021-11-22,46.26,46.26,46.19,46.205,4450
2021-11-22,46.21,46.21,46.045,46.09,5831
2021-11-22,46.1,46.1,45.915,45.99,5575
2021-11-22,45.985,46.125,45.975,46.12,7114
2021-11-22,46.12,46.13,46.025,46.025,5309
2021-11-22,46.025,46.025,45.945,45.955,5252
2021-11-22,45.975,46.03,45.955,46.03,2201
2021-11-22,46.01,46.01,45.95,45.975,3920
2021-11-22,45.99,46.06,45.92,46.05,3535
2021-11-22,46.07,46.08,46.055,46.065,1565
2021-11-22,46.05,46.05,45.975,45.995,1425
2021-11-22,45.985,46.04,45.985,46.04,2175
2021-11-22,46.025,46.09,46.025,46.09,4807
2021-11-22,46.09,46.09,46.05,46.05,1781
2021-11-22,46.035,46.125,46.035,46.125,2403
2021-11-22,46.145,46.155,46.115,46.12,1827
2021-11-22,46.125,46.15,46.115,46.135,5554
2021-11-22,46.14,46.15,46.13,46.13,2102
2021-11-22,46.135,46.27,46.135,46.27,4685
2021-11-22,46.28,46.335,46.265,46.335,2782
2021-11-22,46.34,46.34,46.26,46.26,2185
2021-11-22,46.27,46.28,46.225,46.28,4461
2021-11-22,46.27,46.295,46.265,46.295,1858
2021-11-22,46.285,46.315,46.285,46.315,3309
2021-11-22,46.32,46.325,46.3,46.325,2066
2021-11-22,46.27,46.27,46.255,46.255,1533
2021-11-22,46.305,46.36,46.305,46.36,5088
2021-11-22,46.335,46.345,46.325,46.345,3282
2021-11-22,46.345,46.37,46.31,46.35,3492
2021-11-22,46.365,46.395,46.365,46.395,3351
2021-11-22,46.39,46.435,46.39,46.43,2046
2021-11-22,46.415,46.435,46.39,46.42,10007
2021-11-22,46.425,46.445,46.405,46.435,6534
2021-11-22,46.435,46.445,46.425,46.425,5036
2021-11-22,46.43,46.445,46.425,46.44,3538
2021-11-22,46.435,46.45,46.415,46.425,6728
2021-11-22,46.435,46.44,46.4,46.435,4520
2021-11-22,46.44,46.5,46.44,46.495,2318
2021-11-22,46.485,46.5,46.485,46.485,1088
2021-11-22,46.475,46.48,46.455,46.455,959
2021-11-22,46.44,46.445,46.43,46.435,2055
2021-11-22,46.435,46.475,46.425,46.47,3854
2021-11-22,46.45,46.51,46.45,46.485,5922
2021-11-22,46.48,46.52,46.475,46.515,9531
2021-11-22,46.53,46.53,46.475,46.475,2998
2021-11-22,46.49,46.49,46.475,46.48,2922
2021-11-22,46.485,46.535,46.485,46.525,2854
2021-11-22,46.555,46.555,46.515,46.535,740
2021-11-22,46.525,46.525,46.52,46.52,1818
2021-11-22,46.53,46.56,46.53,46.55,2644
2021-11-22,46.545,46.575,46.545,46.57,979
2021-11-22,46.575,46.585,46.545,46.565,3117
2021-11-22,46.565,46.595,46.545,46.59,2699
2021-11-22,46.55,46.58,46.55,46.58,3800
2021-11-22,46.585,46.585,46.545,46.545,594
2021-11-22,46.515,46.515,46.475,46.475,754
2021-11-22,46.48,46.5,46.48,46.485,6888
2021-11-22,46.475,46.475,46.455,46.455,1255
2021-11-22,46.455,46.495,46.455,46.485,22297
2021-11-22,46.495,46.495,46.465,46.485,19896
2021-11-22,46.5,46.535,46.5,46.535,2228
2021-11-22,46.535,46.565,46.525,46.535,3733
2021-11-22,46.55,46.555,46.525,46.535,5164
2021-11-22,46.54,46.54,46.5,46.505,11099
2021-11-22,46.515,46.535,46.515,46.525,23019
2021-11-22,46.515,46.515,46.48,46.49,10731
2021-11-22,46.485,46.49,46.465,46.49,4344
2021-11-22,46.475,46.485,46.475,46.475,519
2021-11-22,46.475,46.5,46.475,46.485,6508
2021-11-22,46.485,46.54,46.475,46.54,2423
2021-11-22,46.545,46.545,46.53,46.53,1100
2021-11-22,46.53,46.53,46.525,46.525,1875
2021-11-22,46.525,46.545,46.525,46.545,2155
2021-11-22,46.54,46.55,46.525,46.535,1771
2021-11-22,46.535,46.535,46.505,46.515,7631
2021-11-22,46.53,46.57,46.525,46.565,42299
2021-11-22,46.565,46.585,46.53,46.54,5444
2021-11-22,46.535,46.545,46.515,46.515,701
2021-11-22,46.52,46.52,46.475,46.485,4181
2021-11-22,46.49,46.5,46.455,46.455,3985
2021-11-22,46.45,46.45,46.385,46.42,4276
2021-11-22,46.405,46.415,46.385,46.385,3212
2021-11-22,46.375,46.385,46.35,46.35,4821
2021-11-22,46.365,46.415,46.355,46.415,2627
2021-11-22,46.415,46.46,46.415,46.445,1300
2021-11-22,46.465,46.515,46.465,46.485,1300
2021-11-22,46.46,46.46,46.445,46.445,1031
2021-11-22,46.47,46.48,46.405,46.41,1222
2021-11-22,46.4,46.41,46.4,46.41,2486
2021-11-22,46.415,46.47,46.415,46.47,613
2021-11-22,46.51,46.545,46.51,46.51,3957
2021-11-22,46.51,46.52,46.505,46.51,2583
2021-11-22,46.485,46.485,46.485,46.485,700
2021-11-22,46.49,46.505,46.49,46.5,889
2021-11-22,46.5,46.52,46.5,46.52,2572
2021-11-22,46.53,46.57,46.53,46.545,3166
2021-11-22,46.55,46.555,46.475,46.475,7214
2021-11-22,46.46,46.485,46.45,46.485,8339
2021-11-22,46.49,46.5,46.475,46.475,5760
2021-11-22,46.47,46.49,46.47,46.49,5200
2021-11-22,46.495,46.495,46.485,46.49,3600
2021-11-22,46.495,46.555,46.495,46.555,9071
2021-11-22,46.555,46.575,46.55,46.575,8731
2021-11-22,46.585,46.59,46.57,46.57,3300
2021-11-22,46.57,46.575,46.55,46.555,7106
2021-11-22,46.56,46.56,46.555,46.56,2093
2021-11-22,46.565,46.595,46.565,46.595,1601
2021-11-22,46.595,46.595,46.58,46.58,2857
2021-11-22,46.575,46.6,46.575,46.6,1103
2021-11-22,46.595,46.605,46.575,46.585,803
2021-11-22,46.585,46.585,46.515,46.525,10400
2021-11-22,46.525,46.55,46.51,46.515,13147
2021-11-22,46.515,46.535,46.505,46.535,7724
2021-11-22,46.535,46.555,46.535,46.545,7553
2021-11-22,46.545,46.6,46.54,46.585,2601
2021-11-22,46.575,46.575,46.555,46.555,14892
2021-11-22,46.54,46.545,46.525,46.545,3111
2021-11-22,46.545,46.565,46.54,46.565,1730
2021-11-22,46.555,46.58,46.545,46.58,1372
2021-11-22,46.585,46.605,46.55,46.555,7170
2021-11-22,46.54,46.58,46.535,46.57,1793
2021-11-22,46.535,46.535,46.525,46.525,8751
2021-11-22,46.52,46.55,46.505,46.55,4090
2021-11-22,46.545,46.585,46.545,46.585,3691
2021-11-22,46.575,46.575,46.54,46.54,3745
2021-11-22,46.545,46.545,46.52,46.535,9018
2021-11-22,46.535,46.535,46.515,46.525,2701
2021-11-22,46.555,46.57,46.555,46.565,799
2021-11-22,46.575,46.595,46.575,46.585,19844
2021-11-22,46.62,46.64,46.615,46.615,17273
2021-11-22,46.63,46.64,46.59,46.595,11874
2021-11-22,46.585,46.6,46.575,46.575,4106
2021-11-22,46.56,46.565,46.53,46.535,4105
2021-11-22,46.525,46.53,46.475,46.475,5977
2021-11-22,46.475,46.525,46.475,46.515,2173
2021-11-22,46.505,46.505,46.485,46.495,3464
2021-11-22,46.495,46.495,46.445,46.445,9240
2021-11-22,46.445,46.445,46.395,46.415,5253
2021-11-22,46.445,46.445,46.42,46.43,7070
2021-11-22,46.405,46.435,46.395,46.435,24645
2021-11-22,46.43,46.44,46.415,46.425,4438
2021-11-22,46.425,46.435,46.415,46.435,2344
2021-11-22,46.445,46.445,46.425,46.425,2341
2021-11-22,46.445,46.47,46.445,46.47,1566
2021-11-22,46.465,46.465,46.445,46.445,24595
2021-11-22,46.475,46.495,46.455,46.495,14877
2021-11-22,46.51,46.51,46.495,46.505,1022
2021-11-22,46.49,46.505,46.48,46.49,5546
2021-11-22,46.55,46.58,46.55,46.58,1272
2021-11-22,46.565,46.58,46.56,46.58,11162
2021-11-22,46.58,46.635,46.58,46.635,5952
2021-11-22,46.62,46.625,46.605,46.605,2054
2021-11-22,46.605,46.605,46.56,46.56,8733
2021-11-22,46.54,46.555,46.525,46.555,6193
2021-11-22,46.565,46.595,46.565,46.585,794
2021-11-22,46.605,46.605,46.555,46.56,7652
2021-11-22,46.565,46.565,46.545,46.545,3131
2021-11-22,46.535,46.56,46.535,46.56,684
2021-11-22,46.59,46.59,46.555,46.58,1600
2021-11-22,46.585,46.585,46.565,46.565,205
2021-11-22,46.595,46.605,46.595,46.605,1414
2021-11-22,46.595,46.595,46.58,46.585,1176
2021-11-22,46.595,46.6,46.585,46.585,1464
2021-11-22,46.585,46.585,46.565,46.585,1573
2021-11-22,46.595,46.595,46.585,46.585,5921
2021-11-22,46.575,46.625,46.575,46.625,1748
2021-11-22,46.63,46.64,46.63,46.64,337
2021-11-22,46.675,46.685,46.655,46.655,3413
2021-11-22,46.645,46.665,46.645,46.665,973
2021-11-22,46.67,46.67,46.645,46.655,2907
2021-11-22,46.655,46.695,46.655,46.675,8748
2021-11-22,46.675,46.68,46.675,46.675,6701
2021-11-22,46.67,46.67,46.64,46.64,5353
2021-11-22,46.635,46.645,46.635,46.645,4578
2021-11-22,46.645,46.645,46.625,46.625,8153
2021-11-22,46.625,46.65,46.615,46.65,2312
2021-11-22,46.65,46.665,46.65,46.655,2731
2021-11-22,46.655,46.655,46.645,46.655,3791
2021-11-22,46.655,46.655,46.645,46.645,1727
2021-11-22,46.645,46.655,46.63,46.63,1348
2021-11-22,46.64,46.655,46.64,46.65,3268
2021-11-22,46.655,46.695,46.655,46.695,400
2021-11-22,46.695,46.7,46.695,46.695,2814
2021-11-22,46.695,46.7,46.675,46.675,4053
2021-11-22,46.675,46.675,46.625,46.625,48490
2021-11-22,46.64,46.65,46.625,46.645,1322
2021-11-22,46.645,46.655,46.645,46.655,1052
2021-11-22,46.655,46.655,46.645,46.645,4301
2021-11-22,46.645,46.66,46.645,46.66,1105
2021-11-22,46.655,46.655,46.655,46.655,2800
2021-11-22,46.645,46.655,46.635,46.655,6342
2021-11-22,46.655,46.675,46.655,46.67,525
2021-11-22,46.675,46.715,46.675,46.715,3326
2021-11-22,46.715,46.715,46.7,46.705,9122
2021-11-22,46.715,46.715,46.7,46.7,2001
2021-11-22,46.7,46.705,46.695,46.705,400
2021-11-22,46.71,46.71,46.71,46.71,602
2021-11-22,46.725,46.725,46.715,46.72,601
2021-11-22,46.725,46.725,46.725,46.725,301
2021-11-22,46.725,46.73,46.72,46.73,2886
2021-11-22,46.725,46.74,46.725,46.74,2636
2021-11-22,46.745,46.76,46.735,46.76,1344
2021-11-22,46.765,46.8,46.765,46.8,701
2021-11-22,46.795,46.81,46.795,46.81,3138
2021-11-22,46.805,46.845,46.805,46.825,8009
2021-11-22,46.825,46.865,46.825,46.865,4801
2021-11-22,46.845,46.845,46.825,46.825,7875
2021-11-22,46.825,46.85,46.825,46.85,2976
2021-11-22,46.845,46.845,46.82,46.825,4504
2021-11-22,46.825,46.84,46.815,46.835,3800
2021-11-22,46.835,46.835,46.835,46.835,100
2021-11-22,46.845,46.845,46.83,46.835,5358
2021-11-22,46.855,46.855,46.845,46.845,1702
2021-11-22,46.845,46.855,46.84,46.85,2418
2021-11-22,46.835,46.835,46.81,46.82,1300
2021-11-22,46.815,46.815,46.785,46.79,3617
2021-11-22,46.785,46.805,46.775,46.795,7898
2021-11-22,46.79,46.805,46.785,46.79,2871
2021-11-22,46.795,46.795,46.765,46.765,7651
2021-11-22,46.755,46.755,46.735,46.745,8655
2021-11-22,46.735,46.775,46.735,46.775,2088
2021-11-22,46.775,46.775,46.755,46.765,2053
2021-11-22,46.745,46.755,46.74,46.745,1816
2021-11-22,46.745,46.755,46.745,46.755,603
2021-11-22,46.765,46.79,46.76,46.79,1987
2021-11-22,46.775,46.775,46.765,46.765,679
2021-11-22,46.75,46.75,46.72,46.725,1914
2021-11-22,46.695,46.695,46.685,46.69,1001
2021-11-22,46.69,46.7,46.69,46.695,301
2021-11-22,46.695,46.72,46.695,46.71,602
2021-11-22,46.695,46.7,46.695,46.7,1200
2021-11-22,46.695,46.695,46.695,46.695,654
2021-11-22,46.695,46.705,46.695,46.705,2000
2021-11-22,46.7,46.71,46.695,46.71,2224
2021-11-22,46.73,46.73,46.73,46.73,1887
2021-11-22,46.755,46.77,46.755,46.77,210
2021-11-22,46.765,46.765,46.765,46.765,1674
2021-11-22,46.78,46.78,46.77,46.775,3440
2021-11-22,46.78,46.78,46.775,46.775,1423
2021-11-22,46.775,46.775,46.765,46.765,635
2021-11-22,46.755,46.76,46.73,46.73,1749
2021-11-22,46.725,46.75,46.725,46.75,599
2021-11-22,46.755,46.76,46.75,46.755,1388
2021-11-22,46.765,46.78,46.765,46.78,607
2021-11-22,46.785,46.795,46.785,46.785,1884
2021-11-22,46.8,46.8,46.765,46.765,1900
2021-11-22,46.765,46.765,46.725,46.735,2311
2021-11-22,46.74,46.745,46.71,46.725,2419
2021-11-22,46.715,46.725,46.685,46.685,4849
2021-11-22,46.705,46.725,46.695,46.725,1599
2021-11-22,46.715,46.725,46.715,46.725,516
2021-11-22,46.715,46.715,46.695,46.695,3417
2021-11-22,46.695,46.695,46.685,46.69,3487
2021-11-22,46.695,46.7,46.69,46.695,2136
2021-11-22,46.69,46.69,46.675,46.675,1916
2021-11-22,46.67,46.67,46.645,46.645,8046
2021-11-22,46.64,46.66,46.635,46.64,1601
2021-11-22,46.66,46.66,46.625,46.625,614
2021-11-22,46.615,46.615,46.61,46.61,675
2021-11-22,46.6,46.6,46.575,46.575,1225
2021-11-22,46.59,46.605,46.59,46.605,482
2021-11-22,46.62,46.63,46.62,46.625,501
2021-11-22,46.635,46.635,46.625,46.625,903
2021-11-22,46.625,46.63,46.625,46.63,701
2021-11-22,46.625,46.63,46.615,46.615,800
2021-11-22,46.61,46.61,46.58,46.58,903
2021-11-22,46.6,46.6,46.595,46.595,225
2021-11-22,46.585,46.585,46.585,46.585,455
2021-11-22,46.605,46.605,46.605,46.605,184
2021-11-22,46.625,46.625,46.615,46.615,900
2021-11-22,46.615,46.62,46.615,46.62,299
2021-11-22,46.635,46.635,46.63,46.63,601
2021-11-22,46.67,46.675,46.67,46.675,867
2021-11-22,46.675,46.695,46.675,46.69,1100
2021-11-22,46.675,46.69,46.675,46.685,1502
2021-11-22,46.69,46.69,46.675,46.675,2185
2021-11-22,46.67,46.67,46.66,46.665,592
2021-11-22,46.66,46.66,46.645,46.645,501
2021-11-22,46.645,46.665,46.645,46.665,300
2021-11-22,46.665,46.67,46.655,46.655,400
2021-11-22,46.635,46.635,46.61,46.61,1800
2021-11-22,46.625,46.625,46.625,46.625,103
2021-11-22,46.615,46.615,46.615,46.615,100
2021-11-22,46.615,46.615,46.6,46.6,800
2021-11-22,46.595,46.63,46.595,46.63,614
2021-11-22,46.65,46.65,46.635,46.635,393
2021-11-22,46.635,46.635,46.635,46.635,497
2021-11-22,46.635,46.65,46.635,46.65,314
2021-11-22,46.645,46.68,46.645,46.68,461
2021-11-22,46.645,46.645,46.63,46.63,1013
2021-11-22,46.625,46.635,46.625,46.635,200
2021-11-22,46.605,46.615,46.605,46.605,1558
2021-11-22,46.625,46.64,46.625,46.64,503
2021-11-22,46.645,46.645,46.615,46.615,311
2021-11-22,46.605,46.645,46.605,46.645,301
2021-11-22,46.635,46.635,46.635,46.635,331
2021-11-22,46.66,46.67,46.66,46.67,706
2021-11-22,46.665,46.685,46.665,46.685,669
2021-11-22,46.665,46.665,46.655,46.655,303
2021-11-22,46.645,46.645,46.635,46.635,760
2021-11-22,46.635,46.65,46.635,46.645,489
2021-11-22,46.645,46.66,46.645,46.655,2152
2021-11-22,46.655,46.66,46.655,46.655,2150
2021-11-22,46.655,46.68,46.655,46.67,5606
2021-11-22,46.675,46.675,46.655,46.655,2550
2021-11-22,46.66,46.665,46.655,46.665,2677
2021-11-22,46.665,46.665,46.655,46.66,1159
2021-11-22,46.665,46.69,46.665,46.68,700
2021-11-22,46.67,46.675,46.67,46.675,553
2021-11-22,46.67,46.675,46.665,46.675,1129
2021-11-22,46.685,46.69,46.675,46.675,1795
2021-11-22,46.675,46.675,46.675,46.675,100
2021-11-22,46.68,46.69,46.675,46.69,602
2021-11-22,46.695,46.695,46.685,46.69,896
2021-11-22,46.695,46.695,46.685,46.69,1804
2021-11-22,46.695,46.7,46.68,46.68,1444
2021-11-22,46.67,46.67,46.645,46.645,262
2021-11-22,46.655,46.655,46.655,46.655,101
2021-11-22,46.67,46.68,46.67,46.68,400
2021-11-22,46.7,46.7,46.635,46.635,4790
2021-11-22,46.63,46.665,46.625,46.66,2998
2021-11-22,46.665,46.675,46.665,46.665,500
2021-11-22,46.665,46.69,46.665,46.69,805
2021-11-22,46.695,46.71,46.695,46.705,2676
2021-11-22,46.695,46.695,46.685,46.69,1213
2021-11-22,46.685,46.7,46.685,46.685,601
2021-11-22,46.69,46.69,46.68,46.68,500
2021-11-22,46.68,46.68,46.655,46.67,797
2021-11-22,46.68,46.695,46.68,46.695,1000
2021-11-22,46.695,46.74,46.695,46.74,4419
2021-11-22,46.715,46.745,46.71,46.745,3321
2021-11-22,46.75,46.755,46.735,46.74,999
2021-11-22,46.735,46.735,46.705,46.705,1011
2021-11-22,46.705,46.705,46.665,46.665,3510
2021-11-22,46.665,46.665,46.645,46.645,2404
2021-11-22,46.645,46.66,46.645,46.655,10117
2021-11-22,46.635,46.635,46.625,46.625,2472
2021-11-22,46.625,46.63,46.615,46.615,3027
2021-11-22,46.615,46.65,46.61,46.65,7270
2021-11-22,46.645,46.65,46.63,46.63,13609
2021-11-22,46.625,46.635,46.625,46.635,32863
2021-11-22,46.635,46.635,46.625,46.625,6015
2021-11-22,46.625,46.625,46.625,46.625,4338
2021-11-22,46.625,46.64,46.615,46.635,6587
2021-11-22,46.625,46.63,46.625,46.625,1821
2021-11-22,46.625,46.625,46.605,46.605,15921
2021-11-22,46.605,46.605,46.595,46.595,28555
2021-11-22,46.6,46.605,46.595,46.595,10852
2021-11-22,46.595,46.595,46.58,46.58,3907
2021-11-22,46.585,46.585,46.545,46.56,10283
2021-11-22,46.555,46.575,46.555,46.575,1563
2021-11-22,46.565,46.575,46.56,46.575,950
2021-11-22,46.575,46.59,46.57,46.585,1957
2021-11-22,46.59,46.635,46.585,46.635,2000
2021-11-22,46.62,46.62,46.62,46.62,363
2021-11-22,46.605,46.605,46.59,46.6,3231
2021-11-22,46.61,46.615,46.605,46.605,902
2021-11-22,46.59,46.595,46.59,46.59,1047
2021-11-22,46.59,46.6,46.59,46.595,1820
2021-11-22,46.595,46.595,46.565,46.57,908
2021-11-22,46.565,46.565,46.565,46.565,1030
2021-11-22,46.55,46.55,46.525,46.535,3014
2021-11-22,46.52,46.52,46.485,46.485,3631
2021-11-22,46.48,46.485,46.435,46.435,1100
2021-11-22,46.425,46.445,46.42,46.44,4996
2021-11-22,46.435,46.44,46.425,46.435,2532
2021-11-22,46.425,46.49,46.425,46.485,4049
2021-11-22,46.485,46.49,46.435,46.435,4727
2021-11-22,46.435,46.435,46.405,46.41,2613
2021-11-22,46.4,46.41,46.345,46.345,7610
2021-11-22,46.345,46.345,46.31,46.325,10942
2021-11-22,46.325,46.34,46.305,46.32,6078
2021-11-22,46.315,46.315,46.28,46.31,8276
2021-11-22,46.295,46.31,46.285,46.285,5626
2021-11-22,46.28,46.305,46.28,46.28,9167
2021-11-22,46.275,46.275,46.235,46.24,13017
2021-11-22,46.24,46.24,46.21,46.21,13522
2021-11-22,46.215,46.24,46.215,46.23,11676
2021-11-22,46.23,46.295,46.225,46.275,24709
2021-11-23,46.81,47.08,46.81,47.03,35468
2021-11-23,47.04,47.24,47.01,47.23,26417
2021-11-23,47.225,47.235,47.005,47.005,22758
2021-11-23,47.01,47.03,46.895,46.895,25289
2021-11-23,46.93,47.025,46.93,47.025,2820
2021-11-23,47.06,47.06,46.955,47.025,61843
2021-11-23,47.025,47.025,46.805,46.805,14349
2021-11-23,46.82,46.835,46.685,46.685,31479
2021-11-23,46.685,46.76,46.675,46.76,3538
2021-11-23,46.795,46.815,46.765,46.81,1682
2021-11-23,46.85,46.86,46.85,46.86,1009
2021-11-23,47.025,47.03,46.98,46.98,25675
2021-11-23,46.985,47.01,46.92,46.92,3421
2021-11-23,46.9,46.915,46.86,46.87,7980
2021-11-23,46.825,46.965,46.82,46.925,2808
2021-11-23,46.92,46.96,46.835,46.835,4858
2021-11-23,46.84,46.885,46.83,46.885,2746
2021-11-23,46.89,46.905,46.855,46.885,6730
2021-11-23,46.875,46.92,46.86,46.905,8930
2021-11-23,46.905,46.905,46.85,46.855,13104
2021-11-23,46.85,46.85,46.825,46.845,7767
2021-11-23,46.835,46.835,46.725,46.725,5773
2021-11-23,46.7,46.745,46.69,46.715,13350
2021-11-23,46.73,46.765,46.715,46.72,4724
2021-11-23,46.735,46.83,46.725,46.83,3931
2021-11-23,46.835,46.865,46.83,46.845,2896
2021-11-23,46.865,46.915,46.865,46.91,1408
2021-11-23,46.905,46.975,46.905,46.96,4027
2021-11-23,46.945,46.945,46.855,46.875,7387
2021-11-23,46.9,46.9,46.82,46.825,6347
2021-11-23,46.845,46.87,46.84,46.84,4375
2021-11-23,46.815,46.815,46.815,46.815,543
2021-11-23,46.815,46.82,46.805,46.81,2547
2021-11-23,46.855,46.935,46.84,46.935,2737
2021-11-23,46.955,46.96,46.925,46.935,6200
2021-11-23,46.925,46.995,46.92,46.975,6841
2021-11-23,46.975,46.99,46.905,46.905,6402
2021-11-23,46.97,46.97,46.94,46.955,1670
2021-11-23,46.97,47.005,46.97,47.005,2496
2021-11-23,47.03,47.07,47.02,47.07,2509
2021-11-23,47.1,47.14,47.095,47.13,2721
2021-11-23,47.145,47.145,47.035,47.035,6641
2021-11-23,47.045,47.14,47.045,47.14,5269
2021-11-23,47.135,47.15,47.11,47.115,3830
2021-11-23,47.115,47.19,47.08,47.185,2276
2021-11-23,47.195,47.255,47.195,47.22,4026
2021-11-23,47.225,47.26,47.195,47.195,794
2021-11-23,47.195,47.22,47.18,47.19,1974
2021-11-23,47.19,47.26,47.19,47.26,1093
2021-11-23,47.245,47.245,47.22,47.22,612
2021-11-23,47.245,47.245,47.215,47.215,5391
2021-11-23,47.2,47.225,47.195,47.195,1257
2021-11-23,47.195,47.195,47.175,47.175,1262
2021-11-23,47.18,47.215,47.18,47.21,2153
2021-11-23,47.185,47.205,47.18,47.205,4530
2021-11-23,47.18,47.195,47.18,47.195,400
2021-11-23,47.2,47.2,47.19,47.19,962
2021-11-23,47.185,47.24,47.18,47.23,3511
2021-11-23,47.23,47.23,47.195,47.195,2181
2021-11-23,47.19,47.225,47.175,47.205,4861
2021-11-23,47.2,47.225,47.15,47.15,10940
2021-11-23,47.185,47.215,47.185,47.215,471
2021-11-23,47.215,47.22,47.195,47.195,1043
2021-11-23,47.205,47.205,47.205,47.205,137
2021-11-23,47.175,47.19,47.175,47.19,291
2021-11-23,47.18,47.19,47.18,47.19,946
2021-11-23,47.225,47.225,47.215,47.22,818
2021-11-23,47.225,47.225,47.225,47.225,243
2021-11-23,47.235,47.24,47.205,47.225,25758
2021-11-23,47.235,47.25,47.235,47.245,3316
2021-11-23,47.245,47.36,47.245,47.36,10979
2021-11-23,47.35,47.385,47.345,47.38,2696
2021-11-23,47.41,47.41,47.38,47.38,1536
2021-11-23,47.395,47.395,47.335,47.335,3218
2021-11-23,47.335,47.335,47.265,47.275,5778
2021-11-23,47.275,47.33,47.275,47.33,2559
2021-11-23,47.35,47.395,47.35,47.375,9003
2021-11-23,47.385,47.435,47.385,47.435,21562
2021-11-23,47.43,47.43,47.43,47.43,153
2021-11-23,47.445,47.485,47.445,47.485,4479
2021-11-23,47.485,47.485,47.445,47.455,2641
2021-11-23,47.47,47.47,47.425,47.425,1176
2021-11-23,47.425,47.45,47.405,47.445,1874
2021-11-23,47.43,47.44,47.425,47.425,1150
2021-11-23,47.425,47.425,47.395,47.4,6472
2021-11-23,47.37,47.425,47.37,47.395,4042
2021-11-23,47.395,47.405,47.395,47.405,8803
2021-11-23,47.44,47.44,47.435,47.44,704
2021-11-23,47.45,47.48,47.45,47.465,11145
2021-11-23,47.455,47.48,47.455,47.465,7450
2021-11-23,47.465,47.49,47.465,47.475,1501
2021-11-23,47.475,47.485,47.47,47.485,1288
2021-11-23,47.495,47.495,47.42,47.42,1292
2021-11-23,47.405,47.405,47.31,47.31,1517
2021-11-23,47.295,47.335,47.275,47.335,2082
2021-11-23,47.33,47.37,47.33,47.36,1280
2021-11-23,47.32,47.32,47.305,47.305,210
2021-11-23,47.31,47.31,47.285,47.285,1311
2021-11-23,47.27,47.305,47.26,47.305,2565
2021-11-23,47.305,47.32,47.29,47.32,642
2021-11-23,47.325,47.37,47.325,47.37,810
2021-11-23,47.365,47.4,47.365,47.385,1411
2021-11-23,47.375,47.375,47.375,47.375,234
2021-11-23,47.385,47.385,47.36,47.36,371
2021-11-23,47.375,47.375,47.37,47.37,230
2021-11-23,47.375,47.42,47.37,47.39,1197
2021-11-23,47.4,47.46,47.4,47.46,1139
2021-11-23,47.44,47.45,47.44,47.45,608
2021-11-23,47.405,47.405,47.355,47.355,5959
2021-11-23,47.33,47.33,47.31,47.31,784
2021-11-23,47.31,47.34,47.305,47.335,5023
2021-11-23,47.345,47.345,47.335,47.335,710
2021-11-23,47.365,47.37,47.355,47.37,2638
2021-11-23,47.33,47.33,47.3,47.3,2327
2021-11-23,47.285,47.285,47.28,47.28,230
2021-11-23,47.21,47.255,47.21,47.255,1564
2021-11-23,47.24,47.245,47.24,47.245,307
2021-11-23,47.245,47.245,47.23,47.245,963
2021-11-23,47.235,47.255,47.235,47.255,346
2021-11-23,47.27,47.28,47.255,47.27,1630
2021-11-23,47.245,47.285,47.245,47.28,3647
2021-11-23,47.31,47.35,47.31,47.315,1653
2021-11-23,47.265,47.295,47.26,47.295,1715
2021-11-23,47.27,47.29,47.27,47.29,2131
2021-11-23,47.27,47.27,47.21,47.21,2261
2021-11-23,47.225,47.23,47.225,47.23,250
2021-11-23,47.26,47.28,47.255,47.28,3341
2021-11-23,47.27,47.33,47.27,47.33,4055
2021-11-23,47.335,47.34,47.335,47.34,740
2021-11-23,47.375,47.375,47.335,47.335,1447
2021-11-23,47.35,47.355,47.34,47.345,1031
2021-11-23,47.355,47.355,47.355,47.355,247
2021-11-23,47.37,47.39,47.365,47.365,2856
2021-11-23,47.35,47.395,47.35,47.36,530
2021-11-23,47.33,47.335,47.33,47.335,941
2021-11-23,47.32,47.395,47.32,47.39,2108
2021-11-23,47.38,47.405,47.38,47.405,494
2021-11-23,47.41,47.43,47.405,47.415,1711
2021-11-23,47.395,47.405,47.395,47.405,642
2021-11-23,47.42,47.425,47.42,47.425,840
2021-11-23,47.46,47.47,47.45,47.45,1590
2021-11-23,47.475,47.48,47.475,47.475,1130
2021-11-23,47.48,47.48,47.48,47.48,894
2021-11-23,47.49,47.495,47.47,47.47,1284
2021-11-23,47.46,47.46,47.44,47.44,612
2021-11-23,47.44,47.44,47.425,47.43,917
2021-11-23,47.4,47.4,47.4,47.4,119
2021-11-23,47.4,47.4,47.395,47.395,230
2021-11-23,47.36,47.36,47.36,47.36,297
2021-11-23,47.345,47.345,47.345,47.345,350
2021-11-23,47.33,47.36,47.33,47.36,1036
2021-11-23,47.325,47.325,47.325,47.325,420
2021-11-23,47.315,47.325,47.29,47.325,766
2021-11-23,47.31,47.31,47.3,47.31,600
2021-11-23,47.315,47.315,47.3,47.305,510
2021-11-23,47.275,47.275,47.275,47.275,374
2021-11-23,47.295,47.295,47.295,47.295,131
2021-11-23,47.315,47.335,47.315,47.32,1860
2021-11-23,47.34,47.355,47.34,47.355,486
2021-11-23,47.33,47.33,47.33,47.33,130
2021-11-23,47.315,47.315,47.315,47.315,130
2021-11-23,47.295,47.295,47.295,47.295,210
2021-11-23,47.305,47.305,47.305,47.305,819
2021-11-23,47.325,47.325,47.29,47.29,328
2021-11-23,47.305,47.305,47.275,47.275,3062
2021-11-23,47.275,47.305,47.275,47.295,2157
2021-11-23,47.295,47.295,47.265,47.265,1526
2021-11-23,47.255,47.255,47.25,47.25,2299
2021-11-23,47.255,47.27,47.255,47.26,1891
2021-11-23,47.275,47.275,47.275,47.275,4212
2021-11-23,47.295,47.305,47.285,47.305,2103
2021-11-23,47.305,47.305,47.3,47.305,1540
2021-11-23,47.305,47.415,47.305,47.41,7512
2021-11-23,47.415,47.42,47.395,47.405,932
2021-11-23,47.4,47.425,47.4,47.425,824
2021-11-23,47.415,47.43,47.415,47.43,1054
2021-11-23,47.38,47.38,47.38,47.38,201
2021-11-23,47.375,47.375,47.36,47.36,534
2021-11-23,47.36,47.36,47.355,47.36,630
2021-11-23,47.355,47.36,47.355,47.355,2469
2021-11-23,47.355,47.355,47.35,47.35,400
2021-11-23,47.36,47.365,47.35,47.35,1942
2021-11-23,47.365,47.375,47.355,47.375,2253
2021-11-23,47.365,47.375,47.365,47.37,16210
2021-11-23,47.35,47.36,47.34,47.34,2501
2021-11-23,47.35,47.375,47.34,47.375,2945
2021-11-23,47.38,47.38,47.355,47.355,1555
2021-11-23,47.365,47.365,47.36,47.36,239
2021-11-23,47.325,47.325,47.325,47.325,100
2021-11-23,47.32,47.33,47.32,47.325,847
2021-11-23,47.32,47.32,47.295,47.295,240
2021-11-23,47.36,47.36,47.345,47.345,351
2021-11-23,47.345,47.345,47.345,47.345,620
2021-11-23,47.34,47.34,47.33,47.335,1035
2021-11-23,47.325,47.33,47.325,47.33,280
2021-11-23,47.3,47.3,47.29,47.29,510
2021-11-23,47.3,47.315,47.3,47.315,1657
2021-11-23,47.345,47.345,47.345,47.345,150
2021-11-23,47.33,47.33,47.31,47.31,1971
2021-11-23,47.31,47.325,47.31,47.325,1276
2021-11-23,47.305,47.305,47.3,47.3,340
2021-11-23,47.31,47.32,47.31,47.32,531
2021-11-23,47.32,47.335,47.32,47.335,1354
2021-11-23,47.35,47.365,47.335,47.365,2861
2021-11-23,47.36,47.36,47.36,47.36,315
2021-11-23,47.34,47.35,47.335,47.335,1110
2021-11-23,47.335,47.35,47.335,47.35,1090
2021-11-23,47.355,47.355,47.33,47.33,846
2021-11-23,47.385,47.385,47.385,47.385,822
2021-11-23,47.35,47.35,47.345,47.345,600
2021-11-23,47.335,47.335,47.32,47.32,271
2021-11-23,47.325,47.325,47.32,47.32,810
2021-11-23,47.27,47.275,47.27,47.275,420
2021-11-23,47.25,47.25,47.25,47.25,410
2021-11-23,47.25,47.255,47.25,47.255,452
2021-11-23,47.265,47.265,47.265,47.265,340
2021-11-23,47.275,47.275,47.27,47.27,527
2021-11-23,47.275,47.305,47.275,47.305,960
2021-11-23,47.315,47.315,47.31,47.31,686
2021-11-23,47.285,47.285,47.275,47.275,465
2021-11-23,47.27,47.285,47.27,47.27,1446
2021-11-23,47.275,47.275,47.275,47.275,360
2021-11-23,47.315,47.315,47.31,47.315,1056
2021-11-23,47.31,47.31,47.28,47.28,1286
2021-11-23,47.29,47.29,47.29,47.29,649
2021-11-23,47.315,47.315,47.315,47.315,340
2021-11-23,47.32,47.32,47.32,47.32,411
2021-11-23,47.325,47.325,47.325,47.325,460
2021-11-23,47.325,47.345,47.32,47.34,1477
2021-11-23,47.35,47.35,47.33,47.35,788
2021-11-23,47.36,47.36,47.36,47.36,120
2021-11-23,47.365,47.365,47.35,47.35,592
2021-11-23,47.365,47.365,47.365,47.365,110
2021-11-23,47.35,47.355,47.35,47.355,415
2021-11-23,47.37,47.37,47.37,47.37,730
2021-11-23,47.385,47.385,47.38,47.38,1438
2021-11-23,47.37,47.37,47.355,47.36,2304
2021-11-23,47.365,47.37,47.365,47.37,789
2021-11-23,47.37,47.375,47.365,47.375,1011
2021-11-23,47.39,47.39,47.365,47.365,871
2021-11-23,47.345,47.345,47.315,47.33,982
2021-11-23,47.345,47.345,47.345,47.345,180
2021-11-23,47.335,47.35,47.335,47.35,501
2021-11-23,47.36,47.37,47.36,47.37,1048
2021-11-23,47.385,47.405,47.385,47.405,360
2021-11-23,47.43,47.43,47.43,47.43,470
2021-11-23,47.425,47.425,47.425,47.425,330
2021-11-23,47.46,47.46,47.46,47.46,252
2021-11-23,47.465,47.465,47.455,47.455,443
2021-11-23,47.47,47.48,47.465,47.47,1155
2021-11-23,47.45,47.45,47.45,47.45,261
2021-11-23,47.46,47.46,47.42,47.425,943
2021-11-23,47.405,47.405,47.4,47.4,352
2021-11-23,47.385,47.39,47.385,47.385,840
2021-11-23,47.405,47.405,47.405,47.405,270
2021-11-23,47.385,47.4,47.385,47.395,3532
2021-11-23,47.395,47.425,47.395,47.425,728
2021-11-23,47.42,47.42,47.405,47.405,272
2021-11-23,47.405,47.405,47.395,47.4,586
2021-11-23,47.4,47.4,47.39,47.4,797
2021-11-23,47.405,47.425,47.4,47.405,2231
2021-11-23,47.41,47.41,47.405,47.405,871
2021-11-23,47.41,47.415,47.405,47.405,776
2021-11-23,47.415,47.415,47.41,47.41,806
2021-11-23,47.4,47.4,47.39,47.39,481
2021-11-23,47.385,47.39,47.385,47.39,620
2021-11-23,47.385,47.385,47.385,47.385,260
2021-11-23,47.4,47.405,47.4,47.405,1211
2021-11-23,47.37,47.37,47.37,47.37,388
2021-11-23,47.37,47.37,47.37,47.37,182
2021-11-23,47.365,47.37,47.365,47.37,768
2021-11-23,47.36,47.36,47.36,47.36,300
2021-11-23,47.375,47.375,47.36,47.36,481
2021-11-23,47.36,47.36,47.35,47.35,861
2021-11-23,47.33,47.34,47.32,47.34,815
2021-11-23,47.35,47.35,47.35,47.35,190
2021-11-23,47.35,47.375,47.35,47.375,465
2021-11-23,47.385,47.385,47.38,47.385,516
2021-11-23,47.385,47.4,47.38,47.4,673
2021-11-23,47.39,47.39,47.39,47.39,338
2021-11-23,47.385,47.385,47.35,47.36,940
2021-11-23,47.35,47.35,47.35,47.35,100
2021-11-23,47.355,47.355,47.355,47.355,472
2021-11-23,47.365,47.38,47.33,47.33,1490
2021-11-23,47.305,47.315,47.305,47.315,560
2021-11-23,47.32,47.335,47.32,47.335,1027
2021-11-23,47.32,47.32,47.32,47.32,150
2021-11-23,47.34,47.345,47.34,47.345,1040
2021-11-23,47.34,47.34,47.34,47.34,509
2021-11-23,47.345,47.345,47.335,47.335,311
2021-11-23,47.355,47.365,47.355,47.36,1618
2021-11-23,47.34,47.34,47.33,47.335,1185
2021-11-23,47.325,47.345,47.325,47.325,2625
2021-11-23,47.33,47.335,47.33,47.335,419
2021-11-23,47.335,47.335,47.325,47.325,533
2021-11-23,47.35,47.365,47.35,47.365,210
2021-11-23,47.38,47.39,47.375,47.375,1830
2021-11-23,47.37,47.37,47.35,47.35,1155
2021-11-23,47.345,47.37,47.34,47.37,2422
2021-11-23,47.39,47.43,47.385,47.43,3339
2021-11-23,47.43,47.43,47.38,47.39,4440
2021-11-23,47.39,47.39,47.38,47.38,1270
2021-11-23,47.4,47.425,47.4,47.425,1966
2021-11-23,47.425,47.445,47.425,47.44,2072
2021-11-23,47.45,47.475,47.45,47.475,2159
2021-11-23,47.465,47.485,47.465,47.48,4688
2021-11-23,47.49,47.49,47.48,47.48,650
2021-11-23,47.485,47.485,47.48,47.485,1135
2021-11-23,47.49,47.49,47.485,47.485,1198
2021-11-23,47.49,47.5,47.49,47.495,8305
2021-11-23,47.495,47.495,47.49,47.495,1815
2021-11-23,47.495,47.495,47.485,47.495,5167
2021-11-23,47.5,47.52,47.5,47.515,5976
2021-11-23,47.515,47.515,47.495,47.505,8576
2021-11-23,47.52,47.55,47.52,47.55,3328
2021-11-23,47.58,47.62,47.575,47.605,11145
2021-11-23,47.61,47.64,47.605,47.605,2550
2021-11-23,47.595,47.6,47.585,47.6,4679
2021-11-23,47.605,47.605,47.595,47.595,3849
2021-11-23,47.605,47.615,47.57,47.605,9187
2021-11-23,47.605,47.605,47.57,47.57,3910
2021-11-23,47.56,47.57,47.555,47.57,2038
2021-11-23,47.555,47.555,47.55,47.555,6303
2021-11-23,47.565,47.565,47.535,47.535,4836
2021-11-23,47.53,47.535,47.53,47.535,3605
2021-11-23,47.535,47.54,47.5,47.505,17832
2021-11-23,47.505,47.505,47.485,47.485,10761
2021-11-23,47.495,47.495,47.485,47.495,2328
2021-11-23,47.495,47.495,47.455,47.455,16968
2021-11-23,47.455,47.455,47.43,47.435,42808
2021-11-23,47.435,47.455,47.435,47.435,9667
2021-11-23,47.455,47.455,47.445,47.455,1114
2021-11-23,47.45,47.45,47.445,47.445,836
2021-11-23,47.445,47.46,47.43,47.46,7741
2021-11-23,47.445,47.475,47.445,47.465,997
2021-11-23,47.48,47.505,47.48,47.495,2012
2021-11-23,47.495,47.51,47.49,47.495,7311
2021-11-23,47.495,47.5,47.475,47.475,8912
2021-11-23,47.475,47.475,47.465,47.465,3026
2021-11-23,47.455,47.475,47.45,47.475,7003
2021-11-23,47.445,47.465,47.435,47.435,3956
2021-11-23,47.435,47.455,47.435,47.455,1373
2021-11-23,47.47,47.5,47.47,47.5,6699
2021-11-23,47.495,47.495,47.47,47.47,10530
2021-11-23,47.47,47.48,47.465,47.475,16292
2021-11-23,47.475,47.475,47.465,47.465,10153
2021-11-23,47.47,47.535,47.47,47.535,5139
2021-11-23,47.57,47.575,47.56,47.575,4869
2021-11-23,47.535,47.55,47.525,47.545,4530
2021-11-23,47.545,47.55,47.515,47.515,4883
2021-11-23,47.515,47.575,47.515,47.57,2679
2021-11-23,47.57,47.575,47.555,47.555,773
2021-11-23,47.55,47.555,47.54,47.545,1079
2021-11-23,47.555,47.56,47.535,47.545,4185
2021-11-23,47.52,47.525,47.48,47.48,831
2021-11-23,47.49,47.515,47.485,47.515,1140
2021-11-23,47.535,47.54,47.5,47.505,4019
2021-11-23,47.485,47.495,47.485,47.495,540
2021-11-23,47.49,47.49,47.475,47.475,992
2021-11-23,47.48,47.48,47.47,47.475,5446
2021-11-23,47.48,47.565,47.48,47.565,10716
2021-11-23,47.56,47.575,47.55,47.575,4069
2021-11-23,47.575,47.575,47.54,47.56,4603
2021-11-23,47.545,47.555,47.53,47.555,1798
2021-11-23,47.54,47.55,47.52,47.52,12406
2021-11-23,47.52,47.52,47.46,47.46,11935
2021-11-23,47.465,47.505,47.465,47.505,13338
2021-11-23,47.505,47.53,47.5,47.525,10838
2021-11-23,47.525,47.525,47.5,47.52,12636
2021-11-23,47.525,47.545,47.49,47.49,27705
2021-11-23,47.52,47.52,47.52,47.52,150
2021-11-24,47.42,47.42,47.21,47.28,10127
2021-11-24,47.35,47.41,47.32,47.38,2141
2021-11-24,47.365,47.48,47.355,47.47,19795
2021-11-24,47.36,47.36,47.29,47.315,1327
2021-11-24,47.305,47.39,47.25,47.39,2560
2021-11-24,47.435,47.485,47.415,47.485,6783
2021-11-24,47.48,47.625,47.48,47.575,3797
2021-11-24,47.585,47.625,47.53,47.625,3922
2021-11-24,47.605,47.625,47.53,47.535,3473
2021-11-24,47.56,47.645,47.56,47.625,1609
2021-11-24,47.63,47.63,47.53,47.53,5167
2021-11-24,47.525,47.59,47.49,47.585,8707
2021-11-24,47.585,47.685,47.555,47.675,21453
2021-11-24,47.685,47.71,47.665,47.68,9367
2021-11-24,47.67,47.71,47.67,47.695,26430
2021-11-24,47.68,47.745,47.68,47.745,4044
2021-11-24,47.72,47.82,47.71,47.815,4506
2021-11-24,47.835,47.945,47.815,47.94,10637
2021-11-24,47.925,47.935,47.88,47.915,2443
2021-11-24,47.895,47.9,47.795,47.795,5853
2021-11-24,47.82,47.82,47.685,47.685,4259
2021-11-24,47.71,47.85,47.71,47.85,5825
2021-11-24,47.87,47.87,47.815,47.845,4883
2021-11-24,47.82,47.82,47.7,47.705,2889
2021-11-24,47.725,47.775,47.725,47.765,1850
2021-11-24,47.765,47.765,47.745,47.745,2401
2021-11-24,47.735,47.74,47.71,47.73,3217
2021-11-24,47.725,47.76,47.725,47.76,1535
2021-11-24,47.805,47.835,47.79,47.79,1157
2021-11-24,47.76,47.815,47.76,47.81,3243
2021-11-24,47.8,47.8,47.69,47.755,5861
2021-11-24,47.72,47.805,47.72,47.73,10436
2021-11-24,47.73,47.735,47.66,47.675,10108
2021-11-24,47.67,47.74,47.67,47.74,2965
2021-11-24,47.725,47.77,47.72,47.73,4503
2021-11-24,47.75,47.78,47.705,47.75,4745
2021-11-24,47.75,47.805,47.74,47.78,3429
2021-11-24,47.765,47.79,47.765,47.79,2292
2021-11-24,47.805,47.82,47.775,47.775,5727
2021-11-24,47.785,47.82,47.775,47.78,3803
2021-11-24,47.795,47.815,47.795,47.795,5759
2021-11-24,47.815,47.865,47.815,47.85,10060
2021-11-24,47.855,47.875,47.845,47.875,5304
2021-11-24,47.875,47.875,47.85,47.865,7900
2021-11-24,47.865,47.92,47.865,47.92,8966
2021-11-24,47.92,47.95,47.92,47.945,8022
2021-11-24,47.955,47.98,47.935,47.97,3333
2021-11-24,47.93,47.95,47.92,47.95,1938
2021-11-24,47.93,47.97,47.93,47.955,952
2021-11-24,47.95,47.95,47.95,47.95,209
2021-11-24,47.915,47.92,47.87,47.91,3903
2021-11-24,47.905,47.93,47.865,47.875,4864
2021-11-24,47.875,47.88,47.8,47.8,5253
2021-11-24,47.805,47.805,47.765,47.765,1081
2021-11-24,47.735,47.735,47.685,47.69,935
2021-11-24,47.715,47.775,47.715,47.765,3352
2021-11-24,47.765,47.8,47.76,47.79,3297
2021-11-24,47.79,47.8,47.76,47.8,6240
2021-11-24,47.8,47.81,47.775,47.78,1000
2021-11-24,47.775,47.795,47.775,47.78,1955
2021-11-24,47.78,47.785,47.76,47.775,11268
2021-11-24,47.775,47.785,47.76,47.765,5530
2021-11-24,47.76,47.8,47.76,47.8,879
2021-11-24,47.795,47.8,47.77,47.8,640
2021-11-24,47.785,47.795,47.775,47.795,3631
2021-11-24,47.79,47.81,47.78,47.81,2315
2021-11-24,47.785,47.785,47.785,47.785,200
2021-11-24,47.765,47.795,47.765,47.79,1207
2021-11-24,47.79,47.79,47.78,47.78,728
2021-11-24,47.775,47.805,47.775,47.805,4376
2021-11-24,47.805,47.805,47.775,47.775,2707
2021-11-24,47.78,47.79,47.78,47.79,820
2021-11-24,47.78,47.78,47.74,47.74,1493
2021-11-24,47.75,47.76,47.75,47.76,640
2021-11-24,47.775,47.775,47.755,47.77,1580
2021-11-24,47.76,47.79,47.75,47.79,1984
2021-11-24,47.81,47.825,47.81,47.81,7302
2021-11-24,47.815,47.82,47.795,47.795,1570
2021-11-24,47.795,47.8,47.795,47.795,1531
2021-11-24,47.785,47.785,47.77,47.78,732
2021-11-24,47.8,47.85,47.8,47.835,3169
2021-11-24,47.83,47.855,47.83,47.855,619
2021-11-24,47.82,47.82,47.82,47.82,461
2021-11-24,47.77,47.77,47.75,47.75,1711
2021-11-24,47.75,47.785,47.75,47.785,3991
2021-11-24,47.75,47.765,47.75,47.75,3336
2021-11-24,47.755,47.76,47.755,47.76,1230
2021-11-24,47.77,47.78,47.77,47.78,758
2021-11-24,47.76,47.76,47.75,47.75,530
2021-11-24,47.745,47.79,47.745,47.79,2086
2021-11-24,47.78,47.78,47.77,47.77,1260
2021-11-24,47.765,47.79,47.765,47.79,919
2021-11-24,47.8,47.81,47.8,47.81,220
2021-11-24,47.79,47.79,47.785,47.79,485
2021-11-24,47.79,47.81,47.77,47.81,1548
2021-11-24,47.81,47.825,47.81,47.825,293
2021-11-24,47.815,47.815,47.81,47.81,471
2021-11-24,47.815,47.82,47.815,47.815,830
2021-11-24,47.79,47.79,47.745,47.755,2567
2021-11-24,47.715,47.715,47.69,47.69,2043
2021-11-24,47.705,47.705,47.695,47.7,643
2021-11-24,47.695,47.73,47.695,47.725,2251
2021-11-24,47.725,47.73,47.7,47.705,2775
2021-11-24,47.73,47.74,47.73,47.74,1860
2021-11-24,47.71,47.74,47.71,47.735,4581
2021-11-24,47.735,47.735,47.735,47.735,282
2021-11-24,47.71,47.74,47.71,47.74,1739
2021-11-24,47.735,47.78,47.735,47.745,3329
2021-11-24,47.725,47.725,47.705,47.705,1041
2021-11-24,47.7,47.705,47.675,47.675,6948
2021-11-24,47.67,47.7,47.67,47.69,1585
2021-11-24,47.7,47.705,47.685,47.69,3640
2021-11-24,47.69,47.69,47.61,47.61,3081
2021-11-24,47.61,47.62,47.605,47.605,1610
2021-11-24,47.6,47.62,47.6,47.615,710
2021-11-24,47.615,47.615,47.615,47.615,171
2021-11-24,47.625,47.63,47.625,47.63,540
2021-11-24,47.62,47.62,47.57,47.57,568
2021-11-24,47.57,47.57,47.55,47.55,2815
2021-11-24,47.545,47.55,47.52,47.54,3173
2021-11-24,47.545,47.55,47.545,47.545,1241
2021-11-24,47.71,47.74,47.7042,47.735,305.0
