Date,Open,High,Low,Close,Volume
2021-11-17,3.745,3.755,3.745,3.75,2680
2021-11-17,3.74,3.74,3.74,3.74,8304
2021-11-17,3.74,3.745,3.74,3.745,1260
2021-11-17,3.74,3.755,3.74,3.755,400
2021-11-17,3.76,3.765,3.76,3.76,12400
2021-11-17,3.76,3.76,3.76,3.76,800
2021-11-17,3.76,3.76,3.76,3.76,11200
2021-11-17,3.765,3.775,3.765,3.775,2680
2021-11-17,3.775,3.775,3.775,3.775,700
2021-11-17,3.77,3.775,3.765,3.775,4600
2021-11-17,3.775,3.775,3.775,3.775,1900
2021-11-17,3.775,3.775,3.775,3.775,200
2021-11-17,3.77,3.77,3.77,3.77,100
2021-11-17,3.77,3.77,3.77,3.77,600
2021-11-17,3.77,3.77,3.77,3.77,200
2021-11-17,3.77,3.77,3.77,3.77,27700
2021-11-17,3.76,3.76,3.76,3.76,3400
2021-11-17,3.75,3.75,3.75,3.75,900
2021-11-17,3.755,3.755,3.755,3.755,1100
2021-11-17,3.76,3.76,3.755,3.76,2420
2021-11-17,3.765,3.765,3.765,3.765,700
2021-11-17,3.76,3.765,3.76,3.765,14850
2021-11-17,3.755,3.755,3.755,3.755,100
2021-11-17,3.765,3.77,3.765,3.77,801
2021-11-17,3.77,3.77,3.77,3.77,1122
2021-11-17,3.77,3.77,3.77,3.77,200
2021-11-17,3.775,3.775,3.775,3.775,860
2021-11-17,3.775,3.785,3.775,3.785,3260
2021-11-17,3.785,3.785,3.785,3.785,830
2021-11-17,3.785,3.79,3.785,3.79,1200
2021-11-17,3.79,3.79,3.79,3.79,100
2021-11-17,3.79,3.795,3.79,3.79,6700
2021-11-17,3.785,3.785,3.785,3.785,172
2021-11-17,3.78,3.78,3.78,3.78,2000
2021-11-17,3.775,3.78,3.775,3.78,3400
2021-11-17,3.78,3.785,3.78,3.785,1223
2021-11-17,3.785,3.785,3.785,3.785,220
2021-11-17,3.79,3.795,3.79,3.795,4500
2021-11-17,3.795,3.795,3.795,3.795,2600
2021-11-17,3.795,3.795,3.79,3.79,4700
2021-11-17,3.785,3.795,3.785,3.795,1500
2021-11-17,3.805,3.805,3.805,3.805,300
2021-11-17,3.81,3.81,3.81,3.81,2700
2021-11-17,3.805,3.81,3.805,3.81,1513
2021-11-17,3.81,3.81,3.81,3.81,4170
2021-11-17,3.8,3.8,3.8,3.8,5057
2021-11-17,3.8,3.8,3.8,3.8,900
2021-11-17,3.8,3.8,3.8,3.8,18400
2021-11-17,3.79,3.79,3.79,3.79,3693
2021-11-17,3.79,3.79,3.79,3.79,100
2021-11-17,3.79,3.79,3.79,3.79,3200
2021-11-17,3.78,3.78,3.78,3.78,2628
2021-11-17,3.78,3.78,3.775,3.775,5204
2021-11-17,3.78,3.78,3.78,3.78,1200
2021-11-17,3.78,3.78,3.78,3.78,100
2021-11-17,3.79,3.79,3.79,3.79,2100
2021-11-17,3.79,3.79,3.79,3.79,29800
2021-11-17,3.785,3.785,3.785,3.785,309
2021-11-17,3.78,3.78,3.78,3.78,18000
2021-11-17,3.78,3.78,3.78,3.78,5600
2021-11-17,3.77,3.77,3.77,3.77,100
2021-11-17,3.775,3.775,3.775,3.775,200
2021-11-17,3.78,3.78,3.775,3.78,3150
2021-11-17,3.8,3.8,3.8,3.8,100
2021-11-17,3.8,3.8,3.8,3.8,400
2021-11-17,3.8,3.8,3.795,3.795,570
2021-11-17,3.8,3.8,3.8,3.8,1500
2021-11-17,3.8,3.8,3.8,3.8,300
2021-11-17,3.8,3.8,3.8,3.8,230
2021-11-17,3.805,3.815,3.805,3.81,2700
2021-11-17,3.8,3.8,3.8,3.8,1900
2021-11-17,3.8,3.8,3.8,3.8,100
2021-11-17,3.795,3.795,3.795,3.795,1911
2021-11-17,3.8,3.8,3.8,3.8,3000
2021-11-17,3.8,3.8,3.8,3.8,1200
2021-11-17,3.8,3.805,3.8,3.805,300
2021-11-17,3.81,3.815,3.81,3.815,1210
2021-11-17,3.815,3.815,3.815,3.815,800
2021-11-17,3.81,3.815,3.81,3.815,2300
2021-11-17,3.81,3.815,3.81,3.815,500
2021-11-17,3.81,3.81,3.81,3.81,430
2021-11-17,3.81,3.81,3.81,3.81,3500
2021-11-17,3.815,3.815,3.815,3.815,100
2021-11-17,3.805,3.805,3.805,3.805,2940
2021-11-17,3.805,3.805,3.8,3.805,4100
2021-11-17,3.81,3.82,3.81,3.82,6400
2021-11-17,3.82,3.82,3.815,3.815,1960
2021-11-17,3.815,3.815,3.805,3.805,8988
2021-11-17,3.81,3.81,3.81,3.81,500
2021-11-17,3.81,3.81,3.81,3.81,3800
2021-11-17,3.81,3.81,3.81,3.81,900
2021-11-17,3.81,3.815,3.81,3.815,300
2021-11-17,3.81,3.815,3.805,3.805,1900
2021-11-17,3.805,3.805,3.805,3.805,2000
2021-11-17,3.81,3.81,3.81,3.81,800
2021-11-17,3.805,3.805,3.805,3.805,1250
2021-11-17,3.805,3.805,3.8,3.8,7698
2021-11-17,3.8,3.8,3.8,3.8,120
2021-11-17,3.805,3.805,3.805,3.805,1100
2021-11-17,3.805,3.805,3.805,3.805,600
2021-11-17,3.795,3.795,3.795,3.795,600
2021-11-17,3.795,3.8,3.795,3.795,20431
2021-11-17,3.795,3.795,3.795,3.795,4500
2021-11-17,3.795,3.795,3.795,3.795,1100
2021-11-17,3.795,3.795,3.795,3.795,1023
2021-11-17,3.785,3.785,3.785,3.785,14348
2021-11-17,3.79,3.795,3.79,3.795,16500
2021-11-17,3.795,3.795,3.795,3.795,200
2021-11-17,3.785,3.785,3.785,3.785,500
2021-11-17,3.78,3.785,3.78,3.785,849
2021-11-17,3.785,3.785,3.775,3.775,540
2021-11-17,3.775,3.785,3.775,3.785,6545
2021-11-17,3.785,3.785,3.77,3.775,6363
2021-11-17,3.775,3.775,3.775,3.775,880
2021-11-17,3.775,3.775,3.775,3.775,1400
2021-11-17,3.77,3.77,3.77,3.77,200
2021-11-17,3.77,3.77,3.77,3.77,5900
2021-11-17,3.775,3.775,3.775,3.775,1500
2021-11-17,3.77,3.77,3.77,3.77,1400
2021-11-17,3.775,3.775,3.76,3.76,6100
2021-11-17,3.76,3.765,3.76,3.76,2000
2021-11-17,3.765,3.765,3.765,3.765,1200
2021-11-17,3.765,3.765,3.765,3.765,300
2021-11-17,3.775,3.775,3.775,3.775,300
2021-11-17,3.77,3.77,3.77,3.77,1700
2021-11-17,3.765,3.765,3.765,3.765,998
2021-11-17,3.765,3.765,3.765,3.765,998
2021-11-17,3.765,3.765,3.765,3.765,300
2021-11-17,3.755,3.755,3.755,3.755,200
2021-11-17,3.755,3.755,3.755,3.755,400
2021-11-17,3.75,3.755,3.75,3.755,400
2021-11-17,3.755,3.755,3.755,3.755,200
2021-11-17,3.755,3.755,3.755,3.755,200
2021-11-17,3.76,3.76,3.76,3.76,1500
2021-11-17,3.755,3.76,3.755,3.76,1500
2021-11-17,3.755,3.755,3.755,3.755,519
2021-11-17,3.75,3.75,3.75,3.75,100
2021-11-17,3.755,3.755,3.755,3.755,1009
2021-11-17,3.76,3.76,3.76,3.76,200
2021-11-17,3.755,3.755,3.755,3.755,4600
2021-11-17,3.75,3.75,3.75,3.75,300
2021-11-17,3.76,3.77,3.76,3.765,15829
2021-11-17,3.76,3.765,3.76,3.765,2633
2021-11-17,3.765,3.765,3.765,3.765,1400
2021-11-17,3.76,3.76,3.76,3.76,500
2021-11-17,3.76,3.765,3.76,3.765,500
2021-11-17,3.76,3.765,3.76,3.76,3900
2021-11-17,3.765,3.765,3.765,3.765,400
2021-11-17,3.765,3.765,3.765,3.765,100
2021-11-17,3.765,3.765,3.765,3.765,400
2021-11-17,3.775,3.775,3.775,3.775,7321
2021-11-17,3.775,3.775,3.775,3.775,200
2021-11-17,3.775,3.775,3.775,3.775,900
2021-11-17,3.765,3.765,3.765,3.765,800
2021-11-17,3.765,3.765,3.765,3.765,100
2021-11-17,3.765,3.765,3.765,3.765,700
2021-11-17,3.765,3.765,3.765,3.765,400
2021-11-17,3.765,3.77,3.765,3.77,221
2021-11-17,3.775,3.775,3.775,3.775,400
2021-11-17,3.775,3.775,3.775,3.775,240
2021-11-17,3.775,3.785,3.775,3.785,3254
2021-11-17,3.785,3.785,3.785,3.785,200
2021-11-17,3.78,3.78,3.78,3.78,100
2021-11-17,3.775,3.775,3.775,3.775,200
2021-11-17,3.78,3.78,3.78,3.78,200
2021-11-17,3.775,3.775,3.775,3.775,100
2021-11-17,3.78,3.78,3.78,3.78,5700
2021-11-17,3.785,3.785,3.785,3.785,908
2021-11-17,3.785,3.785,3.785,3.785,3800
2021-11-17,3.785,3.785,3.785,3.785,300
2021-11-17,3.78,3.785,3.775,3.775,13800
2021-11-17,3.785,3.785,3.785,3.785,2500
2021-11-17,3.785,3.785,3.785,3.785,5300
2021-11-17,3.785,3.785,3.785,3.785,1400
2021-11-17,3.775,3.775,3.775,3.775,1200
2021-11-17,3.775,3.775,3.765,3.765,800
2021-11-17,3.77,3.775,3.77,3.775,1100
2021-11-17,3.775,3.775,3.775,3.775,600
2021-11-17,3.775,3.775,3.775,3.775,1700
2021-11-17,3.77,3.77,3.77,3.77,100
2021-11-17,3.775,3.775,3.775,3.775,2000
2021-11-17,3.775,3.775,3.775,3.775,900
2021-11-17,3.775,3.775,3.775,3.775,100
2021-11-17,3.775,3.775,3.775,3.775,300
2021-11-17,3.775,3.775,3.775,3.775,1300
2021-11-17,3.775,3.775,3.775,3.775,11940
2021-11-17,3.775,3.775,3.775,3.775,709
2021-11-17,3.775,3.775,3.775,3.775,340
2021-11-17,3.775,3.775,3.775,3.775,2440
2021-11-17,3.775,3.775,3.775,3.775,2792
2021-11-17,3.775,3.775,3.77,3.775,400
2021-11-17,3.765,3.765,3.765,3.765,2700
2021-11-17,3.765,3.765,3.765,3.765,2635
2021-11-17,3.765,3.765,3.765,3.765,2834
2021-11-17,3.765,3.765,3.76,3.765,1604
2021-11-17,3.76,3.765,3.76,3.765,500
2021-11-17,3.765,3.765,3.76,3.76,1701
2021-11-17,3.76,3.76,3.76,3.76,2400
2021-11-17,3.76,3.76,3.76,3.76,100
2021-11-17,3.76,3.765,3.76,3.76,900
2021-11-17,3.765,3.765,3.765,3.765,2591
2021-11-17,3.765,3.765,3.765,3.765,5000
2021-11-17,3.765,3.765,3.765,3.765,3200
2021-11-17,3.765,3.765,3.765,3.765,3600
2021-11-17,3.765,3.765,3.765,3.765,1500
2021-11-17,3.765,3.765,3.765,3.765,2600
2021-11-17,3.765,3.765,3.765,3.765,2200
2021-11-17,3.765,3.765,3.755,3.755,2300
2021-11-17,3.755,3.755,3.755,3.755,2000
2021-11-17,3.755,3.755,3.755,3.755,700
2021-11-17,3.755,3.755,3.755,3.755,2200
2021-11-17,3.755,3.755,3.755,3.755,1050
2021-11-17,3.755,3.755,3.755,3.755,1000
2021-11-17,3.755,3.755,3.755,3.755,1350
2021-11-17,3.755,3.76,3.755,3.755,2750
2021-11-17,3.755,3.755,3.755,3.755,5295
2021-11-17,3.755,3.755,3.755,3.755,3250
2021-11-17,3.755,3.755,3.755,3.755,3700
2021-11-17,3.755,3.76,3.755,3.755,15655
2021-11-17,3.755,3.76,3.75,3.75,9874
2021-11-18,3.69,3.69,3.69,3.69,100
2021-11-18,3.7,3.7,3.7,3.7,100
2021-11-18,3.7,3.7,3.695,3.695,300
2021-11-18,3.705,3.705,3.705,3.705,200
2021-11-18,3.705,3.71,3.705,3.71,2276
2021-11-18,3.71,3.71,3.71,3.71,1400
2021-11-18,3.71,3.71,3.71,3.71,200
2021-11-18,3.71,3.71,3.71,3.71,200
2021-11-18,3.695,3.695,3.695,3.695,100
2021-11-18,3.7,3.7,3.7,3.7,700
2021-11-18,3.695,3.695,3.695,3.695,100
2021-11-18,3.68,3.68,3.68,3.68,100
2021-11-18,3.685,3.685,3.685,3.685,2200
2021-11-18,3.68,3.68,3.68,3.68,200
2021-11-18,3.68,3.68,3.675,3.68,5600
2021-11-18,3.675,3.675,3.675,3.675,400
2021-11-18,3.675,3.675,3.675,3.675,200
2021-11-18,3.67,3.675,3.67,3.675,300
2021-11-18,3.67,3.67,3.665,3.665,4000
2021-11-18,3.665,3.665,3.665,3.665,1000
2021-11-18,3.665,3.665,3.665,3.665,300
2021-11-18,3.665,3.665,3.66,3.66,400
2021-11-18,3.655,3.655,3.655,3.655,100
2021-11-18,3.65,3.65,3.65,3.65,910
2021-11-18,3.65,3.65,3.65,3.65,300
2021-11-18,3.645,3.65,3.645,3.65,10100
2021-11-18,3.635,3.64,3.635,3.64,11153
2021-11-18,3.635,3.64,3.635,3.635,2000
2021-11-18,3.63,3.635,3.625,3.635,1300
2021-11-18,3.63,3.63,3.63,3.63,100
2021-11-18,3.62,3.62,3.62,3.62,100
2021-11-18,3.625,3.625,3.615,3.615,400
2021-11-18,3.615,3.615,3.615,3.615,200
2021-11-18,3.615,3.62,3.615,3.615,4560
2021-11-18,3.625,3.625,3.625,3.625,3200
2021-11-18,3.635,3.645,3.635,3.645,1900
2021-11-18,3.645,3.645,3.645,3.645,200
2021-11-18,3.645,3.645,3.645,3.645,2900
2021-11-18,3.645,3.65,3.645,3.65,700
2021-11-18,3.645,3.645,3.645,3.645,6600
2021-11-18,3.645,3.645,3.64,3.64,5500
2021-11-18,3.635,3.635,3.635,3.635,200
2021-11-18,3.635,3.635,3.635,3.635,2500
2021-11-18,3.635,3.635,3.635,3.635,700
2021-11-18,3.625,3.625,3.625,3.625,500
2021-11-18,3.625,3.625,3.625,3.625,300
2021-11-18,3.625,3.625,3.625,3.625,100
2021-11-18,3.625,3.635,3.625,3.635,4506
2021-11-18,3.63,3.63,3.63,3.63,500
2021-11-18,3.63,3.63,3.63,3.63,300
2021-11-18,3.63,3.63,3.625,3.625,3350
2021-11-18,3.625,3.625,3.625,3.625,2200
2021-11-18,3.625,3.625,3.625,3.625,300
2021-11-18,3.625,3.63,3.625,3.63,701
2021-11-18,3.63,3.63,3.63,3.63,599
2021-11-18,3.625,3.625,3.625,3.625,3700
2021-11-18,3.625,3.63,3.625,3.63,5100
2021-11-18,3.625,3.625,3.625,3.625,2700
2021-11-18,3.63,3.63,3.63,3.63,1600
2021-11-18,3.635,3.635,3.635,3.635,200
2021-11-18,3.625,3.625,3.625,3.625,7800
2021-11-18,3.625,3.625,3.625,3.625,300
2021-11-18,3.625,3.635,3.625,3.635,1000
2021-11-18,3.64,3.64,3.64,3.64,450
2021-11-18,3.63,3.63,3.63,3.63,200
2021-11-18,3.63,3.63,3.63,3.63,1200
2021-11-18,3.63,3.63,3.63,3.63,210
2021-11-18,3.63,3.63,3.63,3.63,100
2021-11-18,3.63,3.63,3.625,3.625,730
2021-11-18,3.62,3.62,3.615,3.615,500
2021-11-18,3.62,3.62,3.62,3.62,100
2021-11-18,3.625,3.625,3.625,3.625,6200
2021-11-18,3.635,3.635,3.635,3.635,300
2021-11-18,3.63,3.63,3.63,3.63,800
2021-11-18,3.63,3.63,3.625,3.625,567
2021-11-18,3.625,3.625,3.625,3.625,350
2021-11-18,3.62,3.62,3.62,3.62,500
2021-11-18,3.62,3.62,3.62,3.62,300
2021-11-18,3.62,3.62,3.62,3.62,300
2021-11-18,3.62,3.62,3.615,3.615,7341
2021-11-18,3.61,3.61,3.61,3.61,700
2021-11-18,3.61,3.61,3.61,3.61,508
2021-11-18,3.61,3.61,3.61,3.61,700
2021-11-18,3.6,3.6,3.6,3.6,100
2021-11-18,3.6,3.6,3.6,3.6,200
2021-11-18,3.605,3.61,3.605,3.61,15243
2021-11-18,3.605,3.605,3.605,3.605,300
2021-11-18,3.605,3.61,3.605,3.61,3792
2021-11-18,3.615,3.615,3.605,3.605,2878
2021-11-18,3.61,3.61,3.61,3.61,100
2021-11-18,3.605,3.62,3.605,3.62,200
2021-11-18,3.62,3.62,3.62,3.62,200
2021-11-18,3.625,3.63,3.625,3.625,9500
2021-11-18,3.63,3.63,3.63,3.63,100
2021-11-18,3.63,3.63,3.63,3.63,100
2021-11-18,3.635,3.64,3.635,3.64,6150
2021-11-18,3.635,3.635,3.635,3.635,600
2021-11-18,3.64,3.64,3.635,3.635,2273
2021-11-18,3.645,3.645,3.645,3.645,2600
2021-11-18,3.645,3.645,3.645,3.645,8000
2021-11-18,3.64,3.64,3.64,3.64,601
2021-11-18,3.645,3.645,3.645,3.645,4000
2021-11-18,3.645,3.645,3.645,3.645,428
2021-11-18,3.64,3.64,3.64,3.64,3000
2021-11-18,3.635,3.635,3.635,3.635,4700
2021-11-18,3.635,3.635,3.63,3.63,3500
2021-11-18,3.625,3.625,3.625,3.625,4416
2021-11-18,3.625,3.625,3.625,3.625,7100
2021-11-18,3.625,3.625,3.625,3.625,1000
2021-11-18,3.62,3.62,3.615,3.615,6200
2021-11-18,3.615,3.625,3.615,3.625,22764
2021-11-18,3.625,3.63,3.625,3.625,2700
2021-11-18,3.63,3.63,3.63,3.63,900
2021-11-18,3.625,3.625,3.625,3.625,700
2021-11-18,3.615,3.62,3.615,3.615,5800
2021-11-18,3.615,3.62,3.615,3.62,900
2021-11-18,3.64,3.64,3.64,3.64,100
2021-11-18,3.64,3.64,3.64,3.64,801
2021-11-18,3.645,3.645,3.645,3.645,174
2021-11-18,3.64,3.64,3.64,3.64,700
2021-11-18,3.635,3.635,3.635,3.635,845
2021-11-18,3.64,3.64,3.64,3.64,2900
2021-11-18,3.635,3.64,3.635,3.635,7157
2021-11-18,3.635,3.635,3.635,3.635,199
2021-11-18,3.64,3.655,3.64,3.655,6100
2021-11-18,3.655,3.655,3.655,3.655,100
2021-11-18,3.66,3.66,3.66,3.66,1700
2021-11-18,3.66,3.66,3.66,3.66,3342
2021-11-18,3.66,3.66,3.66,3.66,190
2021-11-18,3.665,3.665,3.665,3.665,800
2021-11-18,3.665,3.665,3.66,3.665,3300
2021-11-18,3.665,3.665,3.665,3.665,4200
2021-11-18,3.665,3.665,3.665,3.665,2700
2021-11-18,3.675,3.675,3.67,3.67,1783
2021-11-18,3.67,3.67,3.67,3.67,500
2021-11-18,3.66,3.66,3.66,3.66,1800
2021-11-18,3.67,3.67,3.67,3.67,3600
2021-11-18,3.67,3.67,3.67,3.67,1229
2021-11-18,3.675,3.675,3.675,3.675,650
2021-11-18,3.68,3.685,3.68,3.685,600
2021-11-18,3.69,3.69,3.69,3.69,5048
2021-11-18,3.68,3.68,3.68,3.68,1300
2021-11-18,3.68,3.68,3.68,3.68,100
2021-11-18,3.67,3.67,3.67,3.67,100
2021-11-18,3.67,3.67,3.665,3.665,400
2021-11-18,3.67,3.675,3.67,3.675,3900
2021-11-18,3.68,3.68,3.68,3.68,2085
2021-11-18,3.685,3.685,3.685,3.685,2191
2021-11-18,3.68,3.68,3.68,3.68,900
2021-11-18,3.68,3.685,3.68,3.685,2700
2021-11-18,3.68,3.68,3.68,3.68,560
2021-11-18,3.685,3.685,3.685,3.685,100
2021-11-18,3.68,3.68,3.675,3.68,5635
2021-11-18,3.68,3.685,3.68,3.685,3511
2021-11-18,3.675,3.675,3.675,3.675,400
2021-11-18,3.67,3.67,3.67,3.67,100
2021-11-18,3.67,3.67,3.67,3.67,200
2021-11-18,3.67,3.67,3.67,3.67,100
2021-11-18,3.675,3.68,3.675,3.68,2035
2021-11-18,3.68,3.68,3.68,3.68,2500
2021-11-18,3.67,3.67,3.67,3.67,100
2021-11-18,3.68,3.68,3.68,3.68,8400
2021-11-18,3.68,3.68,3.68,3.68,400
2021-11-18,3.68,3.68,3.68,3.68,7441
2021-11-18,3.68,3.68,3.68,3.68,100
2021-11-18,3.685,3.685,3.685,3.685,2200
2021-11-18,3.685,3.685,3.685,3.685,1500
2021-11-18,3.685,3.685,3.685,3.685,400
2021-11-18,3.685,3.685,3.685,3.685,1000
2021-11-18,3.685,3.685,3.685,3.685,3300
2021-11-18,3.69,3.69,3.69,3.69,601
2021-11-18,3.695,3.695,3.695,3.695,100
2021-11-18,3.69,3.69,3.685,3.685,4300
2021-11-18,3.685,3.685,3.685,3.685,700
2021-11-18,3.69,3.695,3.69,3.695,5100
2021-11-18,3.695,3.695,3.695,3.695,2200
2021-11-18,3.69,3.69,3.685,3.685,599
2021-11-18,3.685,3.685,3.685,3.685,200
2021-11-18,3.685,3.685,3.685,3.685,900
2021-11-18,3.685,3.685,3.685,3.685,900
2021-11-18,3.685,3.685,3.685,3.685,233
2021-11-18,3.685,3.69,3.685,3.69,2600
2021-11-18,3.685,3.685,3.685,3.685,8850
2021-11-18,3.68,3.68,3.68,3.68,1265
2021-11-18,3.685,3.685,3.685,3.685,100
2021-11-18,3.685,3.685,3.685,3.685,800
2021-11-18,3.685,3.685,3.685,3.685,100
2021-11-18,3.685,3.685,3.685,3.685,2200
2021-11-18,3.685,3.685,3.685,3.685,1600
2021-11-18,3.685,3.69,3.685,3.69,34400
2021-11-18,3.695,3.695,3.695,3.695,100
2021-11-18,3.7,3.7,3.695,3.7,26982
2021-11-19,3.7,3.7,3.7,3.7,300
2021-11-19,3.69,3.69,3.69,3.69,110
2021-11-19,3.695,3.705,3.695,3.705,700
2021-11-19,3.695,3.695,3.695,3.695,300
2021-11-19,3.695,3.695,3.695,3.695,410
2021-11-19,3.695,3.695,3.69,3.69,800
2021-11-19,3.685,3.685,3.685,3.685,1300
2021-11-19,3.68,3.68,3.68,3.68,100
2021-11-19,3.68,3.68,3.68,3.68,600
2021-11-19,3.685,3.685,3.685,3.685,1110
2021-11-19,3.68,3.68,3.68,3.68,200
2021-11-19,3.685,3.685,3.685,3.685,3500
2021-11-19,3.68,3.68,3.675,3.675,2379
2021-11-19,3.67,3.67,3.67,3.67,100
2021-11-19,3.665,3.665,3.665,3.665,110
2021-11-19,3.66,3.66,3.66,3.66,200
2021-11-19,3.665,3.67,3.665,3.665,4240
2021-11-19,3.665,3.665,3.665,3.665,213
2021-11-19,3.67,3.67,3.665,3.67,2513
2021-11-19,3.665,3.665,3.66,3.66,2500
2021-11-19,3.66,3.66,3.66,3.66,5616
2021-11-19,3.66,3.66,3.655,3.655,760
2021-11-19,3.65,3.65,3.65,3.65,300
2021-11-19,3.66,3.66,3.66,3.66,900
2021-11-19,3.66,3.66,3.655,3.66,1400
2021-11-19,3.67,3.67,3.67,3.67,258
2021-11-19,3.67,3.67,3.67,3.67,1600
2021-11-19,3.67,3.67,3.67,3.67,200
2021-11-19,3.68,3.68,3.68,3.68,600
2021-11-19,3.685,3.685,3.685,3.685,100
2021-11-19,3.69,3.69,3.69,3.69,1300
2021-11-19,3.69,3.7,3.69,3.7,4800
2021-11-19,3.71,3.71,3.71,3.71,3349
2021-11-19,3.71,3.71,3.71,3.71,700
2021-11-19,3.705,3.705,3.705,3.705,1110
2021-11-19,3.7,3.7,3.7,3.7,100
2021-11-19,3.7,3.7,3.7,3.7,120
2021-11-19,3.7,3.7,3.695,3.695,1700
2021-11-19,3.7,3.7,3.695,3.7,2450
2021-11-19,3.7,3.7,3.7,3.7,100
2021-11-19,3.695,3.7,3.695,3.7,2310
2021-11-19,3.705,3.705,3.7,3.7,1610
2021-11-19,3.695,3.695,3.695,3.695,500
2021-11-19,3.685,3.69,3.685,3.69,1310
2021-11-19,3.69,3.69,3.69,3.69,3500
2021-11-19,3.685,3.685,3.685,3.685,800
2021-11-19,3.685,3.685,3.685,3.685,200
2021-11-19,3.685,3.685,3.685,3.685,453
2021-11-19,3.685,3.685,3.685,3.685,100
2021-11-19,3.685,3.695,3.685,3.69,12060
2021-11-19,3.69,3.695,3.69,3.695,3513
2021-11-19,3.69,3.69,3.69,3.69,20987
2021-11-19,3.685,3.69,3.685,3.69,2500
2021-11-19,3.695,3.695,3.695,3.695,300
2021-11-19,3.7,3.7,3.7,3.7,1300
2021-11-19,3.69,3.69,3.685,3.685,34800
2021-11-19,3.68,3.68,3.68,3.68,500
2021-11-19,3.69,3.69,3.685,3.685,300
2021-11-19,3.69,3.69,3.69,3.69,652
2021-11-19,3.695,3.695,3.685,3.685,1255
2021-11-19,3.69,3.69,3.69,3.69,500
2021-11-19,3.685,3.685,3.675,3.675,430
2021-11-19,3.675,3.675,3.675,3.675,110
2021-11-19,3.68,3.68,3.68,3.68,741
2021-11-19,3.68,3.68,3.68,3.68,1360
2021-11-19,3.69,3.69,3.69,3.69,4008
2021-11-19,3.7,3.7,3.7,3.7,2272
2021-11-19,3.7,3.7,3.7,3.7,4890
2021-11-19,3.7,3.705,3.7,3.705,400
2021-11-19,3.71,3.71,3.71,3.71,917
2021-11-19,3.7,3.7,3.7,3.7,760
2021-11-19,3.7,3.7,3.7,3.7,410
2021-11-19,3.695,3.705,3.695,3.7,7379
2021-11-19,3.69,3.69,3.69,3.69,415
2021-11-19,3.69,3.69,3.69,3.69,1663
2021-11-19,3.69,3.69,3.69,3.69,400
2021-11-19,3.69,3.69,3.69,3.69,400
2021-11-19,3.69,3.69,3.69,3.69,600
2021-11-19,3.69,3.69,3.69,3.69,100
2021-11-19,3.685,3.685,3.685,3.685,760
2021-11-19,3.685,3.685,3.685,3.685,300
2021-11-19,3.68,3.68,3.68,3.68,446
2021-11-19,3.68,3.685,3.68,3.68,2400
2021-11-19,3.68,3.68,3.68,3.68,1100
2021-11-19,3.685,3.69,3.685,3.69,4100
2021-11-19,3.685,3.685,3.685,3.685,300
2021-11-19,3.685,3.685,3.685,3.685,3097
2021-11-19,3.68,3.68,3.675,3.675,910
2021-11-19,3.68,3.68,3.68,3.68,110
2021-11-19,3.685,3.685,3.685,3.685,120
2021-11-19,3.685,3.685,3.685,3.685,140
2021-11-19,3.675,3.675,3.675,3.675,1390
2021-11-19,3.675,3.675,3.675,3.675,100
2021-11-19,3.68,3.68,3.68,3.68,1000
2021-11-19,3.68,3.68,3.68,3.68,300
2021-11-19,3.675,3.675,3.665,3.665,450
2021-11-19,3.67,3.67,3.67,3.67,1210
2021-11-19,3.68,3.68,3.68,3.68,800
2021-11-19,3.68,3.68,3.68,3.68,4680
2021-11-19,3.685,3.685,3.685,3.685,100
2021-11-19,3.685,3.685,3.685,3.685,200
2021-11-19,3.675,3.675,3.675,3.675,230
2021-11-19,3.675,3.675,3.675,3.675,917
2021-11-19,3.68,3.68,3.68,3.68,3200
2021-11-19,3.675,3.675,3.675,3.675,4782
2021-11-19,3.68,3.68,3.68,3.68,2600
2021-11-19,3.685,3.69,3.685,3.69,4100
2021-11-19,3.69,3.69,3.69,3.69,200
2021-11-19,3.685,3.685,3.685,3.685,300
2021-11-19,3.68,3.68,3.68,3.68,700
2021-11-19,3.665,3.665,3.665,3.665,200
2021-11-19,3.66,3.66,3.66,3.66,200
2021-11-19,3.66,3.66,3.66,3.66,330
2021-11-19,3.66,3.66,3.66,3.66,160
2021-11-19,3.66,3.66,3.66,3.66,800
2021-11-19,3.66,3.66,3.66,3.66,200
2021-11-19,3.66,3.66,3.66,3.66,200
2021-11-19,3.665,3.665,3.665,3.665,2186
2021-11-19,3.665,3.665,3.665,3.665,100
2021-11-19,3.67,3.67,3.67,3.67,200
2021-11-19,3.67,3.67,3.67,3.67,2800
2021-11-19,3.665,3.665,3.665,3.665,100
2021-11-19,3.665,3.665,3.665,3.665,800
2021-11-19,3.665,3.665,3.665,3.665,700
2021-11-19,3.665,3.665,3.665,3.665,200
2021-11-19,3.66,3.66,3.66,3.66,230
2021-11-19,3.665,3.665,3.665,3.665,200
2021-11-19,3.665,3.665,3.665,3.665,260
2021-11-19,3.665,3.665,3.665,3.665,100
2021-11-19,3.66,3.665,3.66,3.665,390
2021-11-19,3.665,3.665,3.665,3.665,550
2021-11-19,3.665,3.665,3.665,3.665,200
2021-11-19,3.66,3.66,3.66,3.66,1400
2021-11-19,3.665,3.665,3.665,3.665,2498
2021-11-19,3.665,3.665,3.665,3.665,500
2021-11-19,3.65,3.65,3.65,3.65,860
2021-11-19,3.65,3.65,3.645,3.645,300
2021-11-19,3.65,3.65,3.65,3.65,2400
2021-11-19,3.65,3.65,3.645,3.645,1384
2021-11-19,3.645,3.645,3.645,3.645,308
2021-11-19,3.64,3.64,3.64,3.64,700
2021-11-19,3.64,3.64,3.64,3.64,150
2021-11-19,3.645,3.645,3.645,3.645,150
2021-11-19,3.645,3.645,3.645,3.645,2900
2021-11-19,3.645,3.645,3.645,3.645,1300
2021-11-19,3.645,3.655,3.645,3.655,6985
2021-11-19,3.655,3.655,3.655,3.655,2180
2021-11-19,3.66,3.665,3.66,3.665,600
2021-11-19,3.66,3.66,3.66,3.66,1400
2021-11-19,3.66,3.66,3.66,3.66,200
2021-11-19,3.655,3.655,3.655,3.655,200
2021-11-19,3.655,3.655,3.655,3.655,2877
2021-11-19,3.65,3.65,3.65,3.65,1937
2021-11-19,3.645,3.645,3.645,3.645,400
2021-11-19,3.645,3.645,3.645,3.645,144
2021-11-19,3.645,3.645,3.645,3.645,566
2021-11-19,3.645,3.645,3.645,3.645,101
2021-11-19,3.645,3.645,3.645,3.645,100
2021-11-19,3.645,3.645,3.645,3.645,100
2021-11-19,3.645,3.645,3.645,3.645,360
2021-11-19,3.645,3.645,3.645,3.645,100
2021-11-19,3.645,3.65,3.645,3.65,7649
2021-11-19,3.655,3.655,3.65,3.65,2452
2021-11-19,3.655,3.655,3.655,3.655,262
2021-11-19,3.65,3.655,3.645,3.645,6094
2021-11-19,3.65,3.65,3.65,3.65,900
2021-11-19,3.645,3.645,3.645,3.645,200
2021-11-19,3.645,3.645,3.645,3.645,100
2021-11-19,3.645,3.645,3.645,3.645,300
2021-11-19,3.65,3.65,3.65,3.65,400
2021-11-19,3.65,3.65,3.65,3.65,800
2021-11-19,3.64,3.64,3.64,3.64,6600
2021-11-19,3.64,3.64,3.64,3.64,1452
2021-11-19,3.64,3.64,3.64,3.64,1700
2021-11-19,3.645,3.65,3.645,3.65,10900
2021-11-19,3.65,3.65,3.65,3.65,200
2021-11-19,3.655,3.655,3.655,3.655,572
2021-11-19,3.655,3.655,3.655,3.655,600
2021-11-19,3.655,3.655,3.655,3.655,100
2021-11-19,3.655,3.655,3.655,3.655,1024
2021-11-19,3.655,3.655,3.655,3.655,1700
2021-11-19,3.655,3.655,3.655,3.655,900
2021-11-19,3.655,3.655,3.655,3.655,3800
2021-11-19,3.655,3.655,3.655,3.655,300
2021-11-19,3.655,3.655,3.655,3.655,1800
2021-11-19,3.655,3.655,3.645,3.645,1600
2021-11-19,3.645,3.645,3.645,3.645,1000
2021-11-19,3.645,3.645,3.645,3.645,1290
2021-11-19,3.645,3.645,3.645,3.645,930
2021-11-19,3.645,3.65,3.645,3.65,32430
2021-11-19,3.645,3.66,3.645,3.66,16254
2021-11-22,3.675,3.675,3.675,3.675,1700
2021-11-22,3.665,3.665,3.665,3.665,170
2021-11-22,3.665,3.665,3.665,3.665,100
2021-11-22,3.67,3.67,3.665,3.67,650
2021-11-22,3.66,3.66,3.66,3.66,500
2021-11-22,3.66,3.66,3.66,3.66,1200
2021-11-22,3.66,3.66,3.66,3.66,1680
2021-11-22,3.665,3.665,3.665,3.665,100
2021-11-22,3.67,3.675,3.665,3.67,1900
2021-11-22,3.66,3.66,3.66,3.66,1200
2021-11-22,3.65,3.65,3.65,3.65,3200
2021-11-22,3.655,3.655,3.655,3.655,100
2021-11-22,3.66,3.665,3.66,3.665,500
2021-11-22,3.655,3.655,3.655,3.655,100
2021-11-22,3.65,3.65,3.65,3.65,300
2021-11-22,3.65,3.65,3.65,3.65,200
2021-11-22,3.645,3.645,3.64,3.64,200
2021-11-22,3.645,3.645,3.645,3.645,1100
2021-11-22,3.645,3.645,3.645,3.645,1400
2021-11-22,3.655,3.655,3.655,3.655,780
2021-11-22,3.66,3.665,3.66,3.665,2000
2021-11-22,3.65,3.65,3.645,3.645,5200
2021-11-22,3.645,3.645,3.645,3.645,200
2021-11-22,3.645,3.645,3.645,3.645,250
2021-11-22,3.64,3.64,3.64,3.64,2229
2021-11-22,3.64,3.64,3.64,3.64,187
2021-11-22,3.64,3.64,3.64,3.64,1700
2021-11-22,3.64,3.64,3.635,3.635,2015
2021-11-22,3.645,3.645,3.645,3.645,3240
2021-11-22,3.645,3.645,3.645,3.645,200
2021-11-22,3.655,3.655,3.655,3.655,200
2021-11-22,3.65,3.66,3.65,3.66,4300
2021-11-22,3.66,3.665,3.66,3.665,1700
2021-11-22,3.665,3.665,3.665,3.665,100
2021-11-22,3.66,3.66,3.66,3.66,200
2021-11-22,3.665,3.665,3.665,3.665,200
2021-11-22,3.665,3.675,3.665,3.67,1120
2021-11-22,3.665,3.665,3.665,3.665,600
2021-11-22,3.665,3.67,3.665,3.665,2140
2021-11-22,3.67,3.67,3.67,3.67,640
2021-11-22,3.67,3.67,3.67,3.67,300
2021-11-22,3.67,3.67,3.67,3.67,200
2021-11-22,3.675,3.675,3.675,3.675,940
2021-11-22,3.69,3.695,3.685,3.695,11763
2021-11-22,3.695,3.695,3.695,3.695,160
2021-11-22,3.695,3.695,3.695,3.695,3400
2021-11-22,3.695,3.7,3.695,3.7,11357
2021-11-22,3.7,3.715,3.7,3.715,28237
2021-11-22,3.715,3.715,3.715,3.715,1337
2021-11-22,3.72,3.72,3.72,3.72,260
2021-11-22,3.725,3.73,3.715,3.715,5800
2021-11-22,3.715,3.715,3.715,3.715,520
2021-11-22,3.715,3.715,3.715,3.715,198
2021-11-22,3.715,3.715,3.715,3.715,3360
2021-11-22,3.715,3.715,3.715,3.715,400
2021-11-22,3.71,3.71,3.705,3.705,200
2021-11-22,3.71,3.71,3.71,3.71,230
2021-11-22,3.71,3.71,3.71,3.71,600
2021-11-22,3.705,3.705,3.705,3.705,100
2021-11-22,3.705,3.705,3.705,3.705,100
2021-11-22,3.705,3.71,3.705,3.71,32142
2021-11-22,3.71,3.71,3.71,3.71,2400
2021-11-22,3.71,3.71,3.71,3.71,100
2021-11-22,3.705,3.705,3.705,3.705,900
2021-11-22,3.705,3.705,3.705,3.705,100
2021-11-22,3.705,3.705,3.705,3.705,100
2021-11-22,3.705,3.705,3.705,3.705,260
2021-11-22,3.7,3.7,3.7,3.7,100
2021-11-22,3.7,3.7,3.7,3.7,300
2021-11-22,3.705,3.705,3.705,3.705,4200
2021-11-22,3.705,3.705,3.705,3.705,7442
2021-11-22,3.705,3.705,3.705,3.705,4100
2021-11-22,3.705,3.705,3.705,3.705,1000
2021-11-22,3.705,3.705,3.705,3.705,100
2021-11-22,3.705,3.705,3.705,3.705,2925
2021-11-22,3.705,3.705,3.705,3.705,750
2021-11-22,3.705,3.705,3.7,3.7,850
2021-11-22,3.7,3.705,3.7,3.705,800
2021-11-22,3.705,3.705,3.7,3.705,2705
2021-11-22,3.7,3.7,3.7,3.7,2900
2021-11-22,3.69,3.69,3.69,3.69,598
2021-11-22,3.69,3.69,3.69,3.69,700
2021-11-22,3.675,3.68,3.675,3.68,9400
2021-11-22,3.675,3.675,3.675,3.675,125
2021-11-22,3.69,3.69,3.685,3.685,900
2021-11-22,3.68,3.68,3.68,3.68,100
2021-11-22,3.68,3.68,3.68,3.68,330
2021-11-22,3.68,3.68,3.68,3.68,700
2021-11-22,3.67,3.67,3.67,3.67,1400
2021-11-22,3.67,3.67,3.67,3.67,1400
2021-11-22,3.665,3.67,3.665,3.67,1300
2021-11-22,3.67,3.67,3.67,3.67,100
2021-11-22,3.67,3.67,3.67,3.67,200
2021-11-22,3.67,3.67,3.67,3.67,240
2021-11-22,3.67,3.67,3.67,3.67,100
2021-11-22,3.67,3.67,3.67,3.67,100
2021-11-22,3.67,3.675,3.67,3.67,350
2021-11-22,3.67,3.67,3.67,3.67,100
2021-11-22,3.67,3.675,3.665,3.665,2420
2021-11-22,3.665,3.665,3.665,3.665,600
2021-11-22,3.665,3.665,3.665,3.665,1215
2021-11-22,3.665,3.665,3.665,3.665,1200
2021-11-22,3.665,3.665,3.655,3.655,3400
2021-11-22,3.655,3.655,3.655,3.655,9625
2021-11-22,3.665,3.665,3.66,3.665,1300
2021-11-22,3.665,3.665,3.66,3.665,1600
2021-11-22,3.66,3.66,3.66,3.66,100
2021-11-22,3.66,3.66,3.66,3.66,100
2021-11-22,3.66,3.66,3.66,3.66,100
2021-11-22,3.66,3.66,3.66,3.66,100
2021-11-22,3.66,3.66,3.66,3.66,200
2021-11-22,3.66,3.66,3.66,3.66,348
2021-11-22,3.655,3.655,3.655,3.655,600
2021-11-22,3.65,3.65,3.65,3.65,2200
2021-11-22,3.645,3.645,3.645,3.645,300
2021-11-22,3.65,3.655,3.65,3.655,780
2021-11-22,3.635,3.635,3.635,3.635,6200
2021-11-22,3.645,3.645,3.645,3.645,340
2021-11-22,3.635,3.635,3.625,3.625,2030
2021-11-22,3.615,3.62,3.615,3.62,385
2021-11-22,3.61,3.61,3.61,3.61,741
2021-11-22,3.615,3.615,3.615,3.615,700
2021-11-22,3.61,3.61,3.61,3.61,1000
2021-11-22,3.615,3.615,3.615,3.615,4222
2021-11-22,3.615,3.615,3.615,3.615,300
2021-11-22,3.62,3.625,3.62,3.62,813
2021-11-22,3.615,3.615,3.615,3.615,700
2021-11-22,3.61,3.61,3.61,3.61,200
2021-11-22,3.6,3.6,3.6,3.6,800
2021-11-22,3.6,3.6,3.6,3.6,200
2021-11-22,3.595,3.595,3.595,3.595,6286
2021-11-22,3.6,3.6,3.6,3.6,140
2021-11-22,3.61,3.61,3.61,3.61,914
2021-11-22,3.61,3.61,3.61,3.61,1074
2021-11-22,3.605,3.615,3.605,3.615,7715
2021-11-22,3.61,3.61,3.61,3.61,700
2021-11-22,3.615,3.615,3.615,3.615,202
2021-11-22,3.615,3.615,3.615,3.615,700
2021-11-22,3.615,3.62,3.615,3.62,3737
2021-11-22,3.62,3.62,3.62,3.62,1720
2021-11-22,3.615,3.62,3.615,3.62,6140
2021-11-22,3.615,3.615,3.615,3.615,1200
2021-11-22,3.61,3.61,3.61,3.61,600
2021-11-22,3.615,3.62,3.615,3.62,1400
2021-11-22,3.625,3.625,3.625,3.625,600
2021-11-22,3.63,3.63,3.63,3.63,700
2021-11-22,3.625,3.625,3.625,3.625,200
2021-11-22,3.62,3.62,3.62,3.62,100
2021-11-22,3.61,3.61,3.61,3.61,200
2021-11-22,3.605,3.605,3.605,3.605,2100
2021-11-22,3.61,3.61,3.61,3.61,1153
2021-11-22,3.61,3.61,3.61,3.61,400
2021-11-22,3.61,3.61,3.61,3.61,1900
2021-11-22,3.61,3.61,3.61,3.61,1900
2021-11-22,3.615,3.615,3.615,3.615,200
2021-11-22,3.615,3.615,3.61,3.61,3122
2021-11-22,3.61,3.61,3.605,3.605,2720
2021-11-22,3.615,3.615,3.615,3.615,681
2021-11-22,3.615,3.615,3.615,3.615,2000
2021-11-22,3.615,3.615,3.615,3.615,300
2021-11-22,3.615,3.615,3.615,3.615,1500
2021-11-22,3.62,3.62,3.62,3.62,11818
2021-11-22,3.62,3.63,3.615,3.615,23416
2021-11-22,3.62,3.62,3.615,3.615,2100
2021-11-22,3.615,3.615,3.615,3.615,6800
2021-11-22,3.61,3.61,3.605,3.61,1201
2021-11-22,3.61,3.61,3.61,3.61,3300
2021-11-22,3.61,3.61,3.61,3.61,6965
2021-11-22,3.61,3.61,3.605,3.605,600
2021-11-22,3.605,3.605,3.605,3.605,1450
2021-11-22,3.605,3.605,3.605,3.605,1200
2021-11-22,3.605,3.61,3.605,3.61,7555
2021-11-23,3.57,3.57,3.565,3.565,990
2021-11-23,3.57,3.58,3.57,3.57,2700
2021-11-23,3.585,3.585,3.585,3.585,100
2021-11-23,3.59,3.595,3.59,3.595,4500
2021-11-23,3.6,3.6,3.6,3.6,500
2021-11-23,3.6,3.6,3.6,3.6,100
2021-11-23,3.6,3.6,3.6,3.6,700
2021-11-23,3.6,3.6,3.6,3.6,4100
2021-11-23,3.6,3.6,3.6,3.6,100
2021-11-23,3.6,3.6,3.6,3.6,400
2021-11-23,3.595,3.595,3.595,3.595,100
2021-11-23,3.6,3.615,3.6,3.615,6400
2021-11-23,3.6,3.61,3.6,3.61,16500
2021-11-23,3.61,3.61,3.61,3.61,700
2021-11-23,3.61,3.61,3.61,3.61,3300
2021-11-23,3.61,3.61,3.61,3.61,1654
2021-11-23,3.605,3.61,3.605,3.61,6670
2021-11-23,3.615,3.615,3.615,3.615,4200
2021-11-23,3.62,3.62,3.615,3.615,3100
2021-11-23,3.615,3.615,3.615,3.615,321
2021-11-23,3.61,3.61,3.61,3.61,1100
2021-11-23,3.6,3.6,3.6,3.6,500
2021-11-23,3.6,3.6,3.6,3.6,700
2021-11-23,3.6,3.6,3.6,3.6,4500
2021-11-23,3.585,3.585,3.585,3.585,200
2021-11-23,3.58,3.58,3.58,3.58,2000
2021-11-23,3.59,3.59,3.59,3.59,700
2021-11-23,3.595,3.595,3.585,3.585,500
2021-11-23,3.585,3.595,3.585,3.595,2000
2021-11-23,3.595,3.595,3.595,3.595,100
2021-11-23,3.59,3.59,3.59,3.59,100
2021-11-23,3.59,3.59,3.59,3.59,2500
2021-11-23,3.58,3.58,3.58,3.58,300
2021-11-23,3.58,3.58,3.58,3.58,1100
2021-11-23,3.58,3.58,3.58,3.58,100
2021-11-23,3.575,3.58,3.575,3.58,3600
2021-11-23,3.595,3.595,3.595,3.595,236
2021-11-23,3.59,3.59,3.59,3.59,2200
2021-11-23,3.59,3.59,3.59,3.59,700
2021-11-23,3.6,3.6,3.6,3.6,1876
2021-11-23,3.59,3.59,3.59,3.59,200
2021-11-23,3.59,3.595,3.59,3.595,200
2021-11-23,3.605,3.605,3.605,3.605,100
2021-11-23,3.59,3.59,3.59,3.59,100
2021-11-23,3.59,3.59,3.59,3.59,1100
2021-11-23,3.59,3.59,3.59,3.59,2200
2021-11-23,3.58,3.58,3.58,3.58,4142
2021-11-23,3.58,3.58,3.58,3.58,1168
2021-11-23,3.58,3.585,3.58,3.58,900
2021-11-23,3.585,3.585,3.585,3.585,100
2021-11-23,3.58,3.585,3.58,3.585,3200
2021-11-23,3.58,3.58,3.58,3.58,1300
2021-11-23,3.58,3.58,3.58,3.58,768
2021-11-23,3.58,3.58,3.58,3.58,900
2021-11-23,3.58,3.58,3.58,3.58,954
2021-11-23,3.58,3.58,3.58,3.58,1800
2021-11-23,3.58,3.58,3.58,3.58,1697
2021-11-23,3.585,3.585,3.58,3.58,1400
2021-11-23,3.58,3.58,3.58,3.58,2300
2021-11-23,3.58,3.58,3.58,3.58,1400
2021-11-23,3.58,3.58,3.58,3.58,1100
2021-11-23,3.58,3.58,3.58,3.58,1568
2021-11-23,3.58,3.58,3.58,3.58,168
2021-11-23,3.575,3.58,3.575,3.58,7900
2021-11-23,3.57,3.57,3.57,3.57,1300
2021-11-23,3.57,3.57,3.56,3.56,23700
2021-11-23,3.555,3.56,3.55,3.55,15200
2021-11-23,3.54,3.54,3.54,3.54,3000
2021-11-23,3.535,3.535,3.535,3.535,850
2021-11-23,3.535,3.535,3.53,3.53,9818
2021-11-23,3.52,3.525,3.52,3.525,19352
2021-11-23,3.53,3.54,3.53,3.54,900
2021-11-23,3.55,3.55,3.55,3.55,100
2021-11-23,3.545,3.545,3.54,3.54,4200
2021-11-23,3.54,3.54,3.54,3.54,4868
2021-11-23,3.54,3.54,3.54,3.54,168
2021-11-23,3.535,3.535,3.535,3.535,1200
2021-11-23,3.535,3.545,3.535,3.545,12564
2021-11-23,3.545,3.55,3.545,3.55,6900
2021-11-23,3.55,3.55,3.55,3.55,100
2021-11-23,3.55,3.55,3.55,3.55,101
2021-11-23,3.545,3.545,3.54,3.54,63200
2021-11-23,3.55,3.55,3.55,3.55,100
2021-11-23,3.555,3.555,3.55,3.55,76300
2021-11-23,3.55,3.55,3.55,3.55,100
2021-11-23,3.545,3.545,3.545,3.545,100
2021-11-23,3.545,3.55,3.545,3.545,700
2021-11-23,3.55,3.555,3.55,3.555,1300
2021-11-23,3.55,3.55,3.55,3.55,900
2021-11-23,3.55,3.55,3.55,3.55,440
2021-11-23,3.55,3.55,3.55,3.55,800
2021-11-23,3.555,3.555,3.555,3.555,8946
2021-11-23,3.55,3.555,3.55,3.555,3000
2021-11-23,3.56,3.56,3.56,3.56,3468
2021-11-23,3.565,3.565,3.565,3.565,100
2021-11-23,3.565,3.565,3.565,3.565,200
2021-11-23,3.57,3.57,3.57,3.57,1645
2021-11-23,3.57,3.575,3.57,3.575,368
2021-11-23,3.56,3.56,3.56,3.56,100
2021-11-23,3.56,3.56,3.56,3.56,2300
2021-11-23,3.56,3.56,3.555,3.56,10900
2021-11-23,3.56,3.565,3.56,3.565,3929
2021-11-23,3.555,3.555,3.555,3.555,200
2021-11-23,3.55,3.55,3.55,3.55,2000
2021-11-23,3.545,3.545,3.545,3.545,1000
2021-11-23,3.555,3.555,3.555,3.555,100
2021-11-23,3.55,3.55,3.55,3.55,4570
2021-11-23,3.545,3.545,3.545,3.545,100
2021-11-23,3.545,3.545,3.545,3.545,500
2021-11-23,3.55,3.55,3.55,3.55,100
2021-11-23,3.55,3.55,3.55,3.55,300
2021-11-23,3.55,3.55,3.55,3.55,100
2021-11-23,3.55,3.55,3.55,3.55,630
2021-11-23,3.55,3.555,3.55,3.555,15700
2021-11-23,3.56,3.56,3.56,3.56,300
2021-11-23,3.56,3.56,3.56,3.56,400
2021-11-23,3.56,3.56,3.56,3.56,1800
2021-11-23,3.56,3.56,3.56,3.56,100
2021-11-23,3.56,3.56,3.56,3.56,500
2021-11-23,3.57,3.57,3.57,3.57,101
2021-11-23,3.565,3.565,3.565,3.565,368
2021-11-23,3.57,3.57,3.57,3.57,5600
2021-11-23,3.565,3.565,3.565,3.565,392
2021-11-23,3.56,3.56,3.56,3.56,168
2021-11-23,3.56,3.56,3.56,3.56,1400
2021-11-23,3.56,3.56,3.56,3.56,100
2021-11-23,3.56,3.56,3.56,3.56,100
2021-11-23,3.565,3.565,3.565,3.565,200
2021-11-23,3.56,3.565,3.555,3.565,5295
2021-11-23,3.57,3.57,3.57,3.57,800
2021-11-23,3.565,3.565,3.565,3.565,200
2021-11-23,3.565,3.565,3.565,3.565,1100
2021-11-23,3.565,3.565,3.565,3.565,100
2021-11-23,3.565,3.565,3.565,3.565,300
2021-11-23,3.575,3.575,3.575,3.575,757
2021-11-23,3.575,3.575,3.57,3.575,2800
2021-11-23,3.58,3.585,3.58,3.585,2437
2021-11-23,3.585,3.585,3.585,3.585,1700
2021-11-23,3.595,3.595,3.59,3.59,3768
2021-11-23,3.59,3.59,3.59,3.59,2600
2021-11-23,3.59,3.59,3.59,3.59,700
2021-11-23,3.59,3.59,3.59,3.59,700
2021-11-23,3.59,3.59,3.59,3.59,501
2021-11-23,3.59,3.59,3.59,3.59,800
2021-11-23,3.585,3.585,3.58,3.585,1500
2021-11-23,3.59,3.59,3.59,3.59,2300
2021-11-23,3.605,3.62,3.605,3.62,10799
2021-11-23,3.615,3.615,3.615,3.615,200
2021-11-23,3.62,3.62,3.62,3.62,300
2021-11-23,3.615,3.615,3.615,3.615,2213
2021-11-23,3.615,3.615,3.615,3.615,2439
2021-11-23,3.615,3.615,3.61,3.61,3368
2021-11-23,3.6,3.6,3.6,3.6,800
2021-11-23,3.6,3.6,3.6,3.6,500
2021-11-23,3.605,3.605,3.605,3.605,4200
2021-11-23,3.605,3.605,3.605,3.605,5000
2021-11-23,3.62,3.62,3.62,3.62,550
2021-11-23,3.63,3.635,3.63,3.635,299
2021-11-23,3.64,3.64,3.64,3.64,2200
2021-11-23,3.64,3.64,3.64,3.64,800
2021-11-23,3.645,3.645,3.645,3.645,200
2021-11-23,3.635,3.635,3.635,3.635,700
2021-11-23,3.64,3.64,3.64,3.64,200
2021-11-23,3.625,3.625,3.625,3.625,15500
2021-11-23,3.62,3.62,3.62,3.62,2900
2021-11-23,3.625,3.625,3.625,3.625,600
2021-11-23,3.62,3.62,3.62,3.62,1468
2021-11-23,3.62,3.62,3.615,3.615,3175
2021-11-23,3.615,3.615,3.615,3.615,2100
2021-11-23,3.615,3.615,3.615,3.615,803
2021-11-23,3.615,3.625,3.615,3.625,2827
2021-11-23,3.615,3.615,3.615,3.615,1700
2021-11-23,3.625,3.63,3.625,3.63,1700
2021-11-23,3.63,3.63,3.63,3.63,102
2021-11-23,3.63,3.635,3.63,3.635,4100
2021-11-23,3.635,3.635,3.635,3.635,200
2021-11-23,3.625,3.625,3.625,3.625,2762
2021-11-23,3.625,3.63,3.625,3.63,1976
2021-11-23,3.635,3.635,3.635,3.635,100
2021-11-23,3.625,3.625,3.62,3.62,500
2021-11-23,3.625,3.625,3.625,3.625,100
2021-11-23,3.625,3.625,3.625,3.625,368
2021-11-23,3.625,3.625,3.625,3.625,100
2021-11-23,3.63,3.63,3.625,3.625,480
2021-11-23,3.625,3.625,3.625,3.625,350
2021-11-23,3.625,3.625,3.625,3.625,700
2021-11-23,3.625,3.63,3.625,3.625,3359
2021-11-23,3.625,3.63,3.625,3.63,4750
2021-11-23,3.63,3.63,3.63,3.63,200
2021-11-23,3.625,3.625,3.625,3.625,300
2021-11-23,3.625,3.625,3.615,3.62,4368
2021-11-23,3.61,3.61,3.61,3.61,5100
2021-11-23,3.61,3.62,3.61,3.62,7000
2021-11-23,3.63,3.63,3.63,3.63,1300
2021-11-23,3.63,3.63,3.63,3.63,640
2021-11-23,3.625,3.625,3.625,3.625,700
2021-11-23,3.62,3.62,3.62,3.62,1300
2021-11-23,3.625,3.63,3.625,3.63,2232
2021-11-23,3.63,3.63,3.63,3.63,100
2021-11-23,3.625,3.625,3.625,3.625,7821
2021-11-23,3.635,3.65,3.635,3.65,8629
2021-11-23,3.655,3.655,3.645,3.645,1600
2021-11-23,3.645,3.645,3.645,3.645,1200
2021-11-23,3.645,3.645,3.645,3.645,1100
2021-11-23,3.645,3.645,3.645,3.645,740
2021-11-23,3.65,3.655,3.645,3.655,6080
2021-11-23,3.66,3.66,3.655,3.66,1393
2021-11-23,3.66,3.66,3.655,3.66,4500
2021-11-23,3.665,3.665,3.665,3.665,5500
2021-11-23,3.665,3.665,3.665,3.665,3968
2021-11-23,3.665,3.665,3.66,3.66,6724
2021-11-23,3.66,3.66,3.655,3.66,750
2021-11-23,3.655,3.655,3.655,3.655,4268
2021-11-23,3.655,3.66,3.655,3.66,2089
2021-11-23,3.66,3.66,3.655,3.66,14300
2021-11-23,3.655,3.655,3.655,3.655,6220
2021-11-23,3.66,3.66,3.655,3.655,9460
2021-11-23,3.655,3.66,3.655,3.655,980
2021-11-23,3.655,3.66,3.655,3.66,2710
2021-11-23,3.665,3.665,3.665,3.665,300
2021-11-23,3.665,3.665,3.665,3.665,189
2021-11-23,3.67,3.67,3.67,3.67,10481
2021-11-23,3.67,3.67,3.665,3.67,26357
2021-11-23,3.67,3.67,3.67,3.67,5359
2021-11-23,3.675,3.68,3.67,3.675,8340
2021-11-23,3.655,3.66,3.6525,3.6525,246.0
