Date,Open,High,Low,Close,Volume
2021-11-18,2.075,2.075,2.075,2.075,1800
2021-11-18,2.08,2.08,2.075,2.075,1300
2021-11-18,2.075,2.08,2.075,2.075,2970
2021-11-18,2.075,2.075,2.075,2.075,100
2021-11-18,2.075,2.075,2.075,2.075,1200
2021-11-18,2.075,2.075,2.075,2.075,200
2021-11-18,2.075,2.075,2.07,2.07,2440
2021-11-18,2.07,2.075,2.07,2.075,4402
2021-11-18,2.075,2.075,2.07,2.075,3300
2021-11-18,2.075,2.075,2.07,2.075,4400
2021-11-18,2.075,2.075,2.07,2.075,4400
2021-11-18,2.075,2.075,2.07,2.075,4100
2021-11-18,2.075,2.075,2.07,2.07,3900
2021-11-18,2.07,2.075,2.07,2.07,2100
2021-11-18,2.07,2.07,2.07,2.07,300
2021-11-18,2.065,2.065,2.065,2.065,4270
2021-11-18,2.065,2.065,2.065,2.065,8425
2021-11-18,2.065,2.065,2.065,2.065,3200
2021-11-18,2.065,2.065,2.065,2.065,3128
2021-11-18,2.065,2.065,2.065,2.065,2200
2021-11-18,2.065,2.065,2.065,2.065,2200
2021-11-18,2.065,2.065,2.065,2.065,2000
2021-11-18,2.065,2.065,2.065,2.065,2000
2021-11-18,2.065,2.065,2.065,2.065,2100
2021-11-18,2.065,2.065,2.065,2.065,15000
2021-11-18,2.065,2.065,2.065,2.065,5800
2021-11-18,2.065,2.065,2.065,2.065,2800
2021-11-18,2.065,2.065,2.065,2.065,2200
2021-11-18,2.065,2.065,2.065,2.065,2800
2021-11-18,2.065,2.065,2.065,2.065,2900
2021-11-18,2.065,2.075,2.065,2.075,15570
2021-11-18,2.08,2.085,2.08,2.085,4100
2021-11-18,2.085,2.085,2.085,2.085,600
2021-11-18,2.085,2.085,2.085,2.085,1200
2021-11-18,2.085,2.09,2.085,2.09,1500
2021-11-18,2.09,2.09,2.085,2.085,6770
2021-11-18,2.085,2.085,2.085,2.085,4340
2021-11-18,2.085,2.085,2.085,2.085,4470
2021-11-18,2.085,2.085,2.085,2.085,2500
2021-11-18,2.085,2.085,2.085,2.085,3470
2021-11-18,2.085,2.085,2.085,2.085,3380
2021-11-18,2.085,2.085,2.085,2.085,1490
2021-11-18,2.085,2.09,2.085,2.085,2000
2021-11-18,2.085,2.085,2.085,2.085,1340
2021-11-18,2.08,2.085,2.08,2.085,8251
2021-11-18,2.08,2.085,2.08,2.085,4800
2021-11-18,2.085,2.085,2.08,2.085,8474
2021-11-18,2.08,2.085,2.08,2.085,4250
2021-11-18,2.085,2.085,2.08,2.085,15720
2021-11-18,2.085,2.085,2.08,2.08,9870
2021-11-18,2.085,2.085,2.08,2.085,5360
2021-11-18,2.085,2.085,2.08,2.08,6990
2021-11-18,2.085,2.085,2.08,2.085,12600
2021-11-18,2.08,2.085,2.075,2.075,5900
2021-11-18,2.075,2.075,2.07,2.07,6500
2021-11-18,2.07,2.075,2.07,2.075,15885
2021-11-18,2.075,2.075,2.065,2.065,7400
2021-11-18,2.065,2.065,2.065,2.065,6400
2021-11-18,2.065,2.065,2.065,2.065,3800
2021-11-18,2.065,2.065,2.06,2.065,3900
2021-11-18,2.06,2.065,2.06,2.065,10925
2021-11-18,2.065,2.065,2.06,2.065,8870
2021-11-18,2.06,2.065,2.06,2.065,6146
2021-11-18,2.065,2.065,2.06,2.065,8150
2021-11-18,2.065,2.065,2.06,2.065,7910
2021-11-18,2.065,2.065,2.06,2.065,28600
2021-11-18,2.065,2.07,2.065,2.065,860
2021-11-18,2.065,2.075,2.065,2.075,11740
2021-11-18,2.075,2.08,2.075,2.075,17100
2021-11-18,2.075,2.075,2.075,2.075,14260
2021-11-18,2.075,2.08,2.075,2.08,14698
2021-11-18,2.08,2.08,2.07,2.07,6045
2021-11-19,2.1,2.1,2.1,2.1,200
2021-11-19,2.09,2.09,2.09,2.09,200
2021-11-19,2.11,2.11,2.11,2.11,400
2021-11-19,2.11,2.11,2.11,2.11,200
2021-11-19,2.13,2.13,2.13,2.13,400
2021-11-19,2.13,2.13,2.13,2.13,200
2021-11-19,2.13,2.13,2.13,2.13,300
2021-11-19,2.12,2.12,2.12,2.12,331
2021-11-19,2.12,2.12,2.12,2.12,655
2021-11-19,2.12,2.12,2.12,2.12,100
2021-11-19,2.12,2.16,2.12,2.16,7300
2021-11-19,2.17,2.18,2.17,2.18,2550
2021-11-19,2.18,2.185,2.18,2.18,1200
2021-11-19,2.18,2.195,2.18,2.185,9378
2021-11-19,2.185,2.185,2.175,2.175,1360
2021-11-19,2.175,2.175,2.16,2.16,2318
2021-11-19,2.16,2.18,2.16,2.18,4300
2021-11-19,2.185,2.19,2.185,2.185,4201
2021-11-19,2.185,2.185,2.185,2.185,1000
2021-11-19,2.175,2.185,2.17,2.185,3325
2021-11-19,2.19,2.21,2.19,2.21,5434
2021-11-19,2.21,2.21,2.21,2.21,3507
2021-11-19,2.21,2.21,2.195,2.2,7363
2021-11-19,2.19,2.195,2.19,2.195,400
2021-11-19,2.195,2.205,2.195,2.195,17310
2021-11-19,2.195,2.195,2.195,2.195,3500
2021-11-19,2.19,2.195,2.19,2.195,1072
2021-11-19,2.195,2.195,2.18,2.18,2870
2021-11-19,2.18,2.185,2.18,2.18,486
2021-11-19,2.185,2.185,2.175,2.175,700
2021-11-19,2.175,2.175,2.16,2.16,12090
2021-11-19,2.155,2.165,2.155,2.165,8113
2021-11-19,2.17,2.17,2.17,2.17,900
2021-11-19,2.175,2.175,2.17,2.175,1175
2021-11-19,2.175,2.175,2.175,2.175,400
2021-11-19,2.175,2.18,2.175,2.18,335
2021-11-19,2.175,2.175,2.17,2.17,1125
2021-11-19,2.175,2.175,2.17,2.17,2100
2021-11-19,2.175,2.175,2.165,2.165,3726
2021-11-19,2.165,2.165,2.16,2.165,600
2021-11-19,2.165,2.17,2.165,2.165,900
2021-11-19,2.165,2.17,2.165,2.165,5200
2021-11-19,2.165,2.165,2.165,2.165,401
2021-11-19,2.17,2.18,2.165,2.18,400
2021-11-19,2.175,2.175,2.17,2.17,2600
2021-11-19,2.175,2.175,2.165,2.165,1300
2021-11-19,2.165,2.175,2.165,2.175,918
2021-11-19,2.17,2.175,2.165,2.175,4160
2021-11-19,2.175,2.175,2.175,2.175,300
2021-11-19,2.175,2.175,2.175,2.175,100
2021-11-19,2.175,2.185,2.175,2.185,1706
2021-11-19,2.185,2.195,2.185,2.19,1534
2021-11-19,2.195,2.205,2.195,2.205,975
2021-11-19,2.195,2.195,2.185,2.185,5635
2021-11-19,2.185,2.185,2.18,2.185,4100
2021-11-19,2.185,2.185,2.18,2.185,1200
2021-11-19,2.185,2.19,2.18,2.185,15971
2021-11-19,2.185,2.19,2.18,2.185,8378
2021-11-19,2.185,2.185,2.18,2.185,1300
2021-11-19,2.185,2.185,2.18,2.185,3300
2021-11-19,2.185,2.185,2.175,2.175,7800
2021-11-19,2.175,2.175,2.175,2.175,1400
2021-11-19,2.175,2.18,2.175,2.175,4487
2021-11-19,2.175,2.175,2.16,2.16,1700
2021-11-19,2.165,2.165,2.16,2.165,5400
2021-11-19,2.165,2.165,2.16,2.165,7110
2021-11-19,2.165,2.165,2.165,2.165,17006
2021-11-19,2.165,2.165,2.165,2.165,67350
2021-11-19,2.165,2.165,2.16,2.165,4901
2021-11-19,2.165,2.165,2.165,2.165,29200
2021-11-19,2.165,2.165,2.165,2.165,2740
2021-11-19,2.165,2.165,2.165,2.165,3100
2021-11-19,2.165,2.165,2.165,2.165,2500
2021-11-19,2.165,2.165,2.165,2.165,2000
2021-11-19,2.165,2.165,2.165,2.165,2200
2021-11-19,2.165,2.165,2.165,2.165,1500
2021-11-19,2.165,2.165,2.165,2.165,3600
2021-11-19,2.165,2.165,2.165,2.165,2201
2021-11-19,2.165,2.165,2.155,2.155,2111
2021-11-19,2.155,2.155,2.155,2.155,4100
2021-11-19,2.155,2.155,2.155,2.155,700
2021-11-19,2.155,2.155,2.155,2.155,700
2021-11-19,2.155,2.155,2.155,2.155,700
2021-11-19,2.155,2.155,2.155,2.155,7000
2021-11-19,2.155,2.155,2.155,2.155,600
2021-11-19,2.155,2.155,2.155,2.155,1300
2021-11-19,2.155,2.155,2.155,2.155,5100
2021-11-19,2.155,2.155,2.14,2.145,15500
2021-11-19,2.145,2.145,2.145,2.145,1500
2021-11-19,2.145,2.145,2.145,2.145,600
2021-11-19,2.145,2.145,2.145,2.145,1700
2021-11-19,2.145,2.145,2.145,2.145,1400
2021-11-19,2.145,2.145,2.145,2.145,6710
2021-11-19,2.145,2.145,2.145,2.145,1300
2021-11-19,2.145,2.145,2.14,2.14,2600
2021-11-19,2.145,2.145,2.14,2.14,2202
2021-11-19,2.135,2.135,2.135,2.135,1270
2021-11-19,2.135,2.135,2.135,2.135,2660
2021-11-19,2.135,2.145,2.135,2.145,10971
2021-11-19,2.15,2.15,2.145,2.145,9000
2021-11-19,2.145,2.145,2.145,2.145,2214
2021-11-19,2.145,2.145,2.145,2.145,4000
2021-11-19,2.145,2.145,2.145,2.145,400
2021-11-19,2.145,2.15,2.145,2.145,3580
2021-11-19,2.145,2.145,2.145,2.145,1100
2021-11-19,2.145,2.145,2.145,2.145,970
2021-11-19,2.145,2.145,2.145,2.145,570
2021-11-19,2.145,2.15,2.145,2.145,1800
2021-11-19,2.15,2.15,2.145,2.145,2400
2021-11-19,2.145,2.145,2.145,2.145,600
2021-11-19,2.15,2.15,2.145,2.145,3700
2021-11-19,2.15,2.15,2.145,2.15,1300
2021-11-19,2.155,2.16,2.155,2.155,5660
2021-11-19,2.155,2.165,2.155,2.165,7600
2021-11-19,2.165,2.165,2.16,2.16,1704
2021-11-19,2.145,2.145,2.145,2.145,1400
2021-11-19,2.145,2.145,2.145,2.145,1300
2021-11-19,2.145,2.145,2.145,2.145,1600
2021-11-19,2.145,2.145,2.145,2.145,170
2021-11-19,2.145,2.145,2.145,2.145,2200
2021-11-19,2.145,2.145,2.145,2.145,2700
2021-11-19,2.145,2.145,2.13,2.135,1800
2021-11-19,2.135,2.135,2.13,2.135,3300
2021-11-19,2.135,2.135,2.135,2.135,1100
2021-11-19,2.135,2.135,2.135,2.135,1000
2021-11-19,2.135,2.135,2.135,2.135,1370
2021-11-19,2.135,2.135,2.135,2.135,640
2021-11-19,2.135,2.135,2.135,2.135,1370
2021-11-19,2.135,2.135,2.135,2.135,1550
2021-11-19,2.135,2.135,2.135,2.135,500
2021-11-19,2.135,2.135,2.135,2.135,1000
2021-11-19,2.135,2.135,2.135,2.135,4920
2021-11-19,2.135,2.14,2.135,2.14,1570
2021-11-19,2.145,2.145,2.145,2.145,200
2021-11-19,2.15,2.15,2.145,2.145,800
2021-11-19,2.145,2.145,2.145,2.145,100
2021-11-19,2.145,2.155,2.145,2.15,9995
2021-11-19,2.15,2.15,2.145,2.145,4700
2021-11-19,2.145,2.145,2.145,2.145,100
2021-11-19,2.145,2.145,2.145,2.145,4800
2021-11-19,2.145,2.145,2.145,2.145,766
2021-11-19,2.145,2.145,2.14,2.14,2270
2021-11-19,2.135,2.135,2.135,2.135,7766
2021-11-19,2.135,2.14,2.135,2.135,2572
2021-11-19,2.14,2.14,2.14,2.14,200
2021-11-19,2.145,2.145,2.145,2.145,1670
2021-11-19,2.14,2.14,2.14,2.14,1401
2021-11-19,2.135,2.135,2.135,2.135,270
2021-11-19,2.135,2.135,2.135,2.135,840
2021-11-19,2.135,2.135,2.13,2.13,1756
2021-11-19,2.135,2.135,2.135,2.135,870
2021-11-19,2.135,2.135,2.135,2.135,1010
2021-11-19,2.135,2.135,2.135,2.135,1040
2021-11-19,2.135,2.135,2.135,2.135,570
2021-11-19,2.135,2.135,2.135,2.135,1230
2021-11-19,2.135,2.135,2.135,2.135,420
2021-11-19,2.135,2.135,2.135,2.135,970
2021-11-19,2.135,2.135,2.135,2.135,990
2021-11-19,2.135,2.135,2.135,2.135,630
2021-11-19,2.135,2.135,2.135,2.135,1800
2021-11-19,2.135,2.135,2.135,2.135,200
2021-11-19,2.135,2.135,2.135,2.135,1100
2021-11-19,2.135,2.135,2.135,2.135,1400
2021-11-19,2.135,2.135,2.135,2.135,1200
2021-11-19,2.135,2.135,2.135,2.135,1411
2021-11-19,2.135,2.135,2.135,2.135,330
2021-11-19,2.135,2.135,2.135,2.135,1060
2021-11-19,2.135,2.135,2.135,2.135,900
2021-11-19,2.135,2.135,2.135,2.135,1000
2021-11-19,2.135,2.135,2.135,2.135,4970
2021-11-19,2.135,2.135,2.135,2.135,1060
2021-11-19,2.135,2.135,2.135,2.135,900
2021-11-19,2.135,2.135,2.135,2.135,1040
2021-11-19,2.135,2.135,2.135,2.135,1030
2021-11-19,2.135,2.135,2.135,2.135,1000
2021-11-19,2.135,2.135,2.135,2.135,900
2021-11-19,2.135,2.135,2.135,2.135,1010
2021-11-19,2.135,2.135,2.135,2.135,1001
2021-11-19,2.135,2.135,2.135,2.135,100
2021-11-19,2.135,2.135,2.135,2.135,930
2021-11-19,2.135,2.135,2.135,2.135,900
2021-11-19,2.135,2.135,2.135,2.135,130
2021-11-19,2.135,2.135,2.135,2.135,1900
2021-11-19,2.135,2.135,2.135,2.135,900
2021-11-19,2.135,2.135,2.135,2.135,900
2021-11-19,2.13,2.13,2.125,2.125,4211
2021-11-19,2.125,2.125,2.125,2.125,100
2021-11-19,2.125,2.125,2.125,2.125,3200
2021-11-19,2.125,2.125,2.125,2.125,1100
2021-11-19,2.125,2.125,2.125,2.125,900
2021-11-19,2.125,2.125,2.125,2.125,900
2021-11-19,2.125,2.125,2.125,2.125,800
2021-11-19,2.125,2.125,2.12,2.12,2000
2021-11-19,2.125,2.13,2.125,2.125,7110
2021-11-19,2.125,2.125,2.125,2.125,900
2021-11-19,2.125,2.125,2.125,2.125,2100
2021-11-19,2.125,2.125,2.125,2.125,800
2021-11-19,2.125,2.125,2.125,2.125,800
2021-11-19,2.125,2.125,2.125,2.125,1900
2021-11-19,2.125,2.125,2.125,2.125,800
2021-11-19,2.125,2.125,2.125,2.125,800
2021-11-19,2.125,2.125,2.125,2.125,800
2021-11-19,2.125,2.125,2.125,2.125,1000
2021-11-19,2.125,2.125,2.125,2.125,800
2021-11-19,2.125,2.125,2.125,2.125,800
2021-11-19,2.125,2.125,2.125,2.125,800
2021-11-19,2.125,2.125,2.125,2.125,800
2021-11-19,2.125,2.125,2.125,2.125,800
2021-11-19,2.125,2.125,2.125,2.125,800
2021-11-19,2.125,2.125,2.125,2.125,800
2021-11-19,2.125,2.125,2.12,2.12,992
2021-11-19,2.125,2.125,2.115,2.115,1166
2021-11-19,2.115,2.115,2.115,2.115,100
2021-11-19,2.115,2.115,2.115,2.115,800
2021-11-19,2.115,2.115,2.115,2.115,1100
2021-11-19,2.115,2.115,2.115,2.115,1500
2021-11-19,2.115,2.115,2.115,2.115,800
2021-11-19,2.115,2.115,2.115,2.115,1520
2021-11-19,2.115,2.115,2.115,2.115,850
2021-11-19,2.115,2.115,2.115,2.115,800
2021-11-19,2.115,2.12,2.115,2.12,10950
2021-11-19,2.125,2.125,2.125,2.125,450
2021-11-19,2.125,2.125,2.12,2.12,1090
2021-11-19,2.115,2.115,2.115,2.115,500
2021-11-19,2.115,2.115,2.115,2.115,800
2021-11-19,2.115,2.115,2.115,2.115,1270
2021-11-19,2.115,2.115,2.115,2.115,11570
2021-11-19,2.115,2.115,2.115,2.115,100
2021-11-19,2.115,2.115,2.115,2.115,1300
2021-11-19,2.115,2.115,2.115,2.115,1670
2021-11-19,2.115,2.115,2.1,2.1,7782
2021-11-19,2.095,2.095,2.095,2.095,200
2021-11-19,2.095,2.1,2.095,2.1,10810
2021-11-19,2.095,2.105,2.095,2.105,510
2021-11-19,2.105,2.105,2.105,2.105,1105
2021-11-19,2.105,2.105,2.1,2.1,1320
2021-11-19,2.105,2.105,2.1,2.1,1000
2021-11-19,2.105,2.105,2.105,2.105,900
2021-11-19,2.105,2.105,2.105,2.105,800
2021-11-19,2.105,2.11,2.105,2.11,3705
2021-11-19,2.115,2.115,2.115,2.115,1200
2021-11-19,2.115,2.115,2.115,2.115,310
2021-11-19,2.115,2.115,2.115,2.115,200
2021-11-19,2.115,2.115,2.115,2.115,4070
2021-11-19,2.115,2.115,2.115,2.115,560
2021-11-19,2.115,2.115,2.115,2.115,1870
2021-11-19,2.115,2.115,2.115,2.115,440
2021-11-19,2.115,2.115,2.115,2.115,810
2021-11-19,2.115,2.13,2.115,2.125,13772
2021-11-19,2.13,2.13,2.13,2.13,5300
2021-11-19,2.135,2.135,2.135,2.135,200
2021-11-19,2.14,2.145,2.135,2.135,14046
2021-11-19,2.135,2.135,2.135,2.135,1200
2021-11-19,2.135,2.135,2.135,2.135,7450
2021-11-19,2.135,2.135,2.135,2.135,190
2021-11-19,2.135,2.135,2.135,2.135,5825
2021-11-19,2.135,2.135,2.135,2.135,300
2021-11-19,2.135,2.135,2.135,2.135,360
2021-11-19,2.135,2.135,2.135,2.135,590
2021-11-19,2.135,2.135,2.135,2.135,340
2021-11-19,2.135,2.135,2.135,2.135,200
2021-11-19,2.135,2.135,2.135,2.135,300
2021-11-19,2.135,2.135,2.135,2.135,2100
2021-11-19,2.135,2.135,2.135,2.135,240
2021-11-19,2.135,2.135,2.135,2.135,360
2021-11-19,2.135,2.135,2.135,2.135,900
2021-11-19,2.135,2.135,2.135,2.135,200
2021-11-19,2.135,2.135,2.135,2.135,100
2021-11-19,2.135,2.135,2.135,2.135,1040
2021-11-19,2.135,2.15,2.135,2.15,3700
2021-11-19,2.15,2.16,2.15,2.16,2910
2021-11-19,2.165,2.165,2.155,2.155,7000
2021-11-19,2.155,2.155,2.155,2.155,1767
2021-11-19,2.155,2.155,2.155,2.155,1481
2021-11-19,2.155,2.155,2.155,2.155,2300
2021-11-19,2.155,2.155,2.155,2.155,600
2021-11-19,2.155,2.155,2.155,2.155,10606
2021-11-19,2.155,2.155,2.155,2.155,600
2021-11-19,2.155,2.155,2.155,2.155,1436
2021-11-19,2.16,2.16,2.16,2.16,2920
2021-11-19,2.16,2.16,2.16,2.16,995
2021-11-19,2.17,2.175,2.17,2.17,3700
2021-11-19,2.18,2.18,2.175,2.175,272
2021-11-19,2.18,2.185,2.175,2.175,9810
2021-11-19,2.18,2.18,2.18,2.18,1704
2021-11-19,2.185,2.185,2.185,2.185,4034
2021-11-19,2.185,2.185,2.185,2.185,200
2021-11-19,2.185,2.195,2.185,2.19,4870
2021-11-19,2.185,2.185,2.18,2.18,2000
2021-11-19,2.18,2.18,2.175,2.175,1575
2021-11-19,2.175,2.175,2.175,2.175,2090
2021-11-19,2.175,2.175,2.175,2.175,100
2021-11-19,2.175,2.175,2.17,2.17,4510
2021-11-19,2.17,2.175,2.17,2.175,4327
2021-11-19,2.17,2.17,2.17,2.17,527
2021-11-19,2.17,2.175,2.17,2.175,300
2021-11-19,2.175,2.175,2.175,2.175,1200
2021-11-19,2.175,2.175,2.175,2.175,600
2021-11-19,2.175,2.175,2.165,2.165,1600
2021-11-19,2.165,2.165,2.165,2.165,2800
2021-11-19,2.165,2.165,2.165,2.165,200
2021-11-19,2.165,2.175,2.165,2.175,3443
2021-11-19,2.175,2.175,2.175,2.175,1560
2021-11-19,2.175,2.175,2.175,2.175,200
2021-11-19,2.175,2.185,2.175,2.185,10800
2021-11-19,2.185,2.185,2.185,2.185,700
2021-11-19,2.185,2.185,2.185,2.185,200
2021-11-19,2.185,2.185,2.185,2.185,100
2021-11-19,2.185,2.185,2.185,2.185,200
2021-11-19,2.19,2.195,2.19,2.19,8004
2021-11-19,2.195,2.195,2.185,2.185,2800
2021-11-19,2.185,2.185,2.18,2.185,3500
2021-11-19,2.185,2.185,2.185,2.185,1000
2021-11-19,2.185,2.185,2.165,2.165,8215
2021-11-19,2.165,2.17,2.165,2.17,919
2021-11-19,2.16,2.165,2.16,2.165,3380
2021-11-19,2.165,2.165,2.165,2.165,1620
2021-11-19,2.165,2.175,2.165,2.175,3130
2021-11-19,2.175,2.175,2.165,2.17,4400
2021-11-19,2.165,2.165,2.165,2.165,300
2021-11-19,2.165,2.17,2.165,2.17,4400
2021-11-19,2.17,2.175,2.17,2.175,4240
2021-11-19,2.175,2.175,2.175,2.175,920
2021-11-19,2.18,2.185,2.18,2.185,12759
2021-11-19,2.185,2.185,2.185,2.185,665
2021-11-19,2.185,2.185,2.185,2.185,350
2021-11-19,2.185,2.185,2.185,2.185,441
2021-11-19,2.185,2.185,2.185,2.185,270
2021-11-19,2.185,2.185,2.175,2.175,27099
2021-11-19,2.18,2.18,2.175,2.18,1909
2021-11-19,2.18,2.18,2.18,2.18,1410
2021-11-19,2.18,2.18,2.18,2.18,477
2021-11-19,2.175,2.175,2.175,2.175,4210
2021-11-19,2.18,2.18,2.18,2.18,1900
2021-11-19,2.18,2.18,2.17,2.175,24041
2021-11-19,2.175,2.175,2.175,2.175,1350
2021-11-19,2.18,2.18,2.175,2.175,3032
2021-11-19,2.175,2.18,2.175,2.18,9049
2021-11-22,2.23,2.23,2.23,2.23,400
2021-11-22,2.24,2.24,2.24,2.24,200
2021-11-22,2.23,2.23,2.23,2.23,400
2021-11-22,2.23,2.23,2.23,2.23,100
2021-11-22,2.23,2.23,2.23,2.23,300
2021-11-22,2.24,2.24,2.24,2.24,800
2021-11-22,2.24,2.245,2.24,2.245,14180
2021-11-22,2.245,2.25,2.225,2.25,19070
2021-11-22,2.245,2.26,2.245,2.255,9620
2021-11-22,2.255,2.255,2.25,2.25,14730
2021-11-22,2.255,2.255,2.23,2.23,9895
2021-11-22,2.23,2.23,2.22,2.225,1761
2021-11-22,2.22,2.23,2.22,2.225,9865
2021-11-22,2.225,2.225,2.225,2.225,1702
2021-11-22,2.225,2.23,2.22,2.225,4700
2021-11-22,2.225,2.225,2.21,2.215,13455
2021-11-22,2.215,2.215,2.215,2.215,6100
2021-11-22,2.22,2.22,2.22,2.22,3530
2021-11-22,2.22,2.22,2.215,2.215,6854
2021-11-22,2.215,2.22,2.21,2.22,18400
2021-11-22,2.22,2.22,2.22,2.22,170
2021-11-22,2.215,2.215,2.215,2.215,400
2021-11-22,2.22,2.225,2.22,2.225,5500
2021-11-22,2.225,2.225,2.215,2.22,2040
2021-11-22,2.215,2.22,2.215,2.22,2000
2021-11-22,2.22,2.22,2.22,2.22,143
2021-11-22,2.22,2.22,2.215,2.215,1600
2021-11-22,2.22,2.22,2.22,2.22,1100
2021-11-22,2.215,2.215,2.21,2.215,18740
2021-11-22,2.215,2.215,2.205,2.205,77554
2021-11-22,2.205,2.205,2.2,2.205,13500
2021-11-22,2.205,2.215,2.205,2.215,3280
2021-11-22,2.215,2.215,2.215,2.215,450
2021-11-22,2.215,2.215,2.215,2.215,240
2021-11-22,2.215,2.215,2.215,2.215,190
2021-11-22,2.22,2.225,2.22,2.225,7465
2021-11-22,2.225,2.225,2.22,2.22,2100
2021-11-22,2.215,2.215,2.215,2.215,130
2021-11-22,2.215,2.215,2.215,2.215,470
2021-11-22,2.215,2.215,2.21,2.215,13900
2021-11-22,2.215,2.215,2.215,2.215,15000
2021-11-22,2.22,2.22,2.22,2.22,2800
2021-11-22,2.22,2.22,2.22,2.22,100
2021-11-22,2.22,2.22,2.22,2.22,100
2021-11-22,2.22,2.22,2.22,2.22,482
2021-11-22,2.22,2.22,2.22,2.22,200
2021-11-22,2.22,2.22,2.22,2.22,100
2021-11-22,2.215,2.215,2.215,2.215,2470
2021-11-22,2.22,2.22,2.22,2.22,977
2021-11-22,2.215,2.215,2.21,2.21,46834
2021-11-22,2.21,2.21,2.21,2.21,634
2021-11-22,2.22,2.225,2.22,2.225,25042
2021-11-22,2.225,2.225,2.225,2.225,1200
2021-11-22,2.225,2.225,2.225,2.225,5200
2021-11-22,2.225,2.225,2.225,2.225,1500
2021-11-22,2.225,2.225,2.225,2.225,2223
2021-11-22,2.23,2.23,2.23,2.23,8320
2021-11-22,2.23,2.23,2.225,2.225,730
2021-11-22,2.23,2.24,2.23,2.24,4600
2021-11-22,2.24,2.245,2.24,2.245,8470
2021-11-22,2.25,2.25,2.25,2.25,2277
2021-11-22,2.25,2.255,2.25,2.255,2835
2021-11-22,2.255,2.255,2.255,2.255,5660
2021-11-22,2.255,2.26,2.255,2.26,10455
2021-11-22,2.26,2.28,2.26,2.275,45036
2021-11-22,2.275,2.275,2.275,2.275,840
2021-11-22,2.275,2.28,2.275,2.275,4864
2021-11-22,2.28,2.29,2.28,2.285,49171
2021-11-22,2.285,2.285,2.27,2.275,14368
2021-11-22,2.275,2.275,2.275,2.275,4376
2021-11-22,2.275,2.275,2.275,2.275,100
2021-11-22,2.27,2.275,2.27,2.27,90040
2021-11-22,2.27,2.27,2.265,2.265,7020
2021-11-22,2.265,2.265,2.26,2.26,11659
2021-11-22,2.255,2.255,2.25,2.255,17532
2021-11-22,2.255,2.255,2.255,2.255,370
2021-11-22,2.255,2.255,2.255,2.255,1730
2021-11-22,2.255,2.255,2.255,2.255,570
2021-11-22,2.255,2.255,2.255,2.255,9500
2021-11-22,2.255,2.255,2.255,2.255,190
2021-11-22,2.255,2.26,2.255,2.255,1070
2021-11-22,2.27,2.275,2.27,2.275,610
2021-11-22,2.275,2.28,2.275,2.28,1444
2021-11-22,2.285,2.285,2.285,2.285,21741
2021-11-22,2.285,2.285,2.285,2.285,980
2021-11-22,2.285,2.285,2.27,2.275,10700
2021-11-22,2.275,2.275,2.27,2.275,5610
2021-11-22,2.27,2.27,2.26,2.265,9069
2021-11-22,2.265,2.275,2.265,2.275,8900
2021-11-22,2.275,2.275,2.275,2.275,2309
2021-11-22,2.275,2.275,2.275,2.275,2194
2021-11-22,2.275,2.275,2.275,2.275,3819
2021-11-22,2.275,2.275,2.275,2.275,1677
2021-11-22,2.275,2.275,2.275,2.275,270
2021-11-22,2.275,2.275,2.265,2.265,7200
2021-11-22,2.265,2.265,2.265,2.265,1350
2021-11-22,2.27,2.275,2.27,2.275,5170
2021-11-22,2.275,2.275,2.275,2.275,13100
2021-11-22,2.27,2.27,2.27,2.27,9104
2021-11-22,2.27,2.27,2.27,2.27,2600
2021-11-22,2.27,2.275,2.27,2.275,2445
2021-11-22,2.275,2.275,2.275,2.275,7700
2021-11-22,2.275,2.275,2.275,2.275,2200
2021-11-22,2.28,2.285,2.28,2.285,5832
2021-11-22,2.285,2.285,2.285,2.285,17000
2021-11-22,2.28,2.285,2.28,2.285,12140
2021-11-22,2.285,2.285,2.285,2.285,1970
2021-11-22,2.29,2.295,2.29,2.295,2900
2021-11-22,2.295,2.295,2.29,2.295,9500
2021-11-22,2.295,2.295,2.295,2.295,679
2021-11-22,2.295,2.295,2.295,2.295,2850
2021-11-22,2.295,2.295,2.285,2.285,6400
2021-11-22,2.28,2.285,2.28,2.28,3840
2021-11-22,2.28,2.28,2.28,2.28,400
2021-11-22,2.285,2.285,2.28,2.28,3810
2021-11-22,2.275,2.275,2.275,2.275,350
2021-11-22,2.28,2.28,2.28,2.28,1000
2021-11-22,2.28,2.28,2.27,2.275,78840
2021-11-22,2.275,2.275,2.275,2.275,2100
2021-11-22,2.275,2.275,2.265,2.265,4049
2021-11-22,2.265,2.265,2.265,2.265,7660
2021-11-22,2.265,2.265,2.265,2.265,8014
2021-11-22,2.265,2.265,2.265,2.265,4540
2021-11-22,2.265,2.265,2.255,2.255,16665
2021-11-22,2.26,2.265,2.25,2.25,13001
2021-11-22,2.25,2.25,2.245,2.25,4810
2021-11-22,2.26,2.26,2.245,2.245,10072
2021-11-22,2.245,2.245,2.245,2.245,6508
2021-11-22,2.245,2.245,2.245,2.245,2183
2021-11-22,2.25,2.25,2.25,2.25,1058
2021-11-22,2.255,2.255,2.25,2.25,1799
2021-11-22,2.245,2.245,2.24,2.24,1451
2021-11-22,2.245,2.245,2.245,2.245,510
2021-11-22,2.245,2.245,2.24,2.24,4000
2021-11-22,2.235,2.24,2.235,2.24,2616
2021-11-22,2.245,2.245,2.245,2.245,3200
2021-11-22,2.245,2.245,2.24,2.24,7320
2021-11-22,2.24,2.25,2.24,2.25,1900
2021-11-22,2.245,2.245,2.245,2.245,3700
2021-11-22,2.245,2.245,2.24,2.24,13387
2021-11-22,2.245,2.26,2.245,2.255,982
2021-11-22,2.255,2.255,2.255,2.255,470
2021-11-22,2.255,2.255,2.255,2.255,100
2021-11-22,2.255,2.255,2.25,2.255,1700
2021-11-22,2.25,2.25,2.25,2.25,460
2021-11-22,2.25,2.255,2.25,2.255,2800
2021-11-22,2.255,2.255,2.25,2.255,1400
2021-11-22,2.26,2.265,2.26,2.265,1836
2021-11-22,2.275,2.275,2.275,2.275,1876
2021-11-22,2.28,2.285,2.28,2.285,1200
2021-11-22,2.29,2.29,2.29,2.29,600
2021-11-22,2.285,2.285,2.28,2.285,4100
2021-11-22,2.285,2.29,2.285,2.29,1540
2021-11-22,2.29,2.29,2.29,2.29,700
2021-11-22,2.295,2.295,2.29,2.295,8279
2021-11-22,2.29,2.29,2.29,2.29,400
2021-11-22,2.29,2.29,2.29,2.29,700
2021-11-22,2.29,2.295,2.29,2.295,300
2021-11-22,2.295,2.295,2.29,2.29,945
2021-11-22,2.295,2.295,2.29,2.29,702
2021-11-22,2.295,2.295,2.295,2.295,300
2021-11-22,2.295,2.295,2.295,2.295,400
2021-11-22,2.3,2.3,2.3,2.3,3700
2021-11-22,2.295,2.295,2.29,2.295,2000
2021-11-22,2.295,2.295,2.295,2.295,100
2021-11-22,2.295,2.295,2.295,2.295,606
2021-11-22,2.295,2.295,2.295,2.295,100
2021-11-22,2.295,2.295,2.295,2.295,100
2021-11-22,2.295,2.295,2.295,2.295,350
2021-11-22,2.295,2.295,2.295,2.295,430
2021-11-22,2.3,2.315,2.3,2.315,9600
2021-11-22,2.315,2.315,2.315,2.315,10070
2021-11-22,2.315,2.315,2.315,2.315,100
2021-11-22,2.315,2.315,2.315,2.315,100
2021-11-22,2.315,2.315,2.315,2.315,100
2021-11-22,2.315,2.315,2.315,2.315,600
2021-11-22,2.315,2.315,2.315,2.315,300
2021-11-22,2.315,2.315,2.31,2.31,7800
2021-11-22,2.315,2.315,2.31,2.31,200
2021-11-22,2.31,2.31,2.31,2.31,1042
2021-11-22,2.32,2.32,2.32,2.32,700
2021-11-22,2.315,2.315,2.31,2.315,5800
2021-11-22,2.305,2.305,2.305,2.305,100
2021-11-22,2.305,2.305,2.305,2.305,730
2021-11-22,2.315,2.315,2.315,2.315,470
2021-11-22,2.315,2.315,2.315,2.315,300
2021-11-22,2.315,2.32,2.315,2.32,717
2021-11-22,2.325,2.325,2.325,2.325,3181
2021-11-22,2.32,2.325,2.32,2.325,1000
2021-11-22,2.325,2.325,2.325,2.325,900
2021-11-22,2.325,2.325,2.32,2.325,6100
2021-11-22,2.325,2.325,2.325,2.325,456
2021-11-22,2.325,2.325,2.32,2.325,952
2021-11-22,2.325,2.325,2.325,2.325,800
2021-11-22,2.32,2.32,2.32,2.32,300
2021-11-22,2.32,2.325,2.32,2.325,4017
2021-11-22,2.325,2.325,2.325,2.325,200
2021-11-22,2.325,2.325,2.325,2.325,1100
2021-11-22,2.325,2.325,2.325,2.325,10880
2021-11-22,2.325,2.325,2.325,2.325,300
2021-11-22,2.325,2.325,2.325,2.325,5460
2021-11-22,2.325,2.325,2.325,2.325,780
2021-11-22,2.325,2.325,2.325,2.325,200
2021-11-22,2.33,2.33,2.33,2.33,3582
2021-11-22,2.325,2.325,2.325,2.325,300
2021-11-22,2.33,2.34,2.33,2.335,27800
2021-11-22,2.335,2.335,2.335,2.335,400
2021-11-22,2.335,2.335,2.33,2.33,7440
2021-11-22,2.325,2.335,2.325,2.335,2400
2021-11-22,2.335,2.335,2.325,2.325,1500
2021-11-22,2.325,2.335,2.325,2.335,3604
2021-11-22,2.335,2.345,2.335,2.345,3500
2021-11-22,2.345,2.345,2.345,2.345,800
2021-11-22,2.345,2.345,2.345,2.345,400
2021-11-22,2.345,2.345,2.335,2.335,3500
2021-11-22,2.335,2.335,2.335,2.335,300
2021-11-22,2.335,2.335,2.335,2.335,2200
2021-11-22,2.335,2.335,2.335,2.335,1300
2021-11-22,2.335,2.335,2.335,2.335,1200
2021-11-22,2.335,2.335,2.335,2.335,821
2021-11-22,2.335,2.335,2.335,2.335,3393
2021-11-22,2.335,2.335,2.33,2.335,4100
2021-11-22,2.335,2.335,2.335,2.335,7277
2021-11-22,2.335,2.335,2.335,2.335,2945
2021-11-22,2.335,2.335,2.335,2.335,120
2021-11-22,2.335,2.335,2.335,2.335,3075
2021-11-22,2.335,2.335,2.335,2.335,900
2021-11-22,2.335,2.335,2.335,2.335,2820
2021-11-22,2.335,2.335,2.335,2.335,2517
2021-11-22,2.335,2.335,2.335,2.335,2519
2021-11-22,2.335,2.335,2.335,2.335,2760
2021-11-22,2.335,2.335,2.325,2.325,11824
2021-11-22,2.325,2.325,2.325,2.325,1900
2021-11-22,2.325,2.325,2.325,2.325,1920
2021-11-22,2.325,2.325,2.325,2.325,2648
2021-11-22,2.325,2.325,2.325,2.325,2200
2021-11-22,2.325,2.325,2.325,2.325,3133
2021-11-22,2.325,2.325,2.325,2.325,800
2021-11-22,2.325,2.325,2.325,2.325,1100
2021-11-22,2.32,2.32,2.32,2.32,103
2021-11-22,2.325,2.325,2.32,2.32,1673
2021-11-22,2.325,2.325,2.325,2.325,1200
2021-11-22,2.325,2.325,2.325,2.325,1300
2021-11-22,2.325,2.325,2.325,2.325,900
2021-11-22,2.325,2.325,2.325,2.325,600
2021-11-22,2.325,2.325,2.325,2.325,2552
2021-11-22,2.325,2.325,2.325,2.325,337
2021-11-22,2.325,2.325,2.325,2.325,4440
2021-11-22,2.325,2.325,2.325,2.325,600
2021-11-22,2.325,2.325,2.32,2.325,7449
2021-11-22,2.325,2.325,2.325,2.325,600
2021-11-22,2.325,2.325,2.32,2.325,4800
2021-11-22,2.32,2.325,2.32,2.325,2200
2021-11-22,2.32,2.32,2.315,2.315,3287
2021-11-22,2.315,2.315,2.31,2.315,6876
2021-11-22,2.315,2.315,2.315,2.315,3500
2021-11-22,2.315,2.315,2.31,2.315,8653
2021-11-22,2.315,2.315,2.31,2.315,8396
2021-11-22,2.315,2.315,2.305,2.305,7320
2021-11-22,2.31,2.315,2.31,2.315,1580
2021-11-22,2.315,2.315,2.315,2.315,980
2021-11-22,2.315,2.315,2.3,2.305,29865
2021-11-22,2.305,2.305,2.305,2.305,4960
2021-11-22,2.31,2.32,2.31,2.32,17380
2021-11-22,2.32,2.32,2.32,2.32,24100
2021-11-22,2.32,2.32,2.32,2.32,200
2021-11-22,2.32,2.32,2.32,2.32,4802
2021-11-22,2.315,2.315,2.305,2.305,10471
2021-11-22,2.315,2.315,2.315,2.315,520
2021-11-22,2.315,2.315,2.315,2.315,1320
2021-11-22,2.315,2.315,2.305,2.315,14712
2021-11-23,2.3,2.3,2.3,2.3,300
2021-11-23,2.3,2.3,2.3,2.3,300
2021-11-23,2.29,2.29,2.29,2.29,400
2021-11-23,2.28,2.28,2.28,2.28,100
2021-11-23,2.28,2.28,2.28,2.28,320
2021-11-23,2.29,2.29,2.29,2.29,300
2021-11-23,2.29,2.29,2.29,2.29,100
2021-11-23,2.29,2.29,2.29,2.29,100
2021-11-23,2.29,2.29,2.29,2.29,143
2021-11-23,2.3,2.32,2.3,2.32,300
2021-11-23,2.31,2.31,2.31,2.31,300
2021-11-23,2.31,2.31,2.31,2.31,300
2021-11-23,2.3,2.31,2.3,2.31,400
2021-11-23,2.295,2.35,2.295,2.35,3575
2021-11-23,2.345,2.375,2.34,2.37,3913
2021-11-23,2.38,2.41,2.38,2.41,7272
2021-11-23,2.415,2.445,2.415,2.445,2088
2021-11-23,2.44,2.44,2.44,2.44,1487
2021-11-23,2.425,2.425,2.42,2.42,551
2021-11-23,2.405,2.405,2.405,2.405,1001
2021-11-23,2.4,2.43,2.4,2.43,5533
2021-11-23,2.43,2.43,2.425,2.425,200
2021-11-23,2.43,2.445,2.43,2.445,614
2021-11-23,2.445,2.46,2.445,2.46,6670
2021-11-23,2.46,2.465,2.46,2.465,8401
2021-11-23,2.47,2.475,2.445,2.445,14133
2021-11-23,2.445,2.445,2.445,2.445,750
2021-11-23,2.44,2.445,2.44,2.44,2100
2021-11-23,2.435,2.435,2.435,2.435,900
2021-11-23,2.455,2.455,2.455,2.455,4400
2021-11-23,2.455,2.455,2.445,2.445,11054
2021-11-23,2.445,2.445,2.44,2.44,400
2021-11-23,2.425,2.425,2.42,2.42,5000
2021-11-23,2.425,2.425,2.425,2.425,310
2021-11-23,2.425,2.43,2.42,2.42,3400
2021-11-23,2.415,2.415,2.415,2.415,700
2021-11-23,2.415,2.415,2.41,2.415,1700
2021-11-23,2.405,2.405,2.405,2.405,1300
2021-11-23,2.405,2.405,2.405,2.405,1400
2021-11-23,2.405,2.415,2.405,2.415,755
2021-11-23,2.415,2.415,2.405,2.405,700
2021-11-23,2.405,2.405,2.4,2.4,688
2021-11-23,2.405,2.41,2.4,2.405,7100
2021-11-23,2.395,2.395,2.39,2.395,572
2021-11-23,2.395,2.395,2.395,2.395,2200
2021-11-23,2.395,2.395,2.395,2.395,2100
2021-11-23,2.395,2.395,2.395,2.395,300
2021-11-23,2.395,2.4,2.39,2.395,13617
2021-11-23,2.395,2.395,2.385,2.385,6600
2021-11-23,2.385,2.385,2.38,2.385,7068
2021-11-23,2.385,2.385,2.38,2.385,6142
2021-11-23,2.375,2.375,2.37,2.37,2700
2021-11-23,2.37,2.37,2.365,2.365,6566
2021-11-23,2.36,2.36,2.355,2.355,500
2021-11-23,2.355,2.355,2.34,2.34,8100
2021-11-23,2.345,2.345,2.345,2.345,233
2021-11-23,2.345,2.345,2.345,2.345,200
2021-11-23,2.345,2.345,2.34,2.34,2700
2021-11-23,2.34,2.345,2.335,2.335,1100
2021-11-23,2.33,2.335,2.33,2.33,1300
2021-11-23,2.33,2.335,2.33,2.335,3204
2021-11-23,2.335,2.335,2.335,2.335,300
2021-11-23,2.335,2.34,2.335,2.335,1200
2021-11-23,2.335,2.335,2.335,2.335,500
2021-11-23,2.335,2.335,2.335,2.335,300
2021-11-23,2.335,2.335,2.33,2.33,3100
2021-11-23,2.335,2.335,2.335,2.335,8600
2021-11-23,2.335,2.335,2.335,2.335,4190
2021-11-23,2.335,2.335,2.335,2.335,800
2021-11-23,2.335,2.335,2.325,2.325,500
2021-11-23,2.325,2.325,2.325,2.325,650
2021-11-23,2.325,2.325,2.325,2.325,510
2021-11-23,2.325,2.325,2.325,2.325,620
2021-11-23,2.325,2.325,2.325,2.325,1500
2021-11-23,2.325,2.325,2.325,2.325,100
2021-11-23,2.31,2.315,2.3,2.305,5630
2021-11-23,2.3,2.305,2.295,2.295,2000
2021-11-23,2.295,2.295,2.285,2.285,7800
2021-11-23,2.28,2.285,2.28,2.285,6022
2021-11-23,2.29,2.295,2.285,2.295,7902
2021-11-23,2.295,2.295,2.295,2.295,2710
2021-11-23,2.295,2.3,2.295,2.295,2990
2021-11-23,2.3,2.3,2.295,2.295,1973
2021-11-23,2.295,2.295,2.295,2.295,1610
2021-11-23,2.295,2.295,2.29,2.295,13323
2021-11-23,2.295,2.295,2.285,2.285,1103
2021-11-23,2.285,2.285,2.275,2.275,8078
2021-11-23,2.275,2.275,2.275,2.275,5300
2021-11-23,2.28,2.295,2.28,2.295,1800
2021-11-23,2.295,2.295,2.285,2.285,4100
2021-11-23,2.285,2.285,2.285,2.285,300
2021-11-23,2.285,2.285,2.285,2.285,2610
2021-11-23,2.285,2.285,2.285,2.285,310
2021-11-23,2.285,2.285,2.285,2.285,3420
2021-11-23,2.285,2.285,2.275,2.275,990
2021-11-23,2.27,2.27,2.265,2.265,8299
2021-11-23,2.27,2.275,2.27,2.275,2106
2021-11-23,2.275,2.275,2.27,2.275,7500
2021-11-23,2.275,2.275,2.265,2.265,2610
2021-11-23,2.265,2.265,2.265,2.265,3210
2021-11-23,2.265,2.265,2.255,2.255,9152
2021-11-23,2.25,2.25,2.25,2.25,648
2021-11-23,2.255,2.255,2.25,2.255,1512
2021-11-23,2.25,2.255,2.25,2.255,3267
2021-11-23,2.26,2.265,2.26,2.265,14231
2021-11-23,2.265,2.265,2.265,2.265,2300
2021-11-23,2.265,2.265,2.26,2.265,2000
2021-11-23,2.265,2.265,2.265,2.265,500
2021-11-23,2.265,2.265,2.265,2.265,800
2021-11-23,2.27,2.275,2.27,2.275,2810
2021-11-23,2.275,2.275,2.275,2.275,250
2021-11-23,2.275,2.275,2.275,2.275,100
2021-11-23,2.275,2.275,2.275,2.275,600
2021-11-23,2.275,2.275,2.275,2.275,10000
2021-11-23,2.275,2.275,2.275,2.275,24570
2021-11-23,2.275,2.275,2.27,2.275,24953
2021-11-23,2.275,2.275,2.275,2.275,310
2021-11-23,2.28,2.28,2.28,2.28,2681
2021-11-23,2.28,2.28,2.28,2.28,600
2021-11-23,2.28,2.28,2.28,2.28,830
2021-11-23,2.28,2.28,2.275,2.275,7790
2021-11-23,2.28,2.28,2.28,2.28,1953
2021-11-23,2.285,2.29,2.285,2.29,1000
2021-11-23,2.29,2.29,2.29,2.29,1700
2021-11-23,2.285,2.29,2.285,2.29,2600
2021-11-23,2.285,2.29,2.285,2.285,2500
2021-11-23,2.29,2.29,2.29,2.29,4200
2021-11-23,2.29,2.29,2.29,2.29,400
2021-11-23,2.29,2.29,2.29,2.29,3000
2021-11-23,2.29,2.29,2.29,2.29,3200
2021-11-23,2.29,2.29,2.29,2.29,700
2021-11-23,2.29,2.29,2.29,2.29,1500
2021-11-23,2.29,2.29,2.29,2.29,2700
2021-11-23,2.29,2.295,2.29,2.295,3882
2021-11-23,2.3,2.305,2.3,2.305,9680
2021-11-23,2.305,2.305,2.305,2.305,150
2021-11-23,2.315,2.315,2.305,2.305,5390
2021-11-23,2.305,2.305,2.305,2.305,100
2021-11-23,2.315,2.315,2.315,2.315,5091
2021-11-23,2.315,2.315,2.315,2.315,5103
2021-11-23,2.32,2.32,2.32,2.32,2800
2021-11-23,2.315,2.315,2.315,2.315,100
2021-11-23,2.32,2.32,2.32,2.32,3200
2021-11-23,2.315,2.32,2.315,2.32,1200
2021-11-23,2.32,2.33,2.32,2.33,2300
2021-11-23,2.33,2.33,2.33,2.33,3300
2021-11-23,2.325,2.325,2.325,2.325,17791
2021-11-23,2.33,2.33,2.33,2.33,3600
2021-11-23,2.34,2.34,2.34,2.34,5100
2021-11-23,2.34,2.34,2.33,2.335,13857
2021-11-23,2.335,2.335,2.325,2.325,2800
2021-11-23,2.325,2.325,2.325,2.325,134
2021-11-23,2.325,2.325,2.325,2.325,3079
2021-11-23,2.325,2.325,2.325,2.325,100
2021-11-23,2.325,2.325,2.325,2.325,100
2021-11-23,2.325,2.325,2.325,2.325,200
2021-11-23,2.325,2.325,2.325,2.325,400
2021-11-23,2.325,2.325,2.325,2.325,300
2021-11-23,2.325,2.325,2.325,2.325,400
2021-11-23,2.325,2.325,2.325,2.325,200
2021-11-23,2.325,2.325,2.325,2.325,3500
2021-11-23,2.33,2.33,2.33,2.33,400
2021-11-23,2.33,2.33,2.33,2.33,2612
2021-11-23,2.33,2.33,2.33,2.33,5300
2021-11-23,2.33,2.33,2.33,2.33,870
2021-11-23,2.33,2.33,2.33,2.33,2600
2021-11-23,2.33,2.33,2.33,2.33,1000
2021-11-23,2.33,2.33,2.33,2.33,500
2021-11-23,2.33,2.33,2.33,2.33,1500
2021-11-23,2.33,2.34,2.33,2.34,2900
2021-11-23,2.335,2.335,2.335,2.335,100
2021-11-23,2.335,2.34,2.335,2.34,8900
2021-11-23,2.345,2.345,2.345,2.345,2290
2021-11-23,2.345,2.345,2.345,2.345,1610
2021-11-23,2.34,2.34,2.34,2.34,1812
2021-11-23,2.335,2.335,2.335,2.335,5720
2021-11-23,2.335,2.335,2.335,2.335,110
2021-11-23,2.335,2.335,2.335,2.335,500
2021-11-23,2.335,2.335,2.335,2.335,410
2021-11-23,2.335,2.335,2.335,2.335,710
2021-11-23,2.335,2.335,2.335,2.335,527
2021-11-23,2.335,2.335,2.335,2.335,736
2021-11-23,2.335,2.335,2.325,2.325,26617
2021-11-23,2.325,2.325,2.325,2.325,830
2021-11-23,2.325,2.325,2.325,2.325,780
2021-11-23,2.325,2.325,2.325,2.325,700
2021-11-23,2.325,2.33,2.325,2.33,2927
2021-11-23,2.335,2.34,2.335,2.34,7590
2021-11-23,2.34,2.34,2.34,2.34,1100
2021-11-23,2.335,2.335,2.335,2.335,6809
2021-11-23,2.335,2.34,2.335,2.335,430
2021-11-23,2.335,2.335,2.335,2.335,510
2021-11-23,2.335,2.335,2.335,2.335,510
2021-11-23,2.335,2.335,2.335,2.335,410
2021-11-23,2.34,2.34,2.335,2.34,4710
2021-11-23,2.335,2.34,2.33,2.33,20085
2021-11-23,2.33,2.33,2.33,2.33,600
2021-11-23,2.335,2.335,2.335,2.335,710
2021-11-23,2.335,2.335,2.335,2.335,800
2021-11-23,2.335,2.335,2.335,2.335,210
2021-11-23,2.335,2.335,2.335,2.335,811
2021-11-23,2.335,2.335,2.31,2.31,14100
2021-11-23,2.31,2.31,2.31,2.31,300
2021-11-23,2.305,2.305,2.3,2.3,1370
2021-11-23,2.295,2.295,2.295,2.295,4400
2021-11-23,2.295,2.295,2.295,2.295,2400
2021-11-23,2.295,2.295,2.295,2.295,2300
2021-11-23,2.295,2.295,2.295,2.295,710
2021-11-23,2.295,2.295,2.295,2.295,1100
2021-11-23,2.295,2.295,2.295,2.295,710
2021-11-23,2.295,2.295,2.295,2.295,110
2021-11-23,2.295,2.295,2.295,2.295,4110
2021-11-23,2.295,2.295,2.295,2.295,4300
2021-11-23,2.295,2.295,2.295,2.295,600
2021-11-23,2.295,2.295,2.295,2.295,3450
2021-11-23,2.295,2.295,2.295,2.295,700
2021-11-23,2.295,2.295,2.295,2.295,600
2021-11-23,2.295,2.295,2.295,2.295,3469
2021-11-23,2.295,2.295,2.295,2.295,600
2021-11-23,2.295,2.3,2.295,2.3,2688
2021-11-23,2.295,2.295,2.295,2.295,200
2021-11-23,2.3,2.3,2.3,2.3,1500
2021-11-23,2.3,2.3,2.3,2.3,300
2021-11-23,2.3,2.305,2.3,2.305,900
2021-11-23,2.31,2.31,2.31,2.31,6700
2021-11-23,2.31,2.31,2.31,2.31,1400
2021-11-23,2.31,2.31,2.31,2.31,200
2021-11-23,2.315,2.315,2.315,2.315,150
2021-11-23,2.32,2.32,2.315,2.315,4550
2021-11-23,2.32,2.32,2.32,2.32,1900
2021-11-23,2.32,2.32,2.32,2.32,4781
2021-11-23,2.32,2.32,2.32,2.32,1000
2021-11-23,2.32,2.32,2.315,2.315,4700
2021-11-23,2.32,2.32,2.315,2.315,5725
2021-11-23,2.315,2.315,2.31,2.31,10400
2021-11-23,2.31,2.31,2.31,2.31,1500
2021-11-23,2.31,2.31,2.31,2.31,5053
2021-11-23,2.315,2.315,2.315,2.315,100
2021-11-23,2.32,2.32,2.315,2.315,1300
2021-11-23,2.32,2.32,2.315,2.315,4940
2021-11-23,2.32,2.32,2.315,2.315,7880
2021-11-23,2.32,2.32,2.315,2.32,13680
2021-11-23,2.32,2.32,2.32,2.32,2840
2021-11-23,2.32,2.32,2.315,2.315,3600
2021-11-23,2.32,2.32,2.315,2.315,9580
2021-11-23,2.315,2.315,2.315,2.315,180
2021-11-23,2.315,2.315,2.315,2.315,180
2021-11-23,2.32,2.32,2.315,2.315,3660
2021-11-23,2.32,2.32,2.32,2.32,4700
2021-11-23,2.325,2.325,2.325,2.325,600
2021-11-23,2.325,2.325,2.325,2.325,11500
2021-11-23,2.33,2.33,2.33,2.33,3200
2021-11-23,2.33,2.33,2.33,2.33,3990
2021-11-23,2.33,2.33,2.33,2.33,8700
2021-11-23,2.33,2.33,2.33,2.33,4200
2021-11-23,2.34,2.34,2.335,2.34,7500
2021-11-23,2.34,2.34,2.335,2.335,4721
2021-11-23,2.335,2.335,2.325,2.325,2209
2021-11-23,2.325,2.325,2.325,2.325,100
2021-11-23,2.325,2.325,2.325,2.325,5700
2021-11-23,2.33,2.33,2.33,2.33,700
2021-11-23,2.335,2.335,2.335,2.335,4300
2021-11-23,2.335,2.335,2.335,2.335,200
2021-11-23,2.34,2.34,2.34,2.34,800
2021-11-23,2.34,2.34,2.34,2.34,800
2021-11-23,2.34,2.34,2.34,2.34,500
2021-11-23,2.335,2.335,2.335,2.335,1100
2021-11-23,2.335,2.335,2.335,2.335,8931
2021-11-23,2.335,2.335,2.335,2.335,200
2021-11-23,2.335,2.335,2.335,2.335,100
2021-11-23,2.335,2.335,2.335,2.335,200
2021-11-23,2.335,2.335,2.335,2.335,520
2021-11-23,2.34,2.345,2.34,2.345,15725
2021-11-23,2.345,2.345,2.34,2.34,6931
2021-11-23,2.335,2.335,2.335,2.335,1100
2021-11-23,2.335,2.335,2.335,2.335,920
2021-11-23,2.34,2.34,2.34,2.34,2300
2021-11-23,2.34,2.34,2.34,2.34,3545
2021-11-23,2.34,2.34,2.34,2.34,3124
2021-11-23,2.34,2.34,2.34,2.34,800
2021-11-23,2.34,2.34,2.34,2.34,2700
2021-11-23,2.34,2.34,2.34,2.34,4400
2021-11-23,2.34,2.345,2.34,2.345,4425
2021-11-23,2.34,2.34,2.34,2.34,4000
2021-11-23,2.335,2.335,2.335,2.335,800
2021-11-23,2.335,2.335,2.335,2.335,2900
2021-11-23,2.335,2.335,2.335,2.335,700
2021-11-23,2.335,2.335,2.335,2.335,300
2021-11-23,2.335,2.335,2.335,2.335,5253
2021-11-23,2.335,2.335,2.335,2.335,610
2021-11-23,2.335,2.335,2.335,2.335,190
2021-11-23,2.335,2.335,2.335,2.335,500
2021-11-23,2.335,2.335,2.335,2.335,5953
2021-11-23,2.34,2.34,2.34,2.34,900
2021-11-23,2.34,2.34,2.34,2.34,1500
2021-11-23,2.34,2.345,2.34,2.345,4311
2021-11-23,2.345,2.345,2.335,2.335,3194
2021-11-23,2.335,2.335,2.335,2.335,390
2021-11-23,2.335,2.335,2.325,2.325,11917
2021-11-23,2.325,2.325,2.325,2.325,830
2021-11-23,2.325,2.325,2.31,2.315,19209
2021-11-23,2.315,2.315,2.315,2.315,3200
2021-11-23,2.315,2.32,2.315,2.315,2000
2021-11-23,2.32,2.325,2.32,2.325,4649
2021-11-23,2.33,2.33,2.33,2.33,717
2021-11-23,2.33,2.33,2.33,2.33,1923
2021-11-23,2.33,2.33,2.33,2.33,2960
2021-11-23,2.33,2.335,2.33,2.335,7000
2021-11-23,2.335,2.335,2.335,2.335,5000
2021-11-23,2.335,2.335,2.335,2.335,600
2021-11-23,2.335,2.34,2.335,2.34,5448
2021-11-23,2.34,2.34,2.34,2.34,800
2021-11-23,2.34,2.34,2.33,2.335,5087
2021-11-23,2.34,2.34,2.34,2.34,10440
2021-11-23,2.34,2.34,2.335,2.34,4680
2021-11-23,2.34,2.34,2.34,2.34,1800
2021-11-23,2.34,2.345,2.335,2.335,7295
2021-11-23,2.335,2.335,2.335,2.335,1000
2021-11-23,2.335,2.34,2.335,2.34,8201
2021-11-23,2.33,2.33,2.32,2.33,161.0
