Date,Open,High,Low,Close,Volume
2021-11-19,31.585,31.585,31.58,31.585,2850
2021-11-19,31.59,31.59,31.58,31.585,611
2021-11-19,31.595,31.595,31.595,31.595,451
2021-11-19,31.6,31.6,31.575,31.58,2682
2021-11-19,31.58,31.595,31.58,31.595,2380
2021-11-19,31.595,31.605,31.595,31.605,820
2021-11-19,31.61,31.61,31.605,31.605,428
2021-11-19,31.625,31.625,31.625,31.625,200
2021-11-19,31.625,31.625,31.625,31.625,810
2021-11-19,31.625,31.63,31.56,31.57,2073
2021-11-19,31.57,31.57,31.57,31.57,125
2021-11-19,31.56,31.56,31.56,31.56,230
2021-11-19,31.56,31.56,31.56,31.56,200
2021-11-19,31.565,31.565,31.565,31.565,482
2021-11-19,31.565,31.565,31.565,31.565,396
2021-11-19,31.56,31.565,31.56,31.565,376
2021-11-19,31.53,31.53,31.45,31.45,1388
2021-11-19,31.46,31.475,31.44,31.44,1351
2021-11-19,31.45,31.45,31.45,31.45,138
2021-11-19,31.45,31.45,31.44,31.445,1479
2021-11-19,31.445,31.445,31.445,31.445,200
2021-11-19,31.445,31.445,31.445,31.445,256
2021-11-19,31.415,31.415,31.41,31.41,1433
2021-11-19,31.41,31.41,31.39,31.39,782
2021-11-19,31.385,31.39,31.37,31.39,865
2021-11-19,31.39,31.395,31.39,31.39,1705
2021-11-19,31.39,31.4,31.38,31.4,1600
2021-11-19,31.4,31.41,31.39,31.41,928
2021-11-19,31.39,31.39,31.345,31.345,2130
2021-11-19,31.335,31.335,31.335,31.335,428
2021-11-19,31.325,31.325,31.315,31.315,1572
2021-11-19,31.305,31.305,31.305,31.305,300
2021-11-19,31.3,31.3,31.29,31.29,1183
2021-11-19,31.29,31.295,31.28,31.295,1156
2021-11-19,31.385,31.385,31.37,31.37,300
2021-11-19,31.365,31.365,31.365,31.365,225
2021-11-19,31.36,31.36,31.36,31.36,100
2021-11-19,31.365,31.365,31.345,31.345,435
2021-11-19,31.335,31.335,31.335,31.335,200
2021-11-19,31.335,31.335,31.335,31.335,102
2021-11-19,31.325,31.34,31.325,31.34,674
2021-11-19,31.35,31.35,31.35,31.35,147
2021-11-19,31.36,31.36,31.33,31.33,618
2021-11-19,31.34,31.34,31.33,31.335,1660
2021-11-19,31.325,31.33,31.32,31.325,2260
2021-11-19,31.335,31.335,31.305,31.305,1426
2021-11-19,31.305,31.31,31.305,31.31,200
2021-11-19,31.32,31.32,31.315,31.315,474
2021-11-19,31.325,31.35,31.325,31.35,649
2021-11-19,31.355,31.36,31.325,31.325,495
2021-11-19,31.34,31.34,31.34,31.34,357
2021-11-19,31.325,31.33,31.32,31.33,1084
2021-11-19,31.34,31.34,31.34,31.34,203
2021-11-19,31.345,31.345,31.3,31.3,1553
2021-11-19,31.25,31.25,31.25,31.25,446
2021-11-19,31.27,31.27,31.27,31.27,502
2021-11-19,31.27,31.29,31.265,31.29,1000
2021-11-19,31.3,31.3,31.3,31.3,493
2021-11-19,31.31,31.31,31.31,31.31,223
2021-11-19,31.305,31.31,31.305,31.305,362
2021-11-19,31.31,31.31,31.31,31.31,203
2021-11-19,31.31,31.31,31.31,31.31,200
2021-11-19,31.345,31.345,31.345,31.345,108
2021-11-19,31.33,31.33,31.33,31.33,464
2021-11-19,31.345,31.345,31.345,31.345,100
2021-11-19,31.36,31.36,31.36,31.36,107
2021-11-19,31.34,31.34,31.34,31.34,194
2021-11-19,31.325,31.325,31.325,31.325,100
2021-11-19,31.325,31.325,31.325,31.325,150
2021-11-19,31.325,31.325,31.325,31.325,411
2021-11-19,31.33,31.35,31.33,31.35,988
2021-11-19,31.35,31.36,31.35,31.355,604
2021-11-19,31.345,31.35,31.345,31.35,204
2021-11-19,31.345,31.345,31.345,31.345,500
2021-11-19,31.305,31.305,31.305,31.305,181
2021-11-19,31.31,31.31,31.305,31.305,929
2021-11-19,31.31,31.31,31.31,31.31,320
2021-11-19,31.32,31.32,31.32,31.32,110
2021-11-19,31.33,31.33,31.33,31.33,300
2021-11-19,31.32,31.32,31.305,31.305,546
2021-11-19,31.3,31.3,31.28,31.28,966
2021-11-19,31.28,31.28,31.26,31.26,880
2021-11-19,31.25,31.25,31.23,31.24,587
2021-11-19,31.235,31.24,31.23,31.24,1196
2021-11-19,31.22,31.23,31.22,31.23,726
2021-11-19,31.23,31.23,31.23,31.23,640
2021-11-19,31.235,31.235,31.225,31.23,1407
2021-11-19,31.22,31.24,31.22,31.24,905
2021-11-19,31.245,31.25,31.245,31.25,623
2021-11-19,31.255,31.27,31.25,31.25,1473
2021-11-19,31.26,31.3,31.26,31.3,985
2021-11-19,31.28,31.28,31.27,31.28,1000
2021-11-19,31.29,31.31,31.29,31.31,700
2021-11-19,31.32,31.32,31.32,31.32,866
2021-11-19,31.31,31.33,31.31,31.33,651
2021-11-19,31.34,31.34,31.32,31.32,1469
2021-11-19,31.33,31.35,31.33,31.35,520
2021-11-19,31.36,31.37,31.36,31.36,911
2021-11-19,31.36,31.36,31.36,31.36,100
2021-11-19,31.35,31.35,31.35,31.35,125
2021-11-19,31.345,31.35,31.345,31.35,324
2021-11-19,31.36,31.38,31.35,31.35,2074
2021-11-19,31.35,31.36,31.35,31.36,415
2021-11-19,31.37,31.38,31.37,31.38,300
2021-11-19,31.38,31.4,31.38,31.4,1090
2021-11-19,31.4,31.4,31.385,31.385,625
2021-11-19,31.385,31.385,31.37,31.37,774
2021-11-19,31.365,31.37,31.35,31.35,1366
2021-11-19,31.34,31.345,31.34,31.345,580
2021-11-19,31.35,31.35,31.34,31.34,2189
2021-11-19,31.335,31.34,31.32,31.32,1745
2021-11-19,31.32,31.33,31.31,31.31,2721
2021-11-19,31.285,31.29,31.285,31.29,1712
2021-11-19,31.29,31.315,31.29,31.31,5134
2021-11-19,31.325,31.325,31.315,31.315,1666
2021-11-19,31.315,31.345,31.315,31.345,2922
2021-11-19,31.34,31.345,31.325,31.345,3007
2021-11-19,31.345,31.38,31.345,31.37,2039
2021-11-19,31.37,31.38,31.365,31.37,1639
2021-11-19,31.365,31.37,31.345,31.345,2827
2021-11-19,31.34,31.345,31.335,31.345,2365
2021-11-19,31.35,31.355,31.345,31.355,3447
2021-11-19,31.355,31.36,31.345,31.345,5202
2021-11-19,31.335,31.35,31.335,31.345,6072
2021-11-19,31.355,31.38,31.355,31.375,7376
2021-11-19,31.38,31.415,31.375,31.405,6483
2021-11-19,31.405,31.42,31.405,31.415,5903
2021-11-19,31.415,31.455,31.405,31.455,16082
2021-11-22,31.6,31.68,31.535,31.68,2133
2021-11-22,31.67,31.67,31.66,31.66,230
2021-11-22,31.63,31.63,31.56,31.56,613
2021-11-22,31.61,31.61,31.555,31.57,1799
2021-11-22,31.52,31.52,31.51,31.51,302
2021-11-22,31.54,31.54,31.54,31.54,120
2021-11-22,31.42,31.47,31.415,31.47,760
2021-11-22,31.435,31.435,31.435,31.435,120
2021-11-22,31.59,31.615,31.57,31.59,690
2021-11-22,31.57,31.57,31.57,31.57,241
2021-11-22,31.535,31.55,31.53,31.53,928
2021-11-22,31.55,31.58,31.55,31.58,406
2021-11-22,31.62,31.65,31.62,31.65,400
2021-11-22,31.64,31.645,31.64,31.645,503
2021-11-22,31.66,31.66,31.66,31.66,527
2021-11-22,31.665,31.7,31.665,31.7,300
2021-11-22,31.72,31.77,31.72,31.77,700
2021-11-22,31.785,31.805,31.785,31.805,500
2021-11-22,31.71,31.71,31.71,31.71,302
2021-11-22,31.73,31.74,31.73,31.74,800
2021-11-22,31.8,31.89,31.8,31.89,1409
2021-11-22,31.87,31.91,31.865,31.89,1561
2021-11-22,31.87,31.93,31.87,31.92,1400
2021-11-22,31.89,31.89,31.89,31.89,209
2021-11-22,31.88,31.9,31.88,31.9,931
2021-11-22,31.9,31.9,31.9,31.9,100
2021-11-22,31.925,31.93,31.925,31.93,1142
2021-11-22,31.965,32.005,31.965,31.99,3082
2021-11-22,31.97,32.03,31.97,32.03,910
2021-11-22,32.05,32.065,32.035,32.035,1142
2021-11-22,32.02,32.07,32.02,32.06,2265
2021-11-22,32.07,32.07,32.03,32.07,6292
2021-11-22,32.06,32.06,32.04,32.04,780
2021-11-22,32.025,32.025,32.025,32.025,509
2021-11-22,32.02,32.03,32.005,32.03,868
2021-11-22,32.01,32.01,32.01,32.01,583
2021-11-22,32.015,32.045,32.005,32.045,1348
2021-11-22,32.05,32.05,32.025,32.025,430
2021-11-22,32.07,32.085,32.07,32.085,1463
2021-11-22,32.09,32.12,32.075,32.11,3720
2021-11-22,32.05,32.05,32.02,32.035,502
2021-11-22,32.01,32.01,32.01,32.01,100
2021-11-22,32.05,32.095,32.05,32.095,1000
2021-11-22,32.13,32.13,32.11,32.11,654
2021-11-22,32.14,32.16,32.135,32.16,1972
2021-11-22,32.19,32.215,32.19,32.21,2125
2021-11-22,32.21,32.21,32.145,32.15,2882
2021-11-22,32.18,32.18,32.145,32.145,744
2021-11-22,32.13,32.135,32.11,32.11,639
2021-11-22,32.115,32.15,32.115,32.145,1613
2021-11-22,32.125,32.13,32.105,32.105,2312
2021-11-22,32.11,32.215,32.11,32.2,1289
2021-11-22,32.205,32.21,32.19,32.21,500
2021-11-22,32.18,32.19,32.18,32.19,377
2021-11-22,32.185,32.22,32.185,32.19,1585
2021-11-22,32.21,32.215,32.195,32.195,903
2021-11-22,32.195,32.205,32.165,32.165,750
2021-11-22,32.17,32.2,32.17,32.2,1202
2021-11-22,32.21,32.21,32.205,32.21,1290
2021-11-22,32.25,32.295,32.23,32.255,4034
2021-11-22,32.25,32.265,32.245,32.265,1892
2021-11-22,32.265,32.31,32.265,32.31,2581
2021-11-22,32.325,32.37,32.32,32.37,2400
2021-11-22,32.3,32.335,32.295,32.335,1492
2021-11-22,32.345,32.36,32.335,32.36,864
2021-11-22,32.36,32.36,32.32,32.32,770
2021-11-22,32.32,32.32,32.31,32.31,535
2021-11-22,32.305,32.33,32.3,32.32,1497
2021-11-22,32.325,32.325,32.3,32.3,312
2021-11-22,32.32,32.325,32.315,32.315,716
2021-11-22,32.365,32.37,32.365,32.37,300
2021-11-22,32.42,32.44,32.42,32.44,1982
2021-11-22,32.44,32.45,32.44,32.45,3778
2021-11-22,32.46,32.465,32.44,32.465,2653
2021-11-22,32.485,32.52,32.485,32.495,16872
2021-11-22,32.495,32.53,32.495,32.52,1566
2021-11-22,32.525,32.54,32.51,32.535,2314
2021-11-22,32.535,32.56,32.535,32.56,2607
2021-11-22,32.55,32.555,32.495,32.495,1603
2021-11-22,32.475,32.485,32.45,32.455,3004
2021-11-22,32.44,32.465,32.44,32.465,1720
2021-11-22,32.465,32.55,32.465,32.55,1470
2021-11-22,32.545,32.555,32.535,32.555,2424
2021-11-22,32.56,32.56,32.535,32.535,6998
2021-11-22,32.505,32.535,32.505,32.535,3300
2021-11-22,32.53,32.535,32.525,32.525,1800
2021-11-22,32.515,32.525,32.485,32.525,1591
2021-11-22,32.505,32.505,32.495,32.5,1777
2021-11-22,32.455,32.495,32.435,32.495,3014
2021-11-22,32.49,32.52,32.49,32.505,1340
2021-11-22,32.505,32.505,32.43,32.43,1344
2021-11-22,32.42,32.42,32.41,32.41,362
2021-11-22,32.41,32.41,32.41,32.41,357
2021-11-22,32.365,32.365,32.365,32.365,200
2021-11-22,32.34,32.345,32.34,32.34,2014
2021-11-22,32.31,32.32,32.3,32.31,1231
2021-11-22,32.34,32.34,32.335,32.335,822
2021-11-22,32.35,32.35,32.35,32.35,150
2021-11-22,32.345,32.345,32.29,32.29,1063
2021-11-22,32.28,32.31,32.28,32.305,723
2021-11-22,32.3,32.35,32.3,32.35,1320
2021-11-22,32.335,32.335,32.335,32.335,287
2021-11-22,32.3,32.3,32.3,32.3,188
2021-11-22,32.29,32.29,32.29,32.29,420
2021-11-22,32.32,32.33,32.315,32.315,1318
2021-11-22,32.335,32.37,32.335,32.37,450
2021-11-22,32.4,32.4,32.4,32.4,102
2021-11-22,32.41,32.45,32.41,32.45,503
2021-11-22,32.46,32.46,32.46,32.46,102
2021-11-22,32.435,32.435,32.435,32.435,180
2021-11-22,32.435,32.44,32.415,32.415,900
2021-11-22,32.33,32.33,32.32,32.33,422
2021-11-22,32.335,32.335,32.265,32.265,1057
2021-11-22,32.25,32.25,32.22,32.24,769
2021-11-22,32.24,32.24,32.24,32.24,132
2021-11-22,32.245,32.245,32.225,32.225,1060
2021-11-22,32.225,32.225,32.22,32.22,727
2021-11-22,32.195,32.195,32.195,32.195,182
2021-11-22,32.22,32.23,32.22,32.23,380
2021-11-22,32.245,32.26,32.24,32.26,500
2021-11-22,32.27,32.27,32.265,32.265,635
2021-11-22,32.265,32.265,32.265,32.265,310
2021-11-22,32.27,32.27,32.27,32.27,200
2021-11-22,32.255,32.265,32.255,32.265,748
2021-11-22,32.265,32.265,32.265,32.265,215
2021-11-22,32.24,32.25,32.24,32.25,550
2021-11-22,32.255,32.265,32.255,32.265,789
2021-11-22,32.285,32.335,32.275,32.335,3126
2021-11-22,32.345,32.345,32.345,32.345,445
2021-11-22,32.345,32.37,32.345,32.37,4356
2021-11-22,32.365,32.365,32.355,32.355,596
2021-11-22,32.355,32.355,32.345,32.345,1280
2021-11-22,32.35,32.35,32.345,32.35,780
2021-11-22,32.35,32.35,32.28,32.28,817
2021-11-22,32.3,32.315,32.285,32.285,625
2021-11-22,32.29,32.29,32.265,32.275,1523
2021-11-22,32.225,32.23,32.225,32.225,422
2021-11-22,32.22,32.22,32.205,32.205,520
2021-11-22,32.205,32.205,32.185,32.185,350
2021-11-22,32.19,32.19,32.19,32.19,400
2021-11-22,32.16,32.165,32.16,32.165,742
2021-11-22,32.18,32.205,32.18,32.205,557
2021-11-22,32.2,32.21,32.185,32.205,1772
2021-11-22,32.2,32.2,32.2,32.2,361
2021-11-22,32.17,32.17,32.17,32.17,101
2021-11-22,32.17,32.17,32.15,32.155,422
2021-11-22,32.17,32.225,32.17,32.22,1001
2021-11-22,32.22,32.22,32.22,32.22,310
2021-11-22,32.22,32.225,32.205,32.225,1120
2021-11-22,32.21,32.215,32.21,32.21,530
2021-11-22,32.21,32.21,32.2,32.2,739
2021-11-22,32.175,32.18,32.12,32.12,660
2021-11-22,32.145,32.145,32.13,32.13,362
2021-11-22,32.135,32.135,32.135,32.135,449
2021-11-22,32.125,32.145,32.125,32.145,1098
2021-11-22,32.15,32.15,32.125,32.135,879
2021-11-22,32.15,32.15,32.135,32.135,991
2021-11-22,32.16,32.17,32.15,32.17,571
2021-11-22,32.145,32.145,32.09,32.09,1030
2021-11-22,32.09,32.09,32.07,32.07,410
2021-11-22,32.06,32.06,32.035,32.05,830
2021-11-22,32.06,32.06,32.05,32.05,353
2021-11-22,32.1,32.1,32.1,32.1,120
2021-11-22,32.12,32.13,32.09,32.09,775
2021-11-22,32.065,32.065,32.06,32.06,630
2021-11-22,32.055,32.075,32.055,32.07,693
2021-11-22,32.085,32.095,32.085,32.095,790
2021-11-22,32.095,32.12,32.095,32.115,4438
2021-11-22,32.125,32.135,32.125,32.135,776
2021-11-22,32.135,32.15,32.135,32.15,1152
2021-11-22,32.18,32.185,32.18,32.185,1641
2021-11-22,32.18,32.18,32.16,32.16,2248
2021-11-22,32.17,32.17,32.17,32.17,470
2021-11-22,32.165,32.165,32.135,32.135,1160
2021-11-22,32.13,32.13,32.13,32.13,250
2021-11-22,32.16,32.19,32.16,32.18,581
2021-11-22,32.175,32.18,32.175,32.18,500
2021-11-22,32.2,32.2,32.19,32.19,600
2021-11-22,32.2,32.25,32.2,32.25,1524
2021-11-22,32.26,32.26,32.26,32.26,401
2021-11-22,32.265,32.28,32.265,32.27,680
2021-11-22,32.275,32.28,32.27,32.28,790
2021-11-22,32.295,32.295,32.285,32.285,1041
2021-11-22,32.245,32.25,32.24,32.245,1920
2021-11-22,32.255,32.255,32.255,32.255,330
2021-11-22,32.255,32.28,32.255,32.28,1210
2021-11-22,32.265,32.265,32.26,32.265,1313
2021-11-22,32.27,32.27,32.255,32.255,1476
2021-11-22,32.245,32.25,32.245,32.245,420
2021-11-22,32.26,32.265,32.24,32.24,1676
2021-11-22,32.275,32.29,32.275,32.29,411
2021-11-22,32.29,32.31,32.29,32.31,801
2021-11-22,32.31,32.31,32.245,32.27,1306
2021-11-22,32.27,32.27,32.245,32.245,541
2021-11-22,32.245,32.265,32.245,32.265,340
2021-11-22,32.285,32.285,32.245,32.245,645
2021-11-22,32.245,32.245,32.245,32.245,100
2021-11-22,32.235,32.235,32.21,32.21,1505
2021-11-22,32.22,32.22,32.215,32.215,589
2021-11-22,32.245,32.245,32.245,32.245,401
2021-11-22,32.26,32.29,32.26,32.29,431
2021-11-22,32.29,32.295,32.29,32.295,383
2021-11-22,32.28,32.295,32.28,32.28,830
2021-11-22,32.27,32.27,32.27,32.27,404
2021-11-22,32.28,32.285,32.28,32.285,530
2021-11-22,32.29,32.29,32.29,32.29,118
2021-11-22,32.29,32.295,32.29,32.295,414
2021-11-22,32.34,32.34,32.34,32.34,100
2021-11-22,32.34,32.34,32.34,32.34,415
2021-11-22,32.345,32.35,32.345,32.35,474
2021-11-22,32.355,32.36,32.355,32.355,710
2021-11-22,32.375,32.375,32.375,32.375,735
2021-11-22,32.37,32.37,32.33,32.33,719
2021-11-22,32.335,32.345,32.335,32.335,1295
2021-11-22,32.325,32.34,32.325,32.34,1028
2021-11-22,32.33,32.335,32.33,32.335,661
2021-11-22,32.33,32.33,32.33,32.33,240
2021-11-22,32.35,32.35,32.345,32.345,420
2021-11-22,32.33,32.37,32.33,32.37,918
2021-11-22,32.36,32.36,32.36,32.36,220
2021-11-22,32.36,32.36,32.36,32.36,210
2021-11-22,32.355,32.355,32.33,32.33,283
2021-11-22,32.34,32.34,32.32,32.32,594
2021-11-22,32.315,32.315,32.265,32.265,1064
2021-11-22,32.29,32.29,32.29,32.29,379
2021-11-22,32.285,32.305,32.285,32.305,444
2021-11-22,32.31,32.31,32.3,32.3,1320
2021-11-22,32.31,32.335,32.305,32.335,760
2021-11-22,32.355,32.355,32.355,32.355,210
2021-11-22,32.36,32.36,32.355,32.355,240
2021-11-22,32.355,32.4,32.355,32.4,504
2021-11-22,32.41,32.41,32.395,32.41,1290
2021-11-22,32.41,32.41,32.41,32.41,200
2021-11-22,32.405,32.405,32.38,32.395,1635
2021-11-22,32.4,32.4,32.39,32.39,540
2021-11-22,32.4,32.4,32.4,32.4,200
2021-11-22,32.405,32.41,32.4,32.41,900
2021-11-22,32.43,32.43,32.43,32.43,244
2021-11-22,32.44,32.44,32.425,32.435,901
2021-11-22,32.405,32.405,32.34,32.4,1358
2021-11-22,32.415,32.43,32.415,32.425,1461
2021-11-22,32.425,32.48,32.425,32.47,2391
2021-11-22,32.44,32.48,32.44,32.45,2030
2021-11-22,32.46,32.505,32.46,32.5,1533
2021-11-22,32.46,32.465,32.46,32.465,510
2021-11-22,32.485,32.485,32.48,32.485,470
2021-11-22,32.5,32.5,32.495,32.495,227
2021-11-22,32.49,32.49,32.485,32.49,1338
2021-11-22,32.505,32.505,32.505,32.505,216
2021-11-22,32.54,32.54,32.52,32.52,620
2021-11-22,32.53,32.535,32.52,32.535,392
2021-11-22,32.545,32.545,32.54,32.54,430
2021-11-22,32.52,32.52,32.45,32.48,1730
2021-11-22,32.47,32.47,32.47,32.47,339
2021-11-22,32.495,32.495,32.495,32.495,100
2021-11-22,32.5,32.5,32.5,32.5,182
2021-11-22,32.5,32.5,32.5,32.5,214
2021-11-22,32.445,32.445,32.445,32.445,128
2021-11-22,32.405,32.41,32.4,32.41,1100
2021-11-22,32.4,32.4,32.4,32.4,200
2021-11-22,32.385,32.385,32.385,32.385,164
2021-11-22,32.36,32.36,32.36,32.36,157
2021-11-22,32.365,32.365,32.36,32.36,217
2021-11-22,32.36,32.36,32.36,32.36,101
2021-11-22,32.36,32.36,32.355,32.355,550
2021-11-22,32.34,32.34,32.34,32.34,100
2021-11-22,32.34,32.34,32.34,32.34,234
2021-11-22,32.335,32.335,32.335,32.335,350
2021-11-22,32.345,32.345,32.34,32.34,785
2021-11-22,32.33,32.33,32.315,32.325,1440
2021-11-22,32.33,32.33,32.33,32.33,102
2021-11-22,32.33,32.33,32.325,32.325,832
2021-11-22,32.325,32.33,32.325,32.33,1160
2021-11-22,32.325,32.325,32.325,32.325,304
2021-11-22,32.32,32.32,32.32,32.32,101
2021-11-22,32.305,32.305,32.305,32.305,550
2021-11-22,32.28,32.29,32.275,32.28,2011
2021-11-22,32.27,32.27,32.26,32.27,1570
2021-11-22,32.27,32.285,32.265,32.285,1513
2021-11-22,32.28,32.28,32.275,32.275,784
2021-11-22,32.275,32.28,32.275,32.275,1200
2021-11-22,32.27,32.27,32.25,32.26,1303
2021-11-22,32.255,32.265,32.255,32.26,1158
2021-11-22,32.265,32.265,32.265,32.265,537
2021-11-22,32.265,32.265,32.265,32.265,324
2021-11-22,32.26,32.27,32.26,32.27,892
2021-11-22,32.27,32.27,32.265,32.265,657
2021-11-22,32.265,32.265,32.255,32.255,552
2021-11-22,32.3,32.32,32.3,32.315,817
2021-11-22,32.32,32.32,32.315,32.315,610
2021-11-22,32.315,32.36,32.315,32.36,1225
2021-11-22,32.375,32.375,32.37,32.37,1301
2021-11-22,32.36,32.36,32.345,32.345,600
2021-11-22,32.35,32.355,32.34,32.34,700
2021-11-22,32.34,32.34,32.315,32.325,560
2021-11-22,32.335,32.34,32.335,32.335,700
2021-11-22,32.335,32.355,32.335,32.355,1300
2021-11-22,32.355,32.365,32.355,32.365,900
2021-11-22,32.37,32.4,32.37,32.4,1000
2021-11-22,32.395,32.405,32.395,32.405,900
2021-11-22,32.405,32.43,32.4,32.425,1410
2021-11-22,32.45,32.45,32.45,32.45,114
2021-11-22,32.44,32.44,32.43,32.43,1363
2021-11-22,32.375,32.375,32.365,32.365,601
2021-11-22,32.375,32.375,32.35,32.36,300
2021-11-22,32.35,32.35,32.33,32.33,400
2021-11-22,32.33,32.33,32.33,32.33,600
2021-11-22,32.34,32.34,32.34,32.34,110
2021-11-22,32.325,32.35,32.325,32.35,3009
2021-11-22,32.395,32.395,32.39,32.39,314
2021-11-22,32.39,32.39,32.39,32.39,1047
2021-11-22,32.39,32.39,32.39,32.39,200
2021-11-22,32.385,32.39,32.385,32.39,401
2021-11-22,32.385,32.395,32.385,32.395,1219
2021-11-22,32.4,32.41,32.4,32.41,551
2021-11-22,32.415,32.42,32.395,32.42,1100
2021-11-22,32.42,32.42,32.415,32.42,600
2021-11-22,32.415,32.42,32.415,32.42,407
2021-11-22,32.425,32.425,32.415,32.415,1419
2021-11-22,32.39,32.39,32.39,32.39,210
2021-11-22,32.395,32.395,32.355,32.355,1300
2021-11-22,32.37,32.37,32.36,32.37,712
2021-11-22,32.36,32.39,32.36,32.39,1140
2021-11-22,32.39,32.39,32.38,32.39,1078
2021-11-22,32.39,32.41,32.39,32.41,1300
2021-11-22,32.41,32.41,32.39,32.4,2577
2021-11-22,32.39,32.4,32.39,32.4,544
2021-11-22,32.4,32.4,32.4,32.4,200
2021-11-22,32.405,32.42,32.405,32.415,1082
2021-11-22,32.42,32.42,32.42,32.42,113
2021-11-22,32.42,32.42,32.41,32.41,877
2021-11-22,32.415,32.415,32.415,32.415,608
2021-11-22,32.41,32.41,32.37,32.37,2016
2021-11-22,32.38,32.38,32.37,32.375,1060
2021-11-22,32.375,32.375,32.34,32.34,1179
2021-11-22,32.345,32.345,32.33,32.335,1919
2021-11-22,32.325,32.33,32.3,32.3,5411
2021-11-22,32.3,32.3,32.29,32.29,956
2021-11-22,32.25,32.255,32.24,32.255,1040
2021-11-22,32.25,32.25,32.245,32.245,947
2021-11-22,32.255,32.28,32.255,32.265,1695
2021-11-22,32.27,32.275,32.27,32.275,1122
2021-11-22,32.27,32.27,32.23,32.23,1140
2021-11-22,32.235,32.24,32.235,32.24,658
2021-11-22,32.23,32.24,32.225,32.24,1635
2021-11-22,32.24,32.26,32.23,32.23,2345
2021-11-22,32.23,32.245,32.23,32.235,1716
2021-11-22,32.23,32.23,32.185,32.19,1471
2021-11-22,32.19,32.19,32.185,32.185,1607
2021-11-22,32.18,32.19,32.175,32.18,1626
2021-11-22,32.18,32.18,32.155,32.155,1311
2021-11-22,32.135,32.15,32.125,32.15,2913
2021-11-22,32.14,32.16,32.14,32.155,1005
2021-11-22,32.155,32.17,32.155,32.16,1004
2021-11-22,32.16,32.17,32.135,32.135,3050
2021-11-22,32.115,32.115,32.115,32.115,115
2021-11-22,32.11,32.11,32.07,32.075,3998
2021-11-22,32.075,32.11,32.065,32.09,4736
2021-11-22,32.085,32.085,32.07,32.08,5600
2021-11-22,32.075,32.09,32.075,32.08,5086
2021-11-22,32.08,32.08,32.06,32.075,4229
2021-11-22,32.08,32.08,32.055,32.055,6843
2021-11-22,32.06,32.06,32.01,32.02,11734
2021-11-22,32.005,32.04,32,32.035,8691
2021-11-22,32.04,32.04,32.02,32.025,7296
2021-11-22,32.005,32.02,31.92,31.93,9380
2021-11-23,32.04,32.15,31.96,32.15,2591
2021-11-23,32.08,32.25,32.08,32.21,1895
2021-11-23,32.2,32.3,32.17,32.29,3174
2021-11-23,32.34,32.35,32.3,32.3,880
2021-11-23,32.28,32.35,32.24,32.35,1445
2021-11-23,32.32,32.42,32.32,32.37,2120
2021-11-23,32.36,32.36,32.28,32.28,2017
2021-11-23,32.3,32.3,32.21,32.26,1825
2021-11-23,32.29,32.33,32.28,32.29,1400
2021-11-23,32.28,32.28,32.24,32.245,1100
2021-11-23,32.23,32.37,32.23,32.37,4000
2021-11-23,32.34,32.38,32.33,32.38,1338
2021-11-23,32.24,32.24,32.18,32.18,1727
2021-11-23,32.08,32.1,32.07,32.07,800
2021-11-23,32.12,32.12,32.12,32.12,818
2021-11-23,32.17,32.235,32.17,32.235,1020
2021-11-23,32.29,32.3,32.27,32.27,778
2021-11-23,32.285,32.35,32.285,32.345,1312
2021-11-23,32.32,32.32,32.29,32.31,1807
2021-11-23,32.32,32.32,32.26,32.26,758
2021-11-23,32.26,32.27,32.26,32.26,530
2021-11-23,32.27,32.27,32.27,32.27,615
2021-11-23,32.26,32.29,32.26,32.285,1252
2021-11-23,32.265,32.27,32.265,32.27,726
2021-11-23,32.31,32.36,32.305,32.36,1700
2021-11-23,32.4,32.415,32.39,32.405,1709
2021-11-23,32.41,32.425,32.4,32.425,1830
2021-11-23,32.415,32.435,32.415,32.435,1623
2021-11-23,32.44,32.44,32.405,32.41,842
2021-11-23,32.415,32.445,32.415,32.415,2598
2021-11-23,32.38,32.38,32.355,32.355,966
2021-11-23,32.33,32.375,32.33,32.375,2427
2021-11-23,32.385,32.385,32.33,32.335,6726
2021-11-23,32.345,32.38,32.345,32.38,1267
2021-11-23,32.39,32.405,32.39,32.405,500
2021-11-23,32.405,32.415,32.4,32.405,1226
2021-11-23,32.395,32.395,32.39,32.39,1103
2021-11-23,32.33,32.335,32.325,32.335,2129
2021-11-23,32.33,32.33,32.225,32.225,2500
2021-11-23,32.24,32.24,32.23,32.24,996
2021-11-23,32.3,32.38,32.3,32.38,420
2021-11-23,32.41,32.41,32.4,32.405,1338
2021-11-23,32.41,32.43,32.405,32.43,1622
2021-11-23,32.425,32.425,32.41,32.41,1830
2021-11-23,32.405,32.45,32.405,32.45,542
2021-11-23,32.465,32.47,32.44,32.46,2275
2021-11-23,32.48,32.495,32.475,32.485,2199
2021-11-23,32.475,32.475,32.465,32.47,500
2021-11-23,32.49,32.53,32.49,32.505,1234
2021-11-23,32.5,32.505,32.49,32.505,1233
2021-11-23,32.5,32.5,32.48,32.48,2180
2021-11-23,32.445,32.445,32.43,32.43,1643
2021-11-23,32.41,32.425,32.41,32.415,887
2021-11-23,32.42,32.445,32.42,32.435,1222
2021-11-23,32.43,32.43,32.415,32.425,1938
2021-11-23,32.42,32.43,32.42,32.43,204
2021-11-23,32.425,32.43,32.365,32.365,2507
2021-11-23,32.34,32.42,32.34,32.42,1013
2021-11-23,32.42,32.42,32.41,32.41,730
2021-11-23,32.41,32.41,32.405,32.405,361
2021-11-23,32.405,32.415,32.365,32.4,3453
2021-11-23,32.405,32.435,32.405,32.435,861
2021-11-23,32.45,32.455,32.44,32.455,1749
2021-11-23,32.42,32.425,32.42,32.425,310
2021-11-23,32.37,32.38,32.37,32.38,471
2021-11-23,32.36,32.365,32.35,32.36,643
2021-11-23,32.365,32.365,32.36,32.36,476
2021-11-23,32.36,32.365,32.36,32.36,1721
2021-11-23,32.36,32.375,32.36,32.36,1869
2021-11-23,32.37,32.375,32.37,32.37,669
2021-11-23,32.345,32.37,32.345,32.345,1071
2021-11-23,32.3,32.3,32.285,32.285,444
2021-11-23,32.265,32.265,32.265,32.265,422
2021-11-23,32.23,32.23,32.165,32.165,473
2021-11-23,32.165,32.21,32.135,32.21,520
2021-11-23,32.18,32.2,32.18,32.195,1432
2021-11-23,32.185,32.185,32.185,32.185,352
2021-11-23,32.285,32.29,32.285,32.29,1500
2021-11-23,32.325,32.33,32.32,32.32,912
2021-11-23,32.335,32.335,32.325,32.325,613
2021-11-23,32.325,32.325,32.28,32.28,1127
2021-11-23,32.285,32.32,32.28,32.32,1319
2021-11-23,32.32,32.32,32.32,32.32,105
2021-11-23,32.31,32.31,32.3,32.305,525
2021-11-23,32.3,32.305,32.26,32.28,895
2021-11-23,32.27,32.27,32.265,32.27,1308
2021-11-23,32.28,32.28,32.26,32.26,1548
2021-11-23,32.265,32.265,32.18,32.18,1417
2021-11-23,32.215,32.215,32.17,32.175,564
2021-11-23,32.12,32.13,32.11,32.125,875
2021-11-23,32.03,32.05,32.03,32.05,554
2021-11-23,32.045,32.105,32.045,32.105,692
2021-11-23,32.12,32.155,32.12,32.155,1168
2021-11-23,32.155,32.19,32.155,32.185,1765
2021-11-23,32.165,32.185,32.165,32.17,1104
2021-11-23,32.155,32.19,32.155,32.19,1970
2021-11-23,32.195,32.23,32.195,32.23,682
2021-11-23,32.255,32.275,32.255,32.26,816
2021-11-23,32.275,32.29,32.26,32.285,2223
2021-11-23,32.285,32.285,32.285,32.285,205
2021-11-23,32.275,32.275,32.275,32.275,481
2021-11-23,32.28,32.29,32.265,32.285,1460
2021-11-23,32.285,32.315,32.285,32.315,320
2021-11-23,32.34,32.36,32.34,32.345,823
2021-11-23,32.23,32.23,32.23,32.23,2319
2021-11-23,32.155,32.175,32.15,32.155,1103
2021-11-23,32.14,32.14,32.135,32.135,220
2021-11-23,32.11,32.13,32.11,32.13,200
2021-11-23,32.12,32.135,32.12,32.135,321
2021-11-23,32.135,32.135,32.135,32.135,233
2021-11-23,32.11,32.11,32.11,32.11,200
2021-11-23,32.12,32.13,32.12,32.12,1124
2021-11-23,32.185,32.23,32.185,32.23,451
2021-11-23,32.245,32.245,32.245,32.245,146
2021-11-23,32.24,32.245,32.235,32.235,400
2021-11-23,32.235,32.235,32.23,32.23,316
2021-11-23,32.215,32.215,32.215,32.215,120
2021-11-23,32.165,32.185,32.165,32.185,573
2021-11-23,32.2,32.2,32.14,32.14,310
2021-11-23,32.12,32.125,32.12,32.125,376
2021-11-23,32.13,32.15,32.125,32.15,544
2021-11-23,32.145,32.145,32.145,32.145,747
2021-11-23,32.105,32.105,32.105,32.105,115
2021-11-23,32.13,32.135,32.13,32.135,300
2021-11-23,32.13,32.13,32.125,32.125,320
2021-11-23,32.085,32.085,32.07,32.07,329
2021-11-23,32.06,32.06,32.06,32.06,529
2021-11-23,32.12,32.12,32.105,32.105,350
2021-11-23,32.105,32.105,32.105,32.105,459
2021-11-23,32.135,32.135,32.135,32.135,368
2021-11-23,32.1,32.1,32.1,32.1,139
2021-11-23,32.13,32.13,32.13,32.13,220
2021-11-23,32.115,32.16,32.115,32.16,639
2021-11-23,32.125,32.135,32.125,32.13,1920
2021-11-23,32.11,32.11,32.105,32.105,233
2021-11-23,32.05,32.05,32.05,32.05,300
2021-11-23,32.06,32.06,32.06,32.06,213
2021-11-23,32.06,32.06,32.06,32.06,165
2021-11-23,32.06,32.07,32.05,32.055,445
2021-11-23,32.055,32.055,32.055,32.055,201
2021-11-23,32.04,32.04,32.04,32.04,277
2021-11-23,32.065,32.065,32.065,32.065,260
2021-11-23,32.06,32.06,32.05,32.05,552
2021-11-23,32.03,32.05,32.03,32.05,371
2021-11-23,32.045,32.045,32.045,32.045,367
2021-11-23,32.03,32.03,31.955,31.965,1195
2021-11-23,31.95,31.95,31.95,31.95,399
2021-11-23,31.95,31.95,31.935,31.935,236
2021-11-23,31.925,31.925,31.895,31.92,1302
2021-11-23,31.89,31.89,31.85,31.85,300
2021-11-23,31.86,31.875,31.86,31.875,210
2021-11-23,31.87,31.88,31.87,31.88,310
2021-11-23,31.885,31.885,31.885,31.885,200
2021-11-23,31.9,31.9,31.885,31.885,520
2021-11-23,31.87,31.89,31.87,31.89,630
2021-11-23,31.895,31.93,31.895,31.93,526
2021-11-23,31.875,31.875,31.875,31.875,110
2021-11-23,31.91,31.91,31.91,31.91,625
2021-11-23,31.945,31.955,31.945,31.955,1010
2021-11-23,31.955,31.955,31.935,31.935,271
2021-11-23,31.95,31.96,31.95,31.96,1375
2021-11-23,31.92,31.92,31.92,31.92,512
2021-11-23,31.95,31.95,31.93,31.945,678
2021-11-23,31.945,31.95,31.93,31.95,585
2021-11-23,31.96,31.96,31.96,31.96,246
2021-11-23,31.97,31.97,31.97,31.97,338
2021-11-23,31.97,32.045,31.97,32.015,1420
2021-11-23,32.005,32.04,32.005,32.04,465
2021-11-23,32.04,32.04,32.01,32.01,1131
2021-11-23,32.02,32.05,32.02,32.05,2080
2021-11-23,32.06,32.07,32.06,32.07,332
2021-11-23,32.075,32.13,32.075,32.12,1454
2021-11-23,32.14,32.155,32.14,32.155,1899
2021-11-23,32.13,32.13,32.13,32.13,660
2021-11-23,32.12,32.12,32.09,32.09,1097
2021-11-23,32.1,32.1,32.08,32.08,1356
2021-11-23,32.025,32.03,32.025,32.03,289
2021-11-23,32.035,32.04,32.015,32.03,1226
2021-11-23,32.03,32.03,32.025,32.025,223
2021-11-23,32.025,32.03,32.02,32.025,1600
2021-11-23,32.02,32.02,31.99,32.005,1323
2021-11-23,32.01,32.045,32.01,32.04,2645
2021-11-23,32.05,32.09,32.045,32.045,2646
2021-11-23,32.05,32.05,32.05,32.05,2259
2021-11-23,32.055,32.075,32.055,32.07,2079
2021-11-23,32.07,32.07,32.07,32.07,400
2021-11-23,32.07,32.07,32.055,32.055,1909
2021-11-23,32.035,32.05,32.035,32.05,761
2021-11-23,32.05,32.05,32.02,32.02,1006
2021-11-23,31.995,32,31.9,31.905,1278
2021-11-23,31.88,31.905,31.88,31.905,909
2021-11-23,31.91,31.91,31.91,31.91,200
2021-11-23,31.94,31.94,31.93,31.93,620
2021-11-23,31.915,31.95,31.91,31.95,693
2021-11-23,31.935,31.94,31.93,31.94,648
2021-11-23,31.955,31.955,31.955,31.955,129
2021-11-23,31.96,31.96,31.955,31.955,310
2021-11-23,31.965,31.97,31.955,31.97,723
2021-11-23,31.93,31.93,31.93,31.93,210
2021-11-23,31.91,31.91,31.865,31.865,428
2021-11-23,31.87,31.91,31.87,31.91,510
2021-11-23,31.905,31.91,31.905,31.91,420
2021-11-23,31.9,31.905,31.9,31.905,210
2021-11-23,31.89,31.895,31.89,31.895,357
2021-11-23,31.95,31.95,31.95,31.95,410
2021-11-23,31.93,31.93,31.93,31.93,130
2021-11-23,31.935,31.935,31.9,31.9,325
2021-11-23,31.89,31.89,31.89,31.89,279
2021-11-23,31.88,31.88,31.85,31.85,300
2021-11-23,31.875,31.885,31.875,31.885,743
2021-11-23,31.93,31.94,31.93,31.94,327
2021-11-23,31.965,31.97,31.965,31.97,470
2021-11-23,31.95,31.95,31.95,31.95,228
2021-11-23,32.015,32.015,32.015,32.015,145
2021-11-23,31.98,31.98,31.98,31.98,378
2021-11-23,31.98,31.98,31.98,31.98,876
2021-11-23,31.995,31.995,31.975,31.975,886
2021-11-23,32.01,32.01,32.01,32.01,310
2021-11-23,32.02,32.02,32.015,32.015,534
2021-11-23,32.025,32.025,32.025,32.025,549
2021-11-23,32.03,32.03,32.03,32.03,129
2021-11-23,32.05,32.065,32.045,32.065,452
2021-11-23,32.1,32.115,32.1,32.115,348
2021-11-23,32.105,32.115,32.095,32.1,1129
2021-11-23,32.105,32.105,32.105,32.105,341
2021-11-23,32.09,32.095,32.075,32.075,1062
2021-11-23,32.08,32.08,32.08,32.08,111
2021-11-23,32.09,32.09,32.09,32.09,301
2021-11-23,32.115,32.115,32.075,32.075,554
2021-11-23,32.065,32.065,32.065,32.065,130
2021-11-23,32.15,32.17,32.15,32.17,720
2021-11-23,32.17,32.17,32.17,32.17,122
2021-11-23,32.165,32.165,32.15,32.155,436
2021-11-23,32.17,32.18,32.17,32.175,347
2021-11-23,32.185,32.19,32.185,32.19,491
2021-11-23,32.185,32.19,32.185,32.19,423
2021-11-23,32.205,32.225,32.205,32.225,751
2021-11-23,32.23,32.23,32.165,32.165,1939
2021-11-23,32.155,32.155,32.155,32.155,3319
2021-11-23,32.135,32.135,32.135,32.135,130
2021-11-23,32.115,32.115,32.08,32.08,2058
2021-11-23,32.085,32.09,32.085,32.09,218
2021-11-23,32.085,32.085,32.08,32.08,204
2021-11-23,32.095,32.095,32.095,32.095,139
2021-11-23,32.16,32.19,32.16,32.19,700
2021-11-23,32.22,32.22,32.21,32.215,361
2021-11-23,32.215,32.225,32.215,32.225,529
2021-11-23,32.21,32.21,32.21,32.21,137
2021-11-23,32.215,32.215,32.215,32.215,292
2021-11-23,32.23,32.23,32.23,32.23,253
2021-11-23,32.215,32.22,32.215,32.22,810
2021-11-23,32.165,32.165,32.115,32.115,771
2021-11-23,32.15,32.15,32.15,32.15,141
2021-11-23,32.14,32.14,32.14,32.14,100
2021-11-23,32.13,32.13,32.13,32.13,100
2021-11-23,32.135,32.135,32.135,32.135,171
2021-11-23,32.135,32.14,32.135,32.14,800
2021-11-23,32.195,32.195,32.195,32.195,110
2021-11-23,32.22,32.23,32.22,32.225,1040
2021-11-23,32.205,32.215,32.205,32.215,230
2021-11-23,32.2,32.2,32.2,32.2,100
2021-11-23,32.19,32.26,32.19,32.26,1169
2021-11-23,32.265,32.32,32.265,32.32,623
2021-11-23,32.305,32.33,32.305,32.33,1458
2021-11-23,32.295,32.295,32.225,32.225,2260
2021-11-23,32.23,32.255,32.23,32.23,2574
2021-11-23,32.23,32.245,32.23,32.24,800
2021-11-23,32.235,32.235,32.2,32.21,1925
2021-11-23,32.235,32.295,32.235,32.295,1494
2021-11-23,32.29,32.29,32.245,32.245,1750
2021-11-23,32.245,32.245,32.235,32.235,393
2021-11-23,32.22,32.23,32.22,32.23,300
2021-11-23,32.2,32.2,32.15,32.15,1166
2021-11-23,32.18,32.18,32.175,32.175,622
2021-11-23,32.18,32.18,32.175,32.175,216
2021-11-23,32.135,32.145,32.135,32.145,478
2021-11-23,32.145,32.155,32.145,32.155,210
2021-11-23,32.16,32.18,32.155,32.18,512
2021-11-23,32.175,32.175,32.165,32.17,440
2021-11-23,32.165,32.18,32.165,32.18,1025
2021-11-23,32.185,32.185,32.185,32.185,429
2021-11-23,32.205,32.205,32.145,32.145,2303
2021-11-23,32.145,32.15,32.12,32.13,1237
2021-11-23,32.14,32.14,32.135,32.135,320
2021-11-23,32.12,32.12,32.12,32.12,164
2021-11-23,32.11,32.145,32.11,32.145,1748
2021-11-23,32.14,32.14,32.14,32.14,365
2021-11-23,32.13,32.13,32.13,32.13,282
2021-11-23,32.075,32.075,32.05,32.065,677
2021-11-23,32.08,32.09,32.08,32.09,225
2021-11-23,32.11,32.11,32.11,32.11,210
2021-11-23,32.105,32.105,32.105,32.105,319
2021-11-23,32.1,32.1,32.08,32.08,362
2021-11-23,32.05,32.05,32.05,32.05,303
2021-11-23,32.06,32.06,32.06,32.06,510
2021-11-23,32.095,32.12,32.095,32.12,690
2021-11-23,32.125,32.155,32.125,32.15,1014
2021-11-23,32.15,32.15,32.14,32.15,560
2021-11-23,32.16,32.2,32.16,32.2,792
2021-11-23,32.205,32.205,32.17,32.17,1160
2021-11-23,32.175,32.175,32.145,32.145,710
2021-11-23,32.16,32.18,32.16,32.18,415
2021-11-23,32.195,32.23,32.19,32.23,1721
2021-11-23,32.23,32.26,32.23,32.26,1067
2021-11-23,32.25,32.255,32.25,32.255,684
2021-11-23,32.25,32.27,32.22,32.22,1686
2021-11-23,32.21,32.21,32.145,32.15,2000
2021-11-23,32.16,32.185,32.16,32.185,745
2021-11-23,32.19,32.2,32.18,32.2,1002
2021-11-23,32.185,32.185,32.17,32.175,1910
2021-11-23,32.175,32.18,32.175,32.18,647
2021-11-23,32.18,32.18,32.17,32.175,924
2021-11-23,32.155,32.155,32.145,32.145,1098
2021-11-23,32.145,32.145,32.12,32.135,1736
2021-11-23,32.15,32.15,32.145,32.145,768
2021-11-23,32.15,32.17,32.15,32.17,704
2021-11-23,32.165,32.19,32.165,32.19,1779
2021-11-23,32.16,32.16,32.12,32.13,875
2021-11-23,32.135,32.14,32.125,32.125,1655
2021-11-23,32.115,32.115,32.08,32.08,2073
2021-11-23,32.07,32.115,32.07,32.095,5956
2021-11-23,32.095,32.135,32.095,32.135,2588
2021-11-23,32.165,32.2,32.165,32.185,1031
2021-11-23,32.19,32.19,32.165,32.165,964
2021-11-23,32.17,32.17,32.165,32.17,300
2021-11-23,32.18,32.195,32.13,32.13,895
2021-11-23,32.15,32.175,32.145,32.17,1233
2021-11-23,32.175,32.22,32.17,32.205,3105
2021-11-23,32.195,32.22,32.185,32.215,3284
2021-11-23,32.19,32.19,32.165,32.165,1225
2021-11-23,32.145,32.2,32.145,32.19,1475
2021-11-23,32.19,32.19,32.16,32.16,950
2021-11-23,32.165,32.185,32.165,32.18,867
2021-11-23,32.19,32.19,32.175,32.175,668
2021-11-23,32.15,32.195,32.15,32.195,1780
2021-11-23,32.185,32.19,32.165,32.185,1208
2021-11-23,32.17,32.175,32.15,32.155,1460
2021-11-23,32.15,32.2,32.15,32.2,2662
2021-11-23,32.19,32.215,32.16,32.215,3742
2021-11-23,32.225,32.26,32.225,32.24,5836
2021-11-23,32.24,32.275,32.24,32.26,4544
2021-11-23,32.255,32.255,32.225,32.225,2646
2021-11-23,32.225,32.225,32.21,32.215,1795
2021-11-23,32.21,32.235,32.21,32.235,2710
2021-11-23,32.23,32.23,32.15,32.175,4083
2021-11-23,32.18,32.185,32.175,32.18,6179
2021-11-23,32.185,32.195,32.17,32.175,4455
2021-11-23,32.17,32.175,32.17,32.17,5862
2021-11-23,32.17,32.18,32.14,32.17,13956
2021-11-23,32.175,32.235,32.175,32.205,46014
2021-11-23,36.39,36.74,36.19,36.74,745
2021-11-23,37.09,37.09,35.96,36.2,1519
2021-11-23,36.28,36.28,35.84,35.84,302
2021-11-23,36.07,36.14,35.95,36,696
2021-11-23,36.47,36.5,36.24,36.25,1112
2021-11-23,35.84,35.84,35.76,35.79,751
2021-11-23,35.99,35.99,35.88,35.96,450
2021-11-23,35.94,36,35.9,35.93,508
2021-11-23,35.87,35.88,35.29,35.29,422
2021-11-23,35.45,35.5,35.45,35.5,222
2021-11-23,35.38,35.38,35.38,35.38,280
2021-11-23,35.23,35.23,34.57,34.64,2737
2021-11-23,34.72,34.75,34.49,34.49,5300
2021-11-23,34.44,34.44,34.44,34.44,5022
2021-11-23,34.19,34.2,33.825,33.85,1685
2021-11-23,33.92,33.92,33.92,33.92,150
2021-11-23,33.99,33.99,33.99,33.99,100
2021-11-23,34,34,34,34,110
2021-11-23,33.81,33.86,33.81,33.84,550
2021-11-23,34,34,34,34,100
2021-11-23,33.96,33.96,33.96,33.96,100
2021-11-23,34.36,34.36,34.36,34.36,100
2021-11-23,34.37,34.37,34.37,34.37,130
2021-11-23,34.52,34.52,34.52,34.52,100
2021-11-23,34.55,34.55,34.55,34.55,100
2021-11-23,34.62,34.62,34.62,34.62,100
2021-11-24,33.7,33.7,33.7,33.7,100
2021-11-24,33.7,33.7,33.7,33.7,1200
2021-11-24,33.7,33.7,33.7,33.7,950
2021-11-24,33.7,33.7,33.7,33.7,1701
2021-11-24,34,34,34,34,1287
2021-11-24,34,34.36,34,34.36,10456
2021-11-24,34.45,35.05,34.43,35.015,24199
2021-11-24,35.03,35.24,34.73,34.78,26238
2021-11-24,34.78,35.33,34.78,35.265,40826
2021-11-24,35.295,35.305,34.93,34.97,33116
2021-11-24,35,35.42,34.95,35.39,22596
2021-11-24,35.39,35.55,35.24,35.38,21118
2021-11-24,35.34,35.38,35.17,35.31,8730
2021-11-24,35.27,35.46,35.23,35.4,32030
2021-11-24,35.425,35.66,35.26,35.41,55071
2021-11-24,35.41,35.41,35.25,35.3,46269
2021-11-24,35.325,35.34,35.05,35.17,8385
2021-11-24,35.2,35.29,35.12,35.24,9701
2021-11-24,35.33,35.42,35.06,35.06,13871
2021-11-24,35.15,35.29,35.15,35.25,5095
2021-11-24,35.26,35.32,35.24,35.285,5553
2021-11-24,35.29,35.42,35.28,35.42,9560
2021-11-24,35.44,35.48,35.27,35.34,8865
2021-11-24,35.4,35.5,35.33,35.5,10590
2021-11-24,35.49,35.54,35.31,35.42,10653
2021-11-24,35.42,35.65,35.42,35.6,5534
2021-11-24,35.63,35.83,35.63,35.81,6031
2021-11-24,35.82,35.82,35.72,35.8,7312
2021-11-24,35.81,36.2,35.81,36.2,22179
2021-11-24,36.195,36.21,35.72,35.74,17498
2021-11-24,35.74,35.75,35.56,35.66,9026
2021-11-24,35.705,35.75,35.63,35.71,5144
2021-11-24,35.715,35.755,35.61,35.75,3690
2021-11-24,35.76,35.92,35.735,35.85,17974
2021-11-24,35.83,35.85,35.7,35.75,24350
2021-11-24,35.72,35.79,35.72,35.75,6232
2021-11-24,35.74,35.76,35.6,35.605,9727
2021-11-24,35.61,35.72,35.57,35.7,11554
2021-11-24,35.7,35.77,35.52,35.55,13322
2021-11-24,35.55,35.66,35.45,35.53,26647
2021-11-24,35.54,35.56,35.45,35.475,5881
2021-11-24,35.48,35.49,35.41,35.475,5026
2021-11-24,35.475,35.59,35.465,35.52,3418
2021-11-24,35.4,35.4,35.31,35.34,1220
2021-11-24,35.33,35.43,35.33,35.385,1679
2021-11-24,35.39,35.48,35.39,35.42,2276
2021-11-24,35.45,35.57,35.45,35.57,2357
2021-11-24,35.56,35.58,35.49,35.53,4040
2021-11-24,35.56,35.575,35.52,35.575,2411
2021-11-24,35.61,35.78,35.61,35.77,2401
2021-11-24,35.76,35.77,35.72,35.77,3080
2021-11-24,35.78,35.81,35.74,35.75,3203
2021-11-24,35.72,35.72,35.64,35.65,2708
2021-11-24,35.67,35.795,35.67,35.76,2060
2021-11-24,35.725,35.76,35.725,35.76,2072
2021-11-24,35.75,35.75,35.53,35.53,3878
2021-11-24,35.56,35.58,35.46,35.47,5010
2021-11-24,35.445,35.455,35.36,35.36,3562
2021-11-24,35.33,35.37,35.16,35.205,5195
2021-11-24,35.205,35.275,35.08,35.08,7252
2021-11-24,35.08,35.18,35.02,35.18,4745
2021-11-24,35.185,35.195,35.08,35.08,3021
2021-11-24,35.08,35.18,35.03,35.18,3950
2021-11-24,35.13,35.22,35.12,35.12,6290
2021-11-24,35.11,35.16,35.055,35.055,6570
2021-11-24,35.06,35.2,35.06,35.16,4972
2021-11-24,35.24,35.32,35.135,35.165,6102
2021-11-24,35.14,35.265,35.12,35.24,8337
2021-11-24,35.24,35.345,35.24,35.345,3602
2021-11-24,35.355,35.39,35.32,35.35,3681
2021-11-24,35.36,35.54,35.36,35.535,3848
2021-11-24,35.54,35.575,35.495,35.565,6828
2021-11-24,35.56,35.67,35.545,35.665,7031
2021-11-24,35.665,35.705,35.475,35.495,10532
2021-11-24,35.495,35.535,35.44,35.44,5081
2021-11-24,35.46,35.58,35.445,35.455,16239
2021-11-24,35.46,35.565,35.445,35.555,10700
2021-11-24,35.51,35.57,35.51,35.54,37150
2021-11-24,35.54,35.55,35.495,35.495,1415
2021-11-24,35.48,35.48,35.22,35.23,5629
2021-11-24,35.24,35.24,35.17,35.23,4180
2021-11-24,35.22,35.27,35.22,35.27,1322
2021-11-24,35.24,35.24,35.2,35.21,2284
2021-11-24,35.205,35.235,35.18,35.225,3516
2021-11-24,35.22,35.35,35.22,35.35,9865
2021-11-24,35.35,35.395,35.35,35.35,9124
2021-11-24,35.35,35.435,35.35,35.435,1942
2021-11-24,35.445,35.545,35.445,35.53,4927
2021-11-24,35.53,35.545,35.415,35.415,4322
2021-11-24,35.37,35.38,35.29,35.36,22702
2021-11-24,35.37,35.45,35.37,35.45,2050
2021-11-24,35.45,35.465,35.445,35.46,3158
2021-11-24,35.485,35.52,35.47,35.51,3552
2021-11-24,35.535,35.54,35.43,35.43,2228
2021-11-24,35.415,35.5,35.37,35.5,2422
2021-11-24,35.52,35.54,35.47,35.54,3700
2021-11-24,35.54,35.6,35.54,35.57,3894
2021-11-24,35.6,35.61,35.55,35.55,6360
2021-11-24,35.555,35.555,35.43,35.43,1624
2021-11-24,35.42,35.42,35.3,35.32,7898
2021-11-24,35.34,35.425,35.34,35.38,1715
2021-11-24,35.385,35.4,35.37,35.38,1084
2021-11-24,35.395,35.54,35.395,35.54,3357
2021-11-24,35.55,35.55,35.49,35.49,1738
2021-11-24,35.51,35.63,35.51,35.61,2661
2021-11-24,35.6,35.6,35.575,35.58,2516
2021-11-24,35.55,35.55,35.49,35.49,1111
2021-11-24,35.455,35.47,35.42,35.46,1454
2021-11-24,35.475,35.54,35.46,35.52,2778
2021-11-24,35.52,35.52,35.48,35.48,1403
2021-11-24,35.48,35.54,35.48,35.54,1400
2021-11-24,35.54,35.56,35.53,35.56,916
2021-11-24,35.58,35.61,35.58,35.61,1690
2021-11-24,35.65,35.68,35.62,35.68,1458
2021-11-24,35.69,35.69,35.66,35.665,1424
2021-11-24,35.66,35.66,35.54,35.55,1949
2021-11-24,35.53,35.57,35.5,35.56,2394
2021-11-24,35.56,35.575,35.55,35.57,2374
2021-11-24,35.535,35.535,35.48,35.48,631
2021-11-24,35.45,35.46,35.42,35.42,816
2021-11-24,35.38,35.39,35.38,35.38,2305
2021-11-24,35.385,35.41,35.375,35.41,1763
2021-11-24,35.365,35.43,35.365,35.42,1315
2021-11-24,35.425,35.465,35.425,35.455,738
2021-11-24,35.43,35.53,35.43,35.51,2422
2021-11-24,35.44,35.48,35.44,35.47,1114
2021-11-24,35.475,35.475,35.39,35.39,1718
2021-11-24,35.38,35.38,35.29,35.29,1180
2021-11-24,35.26,35.27,35.25,35.255,1744
2021-11-24,35.25,35.34,35.24,35.26,1716
2021-11-24,35.66,35.66,35.53,35.55,580.0
