Date,Open,High,Low,Close,Volume
2021-11-17,4.095,4.095,4.095,4.095,5400
2021-11-17,4.095,4.095,4.095,4.095,1000
2021-11-17,4.095,4.095,4.095,4.095,700
2021-11-17,4.105,4.105,4.105,4.105,200
2021-11-17,4.105,4.105,4.105,4.105,279
2021-11-17,4.105,4.105,4.105,4.105,200
2021-11-17,4.105,4.105,4.105,4.105,100
2021-11-17,4.095,4.095,4.095,4.095,200
2021-11-17,4.095,4.095,4.095,4.095,800
2021-11-17,4.095,4.095,4.095,4.095,1200
2021-11-17,4.095,4.095,4.095,4.095,1300
2021-11-17,4.095,4.095,4.095,4.095,1400
2021-11-17,4.095,4.095,4.09,4.095,1300
2021-11-17,4.09,4.095,4.09,4.095,10100
2021-11-17,4.095,4.095,4.095,4.095,600
2021-11-17,4.095,4.095,4.095,4.095,500
2021-11-17,4.095,4.095,4.095,4.095,700
2021-11-17,4.095,4.095,4.095,4.095,700
2021-11-17,4.095,4.095,4.095,4.095,800
2021-11-17,4.095,4.095,4.095,4.095,900
2021-11-17,4.095,4.095,4.095,4.095,1600
2021-11-17,4.095,4.095,4.095,4.095,600
2021-11-17,4.095,4.095,4.095,4.095,3300
2021-11-17,4.095,4.095,4.095,4.095,9250
2021-11-17,4.095,4.095,4.09,4.09,1400
2021-11-17,4.09,4.09,4.085,4.085,10850
2021-11-17,4.085,4.085,4.085,4.085,600
2021-11-17,4.085,4.085,4.085,4.085,400
2021-11-17,4.085,4.085,4.085,4.085,250
2021-11-17,4.085,4.085,4.085,4.085,1750
2021-11-17,4.09,4.095,4.085,4.095,4100
2021-11-17,4.095,4.095,4.095,4.095,600
2021-11-17,4.095,4.095,4.095,4.095,5000
2021-11-17,4.095,4.095,4.095,4.095,9200
2021-11-17,4.095,4.095,4.095,4.095,7800
2021-11-17,4.095,4.095,4.09,4.095,19000
2021-11-17,4.095,4.1,4.09,4.1,6253
2021-11-18,4.04,4.04,4.04,4.04,100
2021-11-18,4.035,4.035,4.035,4.035,650
2021-11-18,4.05,4.05,4.045,4.045,610
2021-11-18,4.055,4.055,4.055,4.055,210
2021-11-18,4.045,4.055,4.045,4.055,400
2021-11-18,4.05,4.05,4.05,4.05,500
2021-11-18,4.045,4.045,4.035,4.04,1400
2021-11-18,4.035,4.035,4.035,4.035,1675
2021-11-18,4.035,4.035,4.035,4.035,271
2021-11-18,4.035,4.035,4.035,4.035,989
2021-11-18,4.045,4.045,4.045,4.045,1120
2021-11-18,4.04,4.04,4.04,4.04,9200
2021-11-18,4.03,4.03,4.025,4.025,400
2021-11-18,4.03,4.03,4.025,4.03,1800
2021-11-18,4.03,4.035,4.03,4.035,900
2021-11-18,4.02,4.02,4.02,4.02,100
2021-11-18,4.02,4.02,4.02,4.02,500
2021-11-18,4.015,4.015,4.01,4.01,7652
2021-11-18,4.015,4.02,4.015,4.02,1070
2021-11-18,4.01,4.01,4.01,4.01,1400
2021-11-18,4.01,4.01,4.01,4.01,489
2021-11-18,4.005,4.005,4.005,4.005,200
2021-11-18,4.005,4.005,4.005,4.005,800
2021-11-18,3.985,3.995,3.985,3.995,200
2021-11-18,3.99,3.99,3.99,3.99,200
2021-11-18,3.99,3.99,3.99,3.99,2408
2021-11-18,3.985,3.985,3.985,3.985,410
2021-11-18,3.98,3.98,3.975,3.975,1000
2021-11-18,3.975,3.975,3.975,3.975,100
2021-11-18,3.97,3.97,3.97,3.97,300
2021-11-18,3.97,3.97,3.97,3.97,800
2021-11-18,3.98,3.98,3.98,3.98,100
2021-11-18,3.99,3.99,3.985,3.99,801
2021-11-18,3.99,3.99,3.99,3.99,200
2021-11-18,3.985,3.985,3.985,3.985,2088
2021-11-18,3.99,3.99,3.99,3.99,300
2021-11-18,4,4,4,4,569
2021-11-18,4,4.005,4,4.005,600
2021-11-18,3.995,4,3.995,4,700
2021-11-18,4.01,4.02,4.01,4.02,8700
2021-11-18,4.01,4.01,4.005,4.005,1300
2021-11-18,4.005,4.005,4.005,4.005,200
2021-11-18,4.005,4.005,4.005,4.005,200
2021-11-18,4.005,4.005,4.005,4.005,212
2021-11-18,4.005,4.005,4.005,4.005,100
2021-11-18,4,4,4,4,38200
2021-11-18,3.995,3.995,3.99,3.99,10176
2021-11-18,3.995,3.995,3.995,3.995,30050
2021-11-18,3.995,4,3.995,3.995,12248
2021-11-18,3.995,3.995,3.995,3.995,12020
2021-11-18,3.995,3.995,3.995,3.995,28023
2021-11-18,3.995,3.995,3.995,3.995,32903
2021-11-18,4,4,4,4,47300
2021-11-18,4,4,4,4,2325
2021-11-18,4.005,4.005,4.005,4.005,6400
2021-11-18,3.995,3.995,3.995,3.995,42211
2021-11-18,3.995,3.995,3.995,3.995,220
2021-11-18,3.99,3.995,3.99,3.99,3233
2021-11-18,3.995,3.995,3.995,3.995,130
2021-11-18,3.99,3.99,3.99,3.99,100
2021-11-18,3.995,3.995,3.995,3.995,170
2021-11-18,3.985,3.985,3.985,3.985,17151
2021-11-18,3.995,3.995,3.995,3.995,100
2021-11-18,4.005,4.005,4.005,4.005,100
2021-11-18,4,4,4,4,16200
2021-11-18,4,4,3.995,3.995,64494
2021-11-18,3.995,3.995,3.995,3.995,500
2021-11-18,4.01,4.01,4.01,4.01,884
2021-11-18,4,4,4,4,56385
2021-11-18,4,4,4,4,734
2021-11-18,3.995,4,3.995,4,1077
2021-11-18,4.005,4.005,4,4,27150
2021-11-18,4,4,4,4,500
2021-11-18,4,4,4,4,3037
2021-11-18,4,4,3.995,3.995,7407
2021-11-18,3.995,3.995,3.995,3.995,6700
2021-11-18,3.995,3.995,3.99,3.99,11130
2021-11-18,3.985,3.985,3.985,3.985,100
2021-11-18,3.985,3.985,3.98,3.98,5040
2021-11-18,3.985,3.985,3.985,3.985,4700
2021-11-18,3.985,3.985,3.985,3.985,1800
2021-11-18,3.985,3.985,3.975,3.975,8149
2021-11-18,3.975,3.975,3.975,3.975,100
2021-11-18,3.98,3.98,3.98,3.98,2300
2021-11-18,3.98,3.98,3.98,3.98,300
2021-11-18,3.97,3.97,3.97,3.97,1200
2021-11-18,3.97,3.97,3.965,3.97,4950
2021-11-18,3.96,3.96,3.96,3.96,100
2021-11-18,3.97,3.97,3.97,3.97,500
2021-11-18,3.965,3.965,3.965,3.965,1800
2021-11-18,3.96,3.96,3.96,3.96,350
2021-11-18,3.95,3.96,3.95,3.96,800
2021-11-18,3.96,3.96,3.96,3.96,1000
2021-11-18,3.97,3.97,3.97,3.97,600
2021-11-18,3.975,3.975,3.975,3.975,310
2021-11-18,3.975,3.975,3.975,3.975,228
2021-11-18,3.97,3.97,3.965,3.965,4000
2021-11-18,3.99,3.99,3.99,3.99,1020
2021-11-18,3.99,3.99,3.99,3.99,300
2021-11-18,3.99,4,3.99,4,1000
2021-11-18,3.99,3.99,3.99,3.99,500
2021-11-18,3.985,3.985,3.985,3.985,400
2021-11-18,3.98,3.98,3.98,3.98,1000
2021-11-18,3.975,3.975,3.975,3.975,100
2021-11-18,3.98,3.98,3.98,3.98,1600
2021-11-18,3.98,3.98,3.98,3.98,500
2021-11-18,3.975,3.975,3.975,3.975,1300
2021-11-18,3.98,3.98,3.98,3.98,8900
2021-11-18,3.975,3.975,3.975,3.975,100
2021-11-18,3.975,3.975,3.975,3.975,200
2021-11-18,3.975,3.975,3.975,3.975,2700
2021-11-18,3.98,3.98,3.98,3.98,420
2021-11-18,3.98,3.98,3.98,3.98,900
2021-11-18,3.98,3.99,3.975,3.99,6900
2021-11-18,3.99,3.99,3.985,3.99,2300
2021-11-18,3.985,3.995,3.985,3.995,820
2021-11-18,3.995,3.995,3.995,3.995,8600
2021-11-18,3.98,3.98,3.98,3.98,1000
2021-11-18,3.985,3.985,3.985,3.985,100
2021-11-18,3.995,3.995,3.995,3.995,1300
2021-11-18,3.995,3.995,3.995,3.995,200
2021-11-18,3.995,3.995,3.99,3.995,1705
2021-11-18,3.995,3.995,3.995,3.995,1236
2021-11-18,3.995,3.995,3.995,3.995,100
2021-11-18,4,4,4,4,100
2021-11-18,4,4,4,4,100
2021-11-18,3.995,3.995,3.995,3.995,400
2021-11-18,3.995,3.995,3.995,3.995,900
2021-11-18,3.995,3.995,3.995,3.995,2900
2021-11-18,3.995,3.995,3.995,3.995,2450
2021-11-18,3.995,3.995,3.995,3.995,5350
2021-11-18,3.995,3.995,3.995,3.995,560
2021-11-18,3.995,3.995,3.995,3.995,9741
2021-11-18,4,4,3.995,3.995,7900
2021-11-18,4,4,3.995,4,10400
2021-11-18,4,4,4,4,500
2021-11-18,3.995,4,3.995,4,13857
2021-11-18,4,4.005,4,4,14600
2021-11-18,4,4,4,4,1800
2021-11-18,4,4,4,4,200
2021-11-18,4,4,4,4,400
2021-11-18,4,4,4,4,301
2021-11-18,4,4,4,4,201
2021-11-18,4.01,4.015,4.01,4.015,700
2021-11-18,4.01,4.015,4.01,4.015,10220
2021-11-18,4.01,4.01,4.01,4.01,600
2021-11-18,4,4,3.995,3.995,1500
2021-11-18,3.995,3.995,3.995,3.995,900
2021-11-18,3.985,3.99,3.985,3.985,3950
2021-11-18,3.99,3.99,3.99,3.99,300
2021-11-18,3.985,3.985,3.985,3.985,3480
2021-11-18,3.985,3.995,3.985,3.995,1375
2021-11-18,3.995,3.995,3.995,3.995,300
2021-11-18,3.985,3.985,3.985,3.985,300
2021-11-18,3.985,3.985,3.985,3.985,928
2021-11-18,3.985,3.985,3.985,3.985,3177
2021-11-18,3.985,3.985,3.985,3.985,200
2021-11-18,3.985,3.985,3.985,3.985,1790
2021-11-18,3.98,3.98,3.98,3.98,200
2021-11-18,3.98,3.98,3.98,3.98,200
2021-11-18,3.985,3.985,3.985,3.985,300
2021-11-18,3.985,3.985,3.985,3.985,200
2021-11-18,3.985,3.985,3.985,3.985,100
2021-11-18,3.985,3.985,3.985,3.985,100
2021-11-18,3.985,3.985,3.985,3.985,100
2021-11-18,3.985,3.985,3.985,3.985,200
2021-11-18,3.985,3.985,3.985,3.985,100
2021-11-18,3.995,3.995,3.995,3.995,100
2021-11-18,3.995,3.995,3.995,3.995,650
2021-11-18,3.985,3.985,3.985,3.985,250
2021-11-18,3.985,3.985,3.985,3.985,12886
2021-11-18,3.98,3.98,3.975,3.975,7400
2021-11-18,3.98,3.985,3.98,3.985,15516
2021-11-18,3.985,3.985,3.985,3.985,100
2021-11-18,3.99,3.995,3.99,3.995,800
2021-11-18,3.995,3.995,3.995,3.995,6300
2021-11-18,3.995,3.995,3.995,3.995,1100
2021-11-18,3.995,3.995,3.995,3.995,3200
2021-11-18,3.995,3.995,3.995,3.995,1200
2021-11-18,3.995,3.995,3.995,3.995,2100
2021-11-18,3.995,3.995,3.995,3.995,100
2021-11-18,3.995,3.995,3.99,3.99,1400
2021-11-18,3.995,3.995,3.985,3.985,5282
2021-11-18,3.985,3.985,3.985,3.985,2339
2021-11-18,3.985,3.985,3.985,3.985,300
2021-11-18,3.985,3.985,3.985,3.985,800
2021-11-18,3.985,3.985,3.985,3.985,1600
2021-11-18,3.985,3.985,3.98,3.98,2102
2021-11-18,3.985,3.985,3.975,3.98,14639
2021-11-18,3.98,3.985,3.98,3.985,6791
2021-11-18,3.98,3.98,3.98,3.98,100
2021-11-18,3.975,3.975,3.975,3.975,400
2021-11-18,3.975,3.975,3.975,3.975,600
2021-11-18,3.98,3.98,3.98,3.98,1300
2021-11-18,3.985,3.985,3.985,3.985,1100
2021-11-18,3.985,3.985,3.98,3.98,2500
2021-11-18,3.975,3.975,3.975,3.975,1119
2021-11-18,3.98,3.98,3.98,3.98,1375
2021-11-18,3.985,3.985,3.985,3.985,5840
2021-11-18,3.985,3.985,3.985,3.985,778
2021-11-18,3.98,3.98,3.98,3.98,10700
2021-11-18,3.98,3.985,3.98,3.985,600
2021-11-18,3.985,3.985,3.985,3.985,4750
2021-11-18,3.985,3.985,3.985,3.985,2000
2021-11-18,3.985,3.985,3.985,3.985,6100
2021-11-18,3.985,3.985,3.985,3.985,8250
2021-11-18,3.985,3.985,3.985,3.985,2850
2021-11-18,3.985,3.99,3.975,3.975,17891
2021-11-18,3.98,3.98,3.98,3.98,100
2021-11-19,3.995,4.005,3.995,4.005,600
2021-11-19,4,4,3.995,3.995,9300
2021-11-19,4,4,4,4,13870
2021-11-19,3.995,3.995,3.995,3.995,2700
2021-11-19,3.995,3.995,3.99,3.99,52058
2021-11-19,3.99,3.99,3.99,3.99,12700
2021-11-19,3.99,3.99,3.99,3.99,1249
2021-11-19,3.985,3.985,3.985,3.985,400
2021-11-19,3.985,3.985,3.985,3.985,100
2021-11-19,3.985,3.985,3.985,3.985,100
2021-11-19,3.985,3.985,3.985,3.985,100
2021-11-19,3.98,3.98,3.975,3.975,1000
2021-11-19,3.98,3.985,3.975,3.98,5375
2021-11-19,3.98,3.98,3.975,3.975,4700
2021-11-19,3.97,3.97,3.965,3.965,1106
2021-11-19,3.96,3.96,3.96,3.96,400
2021-11-19,3.96,3.96,3.955,3.96,5200
2021-11-19,3.955,3.96,3.955,3.96,4600
2021-11-19,3.965,3.965,3.965,3.965,200
2021-11-19,3.97,3.97,3.965,3.965,2670
2021-11-19,3.965,3.965,3.965,3.965,1200
2021-11-19,3.965,3.965,3.955,3.96,4521
2021-11-19,3.965,3.965,3.955,3.955,1888
2021-11-19,3.955,3.955,3.955,3.955,100
2021-11-19,3.955,3.955,3.945,3.945,1736
2021-11-19,3.95,3.95,3.945,3.95,5137
2021-11-19,3.95,3.955,3.945,3.955,8506
2021-11-19,3.96,3.965,3.96,3.96,4900
2021-11-19,3.96,3.965,3.96,3.965,775
2021-11-19,3.96,3.96,3.96,3.96,2300
2021-11-19,3.965,3.965,3.965,3.965,100
2021-11-19,3.965,3.965,3.965,3.965,520
2021-11-19,3.97,3.975,3.965,3.975,2400
2021-11-19,3.975,3.975,3.975,3.975,1100
2021-11-19,3.975,3.985,3.975,3.985,500
2021-11-19,3.985,3.985,3.985,3.985,276
2021-11-19,3.99,3.99,3.985,3.985,2800
2021-11-19,3.99,3.995,3.985,3.99,7700
2021-11-19,3.995,4.01,3.995,4.01,3900
2021-11-19,4.01,4.015,4.01,4.01,4500
2021-11-19,4.015,4.015,4.015,4.015,100
2021-11-19,4.005,4.005,4.005,4.005,100
2021-11-19,4.005,4.005,4,4,400
2021-11-19,4.005,4.005,4,4,300
2021-11-19,4,4,4,4,600
2021-11-19,3.995,3.995,3.99,3.99,400
2021-11-19,3.995,3.995,3.99,3.99,300
2021-11-19,3.995,3.995,3.995,3.995,200
2021-11-19,3.995,3.995,3.995,3.995,100
2021-11-19,3.99,4,3.99,4,9875
2021-11-19,3.995,3.995,3.995,3.995,2900
2021-11-19,3.99,3.99,3.99,3.99,200
2021-11-19,3.985,3.985,3.98,3.98,12300
2021-11-19,3.985,3.985,3.985,3.985,900
2021-11-19,3.985,3.985,3.98,3.98,900
2021-11-19,3.98,3.98,3.98,3.98,200
2021-11-19,3.975,3.975,3.975,3.975,1900
2021-11-19,3.975,3.975,3.975,3.975,4500
2021-11-19,3.98,3.98,3.975,3.975,6100
2021-11-19,3.975,3.975,3.975,3.975,200
2021-11-19,3.975,3.98,3.975,3.98,11314
2021-11-19,3.975,3.975,3.97,3.97,5300
2021-11-19,3.97,3.975,3.97,3.975,16176
2021-11-19,3.975,3.98,3.975,3.98,3120
2021-11-19,3.975,3.975,3.975,3.975,100
2021-11-19,3.975,3.975,3.975,3.975,200
2021-11-19,3.975,3.975,3.975,3.975,200
2021-11-19,3.975,3.975,3.97,3.97,3125
2021-11-19,3.96,3.96,3.96,3.96,700
2021-11-19,3.975,3.975,3.975,3.975,100
2021-11-19,3.97,3.975,3.97,3.975,1200
2021-11-19,3.965,3.965,3.965,3.965,1700
2021-11-19,3.965,3.965,3.965,3.965,600
2021-11-19,3.96,3.96,3.96,3.96,300
2021-11-19,3.945,3.945,3.945,3.945,500
2021-11-19,3.95,3.955,3.95,3.955,4100
2021-11-19,3.955,3.955,3.955,3.955,200
2021-11-19,3.955,3.955,3.95,3.955,723
2021-11-19,3.955,3.955,3.955,3.955,100
2021-11-19,3.955,3.955,3.955,3.955,12400
2021-11-19,3.955,3.96,3.955,3.96,15475
2021-11-19,3.955,3.955,3.955,3.955,190
2021-11-19,3.96,3.96,3.955,3.955,7325
2021-11-19,3.96,3.96,3.96,3.96,1475
2021-11-19,3.96,3.96,3.96,3.96,625
2021-11-19,3.965,3.965,3.965,3.965,100
2021-11-19,3.97,3.97,3.97,3.97,1575
2021-11-19,3.975,3.975,3.975,3.975,800
2021-11-19,3.97,3.97,3.97,3.97,100
2021-11-19,3.98,3.985,3.98,3.98,1100
2021-11-19,3.98,3.98,3.975,3.975,300
2021-11-19,3.975,3.975,3.975,3.975,200
2021-11-19,3.975,3.975,3.975,3.975,200
2021-11-19,3.965,3.965,3.965,3.965,2100
2021-11-19,3.965,3.965,3.965,3.965,2400
2021-11-19,3.97,3.975,3.965,3.975,5900
2021-11-19,3.97,3.97,3.97,3.97,200
2021-11-19,3.965,3.965,3.965,3.965,200
2021-11-19,3.965,3.965,3.965,3.965,200
2021-11-19,3.965,3.965,3.965,3.965,3100
2021-11-19,3.965,3.965,3.965,3.965,600
2021-11-19,3.965,3.965,3.965,3.965,100
2021-11-19,3.96,3.96,3.955,3.955,9500
2021-11-19,3.96,3.96,3.96,3.96,900
2021-11-19,3.95,3.95,3.95,3.95,600
2021-11-19,3.95,3.95,3.945,3.945,8100
2021-11-19,3.945,3.945,3.945,3.945,180
2021-11-19,3.95,3.955,3.95,3.955,4457
2021-11-19,3.955,3.955,3.955,3.955,200
2021-11-19,3.95,3.95,3.95,3.95,274
2021-11-19,3.945,3.955,3.945,3.955,14559
2021-11-19,3.945,3.945,3.945,3.945,6500
2021-11-19,3.945,3.945,3.945,3.945,500
2021-11-19,3.945,3.945,3.945,3.945,100
2021-11-19,3.945,3.945,3.945,3.945,9200
2021-11-19,3.95,3.955,3.95,3.955,1400
2021-11-19,3.95,3.95,3.95,3.95,1200
2021-11-19,3.945,3.945,3.945,3.945,2142
2021-11-19,3.94,3.94,3.935,3.935,7900
2021-11-19,3.94,3.94,3.94,3.94,900
2021-11-19,3.945,3.945,3.945,3.945,5100
2021-11-19,3.945,3.955,3.945,3.955,6000
2021-11-19,3.955,3.955,3.955,3.955,100
2021-11-19,3.955,3.955,3.955,3.955,180
2021-11-19,3.945,3.945,3.945,3.945,6500
2021-11-19,3.945,3.945,3.945,3.945,100
2021-11-19,3.945,3.945,3.945,3.945,300
2021-11-19,3.945,3.945,3.945,3.945,5900
2021-11-19,3.945,3.95,3.945,3.945,14500
2021-11-19,3.955,3.955,3.955,3.955,100
2021-11-19,3.955,3.955,3.955,3.955,200
2021-11-19,3.955,3.955,3.955,3.955,200
2021-11-19,3.955,3.955,3.955,3.955,300
2021-11-19,3.955,3.955,3.955,3.955,200
2021-11-19,3.955,3.955,3.955,3.955,200
2021-11-19,3.955,3.955,3.955,3.955,200
2021-11-19,3.95,3.95,3.935,3.935,3300
2021-11-19,3.93,3.93,3.93,3.93,100
2021-11-19,3.925,3.925,3.925,3.925,400
2021-11-19,3.925,3.925,3.925,3.925,744
2021-11-19,3.925,3.925,3.925,3.925,100
2021-11-19,3.925,3.925,3.925,3.925,100
2021-11-19,3.925,3.925,3.925,3.925,600
2021-11-19,3.925,3.925,3.925,3.925,3469
2021-11-19,3.925,3.925,3.925,3.925,2622
2021-11-19,3.935,3.935,3.935,3.935,100
2021-11-19,3.93,3.93,3.93,3.93,100
2021-11-19,3.93,3.93,3.93,3.93,200
2021-11-19,3.935,3.935,3.935,3.935,300
2021-11-19,3.935,3.94,3.935,3.935,10775
2021-11-19,3.94,3.94,3.935,3.935,11077
2021-11-19,3.935,3.935,3.935,3.935,1500
2021-11-19,3.935,3.935,3.935,3.935,100
2021-11-19,3.935,3.935,3.935,3.935,100
2021-11-19,3.935,3.935,3.935,3.935,830
2021-11-19,3.935,3.935,3.935,3.935,13300
2021-11-19,3.935,3.935,3.935,3.935,1300
2021-11-19,3.935,3.935,3.935,3.935,500
2021-11-19,3.93,3.935,3.93,3.935,1600
2021-11-19,3.93,3.93,3.93,3.93,100
2021-11-19,3.935,3.935,3.935,3.935,100
2021-11-19,3.935,3.935,3.93,3.93,200
2021-11-19,3.935,3.935,3.935,3.935,100
2021-11-19,3.935,3.935,3.935,3.935,100
2021-11-19,3.935,3.935,3.935,3.935,100
2021-11-19,3.935,3.935,3.935,3.935,100
2021-11-19,3.935,3.935,3.935,3.935,100
2021-11-19,3.935,3.935,3.93,3.93,2725
2021-11-19,3.93,3.935,3.93,3.935,400
2021-11-19,3.93,3.93,3.93,3.93,100
2021-11-19,3.925,3.925,3.925,3.925,4440
2021-11-19,3.925,3.925,3.925,3.925,300
2021-11-19,3.925,3.925,3.925,3.925,500
2021-11-19,3.925,3.925,3.925,3.925,1200
2021-11-19,3.92,3.92,3.915,3.92,5550
2021-11-19,3.92,3.92,3.92,3.92,300
2021-11-19,3.92,3.92,3.915,3.915,500
2021-11-19,3.915,3.915,3.915,3.915,200
2021-11-19,3.915,3.915,3.915,3.915,100
2021-11-19,3.915,3.915,3.915,3.915,100
2021-11-19,3.915,3.915,3.915,3.915,100
2021-11-19,3.915,3.915,3.915,3.915,100
2021-11-19,3.915,3.915,3.915,3.915,200
2021-11-19,3.915,3.915,3.915,3.915,200
2021-11-19,3.915,3.915,3.915,3.915,100
2021-11-19,3.915,3.915,3.915,3.915,100
2021-11-19,3.915,3.915,3.915,3.915,100
2021-11-19,3.905,3.905,3.905,3.905,10471
2021-11-19,3.905,3.905,3.905,3.905,9815
2021-11-19,3.905,3.905,3.905,3.905,5100
2021-11-19,3.91,3.915,3.91,3.91,5080
2021-11-19,3.915,3.915,3.915,3.915,100
2021-11-19,3.915,3.915,3.915,3.915,100
2021-11-19,3.915,3.925,3.915,3.915,7496
2021-11-19,3.915,3.915,3.915,3.915,400
2021-11-19,3.915,3.92,3.915,3.915,50085
2021-11-19,3.915,3.925,3.915,3.92,5000
2021-11-19,3.915,3.92,3.915,3.92,1100
2021-11-19,3.925,3.925,3.925,3.925,200
2021-11-19,3.925,3.925,3.925,3.925,100
2021-11-19,3.925,3.925,3.925,3.925,700
2021-11-19,3.925,3.925,3.925,3.925,100
2021-11-19,3.925,3.925,3.925,3.925,200
2021-11-19,3.925,3.925,3.925,3.925,100
2021-11-19,3.925,3.925,3.925,3.925,200
2021-11-19,3.925,3.925,3.92,3.92,200
2021-11-19,3.925,3.925,3.92,3.92,200
2021-11-19,3.925,3.925,3.92,3.92,300
2021-11-19,3.92,3.92,3.92,3.92,100
2021-11-19,3.915,3.915,3.915,3.915,800
2021-11-19,3.915,3.915,3.915,3.915,500
2021-11-19,3.92,3.92,3.92,3.92,584
2021-11-19,3.92,3.92,3.915,3.915,30591
2021-11-19,3.915,3.915,3.915,3.915,100
2021-11-19,3.915,3.915,3.915,3.915,200
2021-11-19,3.915,3.915,3.915,3.915,100
2021-11-19,3.915,3.915,3.915,3.915,500
2021-11-19,3.92,3.92,3.92,3.92,5500
2021-11-19,3.92,3.92,3.92,3.92,4000
2021-11-19,3.925,3.925,3.92,3.92,500
2021-11-19,3.915,3.915,3.915,3.915,2900
2021-11-19,3.915,3.915,3.915,3.915,1100
2021-11-19,3.915,3.915,3.915,3.915,2875
2021-11-19,3.92,3.92,3.92,3.92,10850
2021-11-19,3.92,3.92,3.92,3.92,7975
2021-11-19,3.915,3.92,3.915,3.92,11700
2021-11-19,3.92,3.92,3.92,3.92,18950
2021-11-19,3.92,3.925,3.92,3.925,10300
2021-11-19,3.925,3.925,3.925,3.925,100
2021-11-19,3.925,3.925,3.925,3.925,100
2021-11-19,3.925,3.925,3.925,3.925,300
2021-11-19,3.925,3.925,3.925,3.925,100
2021-11-19,3.925,3.925,3.925,3.925,600
2021-11-19,3.925,3.925,3.925,3.925,200
2021-11-19,3.925,3.925,3.925,3.925,100
2021-11-19,3.925,3.925,3.925,3.925,100
2021-11-19,3.925,3.925,3.925,3.925,500
2021-11-19,3.92,3.925,3.92,3.925,2800
2021-11-19,3.925,3.925,3.925,3.925,200
2021-11-19,3.925,3.925,3.925,3.925,100
2021-11-19,3.925,3.925,3.925,3.925,500
2021-11-19,3.925,3.925,3.925,3.925,500
2021-11-19,3.925,3.925,3.925,3.925,500
2021-11-19,3.925,3.925,3.925,3.925,2200
2021-11-19,3.925,3.925,3.925,3.925,5275
2021-11-19,3.925,3.925,3.925,3.925,300
2021-11-19,3.925,3.925,3.925,3.925,100
2021-11-19,3.925,3.925,3.925,3.925,800
2021-11-19,3.925,3.925,3.925,3.925,200
2021-11-19,3.925,3.925,3.925,3.925,400
2021-11-19,3.92,3.92,3.915,3.92,8554
2021-11-19,3.925,3.925,3.925,3.925,100
2021-11-19,3.925,3.925,3.925,3.925,3286
2021-11-19,3.925,3.925,3.925,3.925,100
2021-11-19,3.925,3.925,3.925,3.925,100
2021-11-19,3.925,3.925,3.925,3.925,480
2021-11-19,3.925,3.925,3.925,3.925,900
2021-11-19,3.925,3.925,3.925,3.925,1200
2021-11-19,3.925,3.925,3.925,3.925,300
2021-11-19,3.925,3.925,3.925,3.925,1000
2021-11-19,3.925,3.925,3.925,3.925,2000
2021-11-19,3.925,3.925,3.925,3.925,1100
2021-11-19,3.925,3.925,3.925,3.925,800
2021-11-19,3.925,3.925,3.925,3.925,1400
2021-11-19,3.93,3.935,3.93,3.935,8163
2021-11-19,3.93,3.93,3.93,3.93,562
2021-11-19,3.93,3.93,3.925,3.93,7381
2021-11-19,3.93,3.935,3.925,3.935,10583
2021-11-19,3.935,3.94,3.935,3.94,16469
2021-11-19,3.94,3.945,3.94,3.94,37287
2021-11-19,3.945,3.945,3.945,3.945,11406
2021-11-19,3.945,3.945,3.945,3.945,200
2021-11-19,3.945,3.945,3.935,3.935,12800
2021-11-19,3.935,3.935,3.935,3.935,200
2021-11-19,3.935,3.935,3.935,3.935,500
2021-11-19,3.935,3.935,3.935,3.935,2380
2021-11-19,3.935,3.935,3.935,3.935,3800
2021-11-19,3.935,3.935,3.935,3.935,5020
2021-11-19,3.935,3.935,3.935,3.935,8310
2021-11-19,3.935,3.935,3.93,3.935,2627
2021-11-19,3.92,3.92,3.92,3.92,100
2021-11-22,3.93,3.935,3.93,3.935,300
2021-11-22,3.935,3.935,3.935,3.935,1200
2021-11-22,3.92,3.94,3.92,3.94,200
2021-11-22,3.94,3.94,3.94,3.94,600
2021-11-22,3.94,3.94,3.94,3.94,100
2021-11-22,3.94,3.94,3.94,3.94,500
2021-11-22,3.935,3.935,3.935,3.935,129
2021-11-22,3.93,3.935,3.93,3.935,4100
2021-11-22,3.93,3.93,3.93,3.93,600
2021-11-22,3.92,3.92,3.92,3.92,2400
2021-11-22,3.915,3.915,3.915,3.915,258
2021-11-22,3.92,3.92,3.92,3.92,2274
2021-11-22,3.925,3.93,3.92,3.92,4362
2021-11-22,3.925,3.93,3.925,3.925,3304
2021-11-22,3.935,3.935,3.93,3.935,8033
2021-11-22,3.93,3.935,3.915,3.915,1400
2021-11-22,3.915,3.92,3.915,3.92,4660
2021-11-22,3.91,3.91,3.91,3.91,2600
2021-11-22,3.91,3.91,3.91,3.91,300
2021-11-22,3.905,3.91,3.9,3.91,7950
2021-11-22,3.92,3.92,3.92,3.92,1100
2021-11-22,3.92,3.92,3.91,3.92,3700
2021-11-22,3.91,3.91,3.91,3.91,2100
2021-11-22,3.915,3.925,3.91,3.91,2670
2021-11-22,3.92,3.92,3.92,3.92,3000
2021-11-22,3.93,3.935,3.93,3.935,1100
2021-11-22,3.94,3.94,3.94,3.94,500
2021-11-22,3.94,3.94,3.94,3.94,1600
2021-11-22,3.95,3.95,3.95,3.95,100
2021-11-22,3.945,3.945,3.945,3.945,200
2021-11-22,3.95,3.95,3.95,3.95,4000
2021-11-22,3.955,3.955,3.955,3.955,6700
2021-11-22,3.96,3.96,3.96,3.96,500
2021-11-22,3.955,3.955,3.955,3.955,200
2021-11-22,3.96,3.96,3.96,3.96,2000
2021-11-22,3.97,3.97,3.965,3.97,1880
2021-11-22,3.975,3.98,3.975,3.98,600
2021-11-22,3.98,3.98,3.975,3.975,9773
2021-11-22,3.975,3.975,3.975,3.975,3793
2021-11-22,3.98,3.98,3.98,3.98,2000
2021-11-22,3.99,3.99,3.98,3.98,900
2021-11-22,3.98,3.98,3.98,3.98,1000
2021-11-22,3.98,3.98,3.98,3.98,3200
2021-11-22,3.985,3.985,3.985,3.985,3400
2021-11-22,3.98,3.98,3.98,3.98,100
2021-11-22,3.97,3.97,3.97,3.97,600
2021-11-22,3.98,3.98,3.98,3.98,3900
2021-11-22,3.98,3.98,3.98,3.98,3100
2021-11-22,3.98,3.98,3.98,3.98,300
2021-11-22,3.98,3.98,3.97,3.97,200
2021-11-22,3.975,3.975,3.975,3.975,400
2021-11-22,3.975,3.975,3.975,3.975,100
2021-11-22,3.98,3.98,3.98,3.98,3150
2021-11-22,3.98,3.98,3.98,3.98,2800
2021-11-22,3.98,3.98,3.98,3.98,1500
2021-11-22,3.985,3.985,3.985,3.985,3400
2021-11-22,3.98,3.98,3.98,3.98,4850
2021-11-22,3.975,3.975,3.975,3.975,300
2021-11-22,3.975,3.975,3.975,3.975,3600
2021-11-22,3.975,3.975,3.975,3.975,1100
2021-11-22,3.975,3.975,3.975,3.975,100
2021-11-22,3.975,3.975,3.975,3.975,100
2021-11-22,3.98,3.985,3.975,3.975,8650
2021-11-22,3.97,3.975,3.97,3.975,3936
2021-11-22,3.975,3.975,3.975,3.975,250
2021-11-22,3.97,3.975,3.965,3.965,1850
2021-11-22,3.97,3.97,3.97,3.97,500
2021-11-22,3.965,3.965,3.965,3.965,420
2021-11-22,3.97,3.97,3.97,3.97,100
2021-11-22,3.96,3.96,3.96,3.96,3730
2021-11-22,3.965,3.965,3.965,3.965,100
2021-11-22,3.96,3.96,3.955,3.955,2400
2021-11-22,3.955,3.955,3.955,3.955,3490
2021-11-22,3.955,3.955,3.955,3.955,160
2021-11-22,3.96,3.96,3.96,3.96,6163
2021-11-22,3.955,3.955,3.95,3.95,700
2021-11-22,3.955,3.955,3.955,3.955,120
2021-11-22,3.955,3.955,3.955,3.955,1000
2021-11-22,3.945,3.945,3.945,3.945,200
2021-11-22,3.94,3.94,3.94,3.94,2700
2021-11-22,3.94,3.94,3.94,3.94,200
2021-11-22,3.945,3.945,3.945,3.945,200
2021-11-22,3.945,3.945,3.945,3.945,100
2021-11-22,3.945,3.945,3.945,3.945,200
2021-11-22,3.945,3.945,3.945,3.945,830
2021-11-22,3.945,3.945,3.945,3.945,1776
2021-11-22,3.945,3.945,3.94,3.945,2100
2021-11-22,3.935,3.935,3.935,3.935,4000
2021-11-22,3.935,3.935,3.935,3.935,500
2021-11-22,3.935,3.945,3.935,3.945,21900
2021-11-22,3.94,3.94,3.94,3.94,1500
2021-11-22,3.945,3.945,3.94,3.945,3634
2021-11-22,3.935,3.935,3.935,3.935,200
2021-11-22,3.935,3.935,3.935,3.935,100
2021-11-22,3.935,3.935,3.935,3.935,100
2021-11-22,3.94,3.94,3.94,3.94,1900
2021-11-22,3.94,3.94,3.94,3.94,18400
2021-11-22,3.945,3.945,3.945,3.945,2200
2021-11-22,3.945,3.945,3.945,3.945,1639
2021-11-22,3.945,3.945,3.945,3.945,1179
2021-11-22,3.945,3.945,3.945,3.945,300
2021-11-22,3.945,3.945,3.945,3.945,1000
2021-11-22,3.945,3.945,3.945,3.945,100
2021-11-22,3.94,3.94,3.935,3.94,5141
2021-11-22,3.945,3.945,3.945,3.945,13548
2021-11-22,3.945,3.945,3.93,3.93,27300
2021-11-22,3.935,3.935,3.935,3.935,100
2021-11-22,3.935,3.935,3.935,3.935,100
2021-11-22,3.915,3.915,3.915,3.915,800
2021-11-22,3.92,3.925,3.92,3.92,2000
2021-11-22,3.93,3.93,3.93,3.93,2800
2021-11-22,3.92,3.92,3.92,3.92,2260
2021-11-22,3.905,3.905,3.905,3.905,130
2021-11-22,3.9,3.9,3.895,3.895,10362
2021-11-22,3.895,3.895,3.89,3.89,1219
2021-11-22,3.89,3.895,3.89,3.89,16300
2021-11-22,3.885,3.885,3.885,3.885,800
2021-11-22,3.875,3.88,3.875,3.88,5166
2021-11-22,3.89,3.895,3.89,3.895,1400
2021-11-22,3.9,3.9,3.9,3.9,1100
2021-11-22,3.9,3.9,3.9,3.9,500
2021-11-22,3.9,3.9,3.9,3.9,9500
2021-11-22,3.895,3.895,3.895,3.895,1312
2021-11-22,3.9,3.9,3.9,3.9,1800
2021-11-22,3.895,3.895,3.895,3.895,100
2021-11-22,3.885,3.885,3.885,3.885,748
2021-11-22,3.89,3.89,3.89,3.89,500
2021-11-22,3.895,3.895,3.89,3.89,3500
2021-11-22,3.89,3.89,3.89,3.89,520
2021-11-22,3.885,3.89,3.88,3.89,22876
2021-11-22,3.895,3.895,3.895,3.895,100
2021-11-22,3.895,3.895,3.895,3.895,790
2021-11-22,3.895,3.895,3.895,3.895,200
2021-11-22,3.895,3.895,3.895,3.895,1100
2021-11-22,3.895,3.895,3.895,3.895,1200
2021-11-22,3.895,3.895,3.895,3.895,1000
2021-11-22,3.895,3.895,3.895,3.895,1900
2021-11-22,3.895,3.895,3.895,3.895,1300
2021-11-22,3.895,3.895,3.895,3.895,2885
2021-11-22,3.895,3.9,3.895,3.9,20800
2021-11-22,3.9,3.9,3.9,3.9,1000
2021-11-22,3.905,3.905,3.905,3.905,200
2021-11-22,3.91,3.91,3.91,3.91,3400
2021-11-22,3.91,3.91,3.91,3.91,100
2021-11-22,3.91,3.91,3.9,3.9,3486
2021-11-22,3.905,3.905,3.905,3.905,200
2021-11-22,3.905,3.905,3.905,3.905,177
2021-11-22,3.9,3.905,3.9,3.905,400
2021-11-22,3.905,3.905,3.905,3.905,200
2021-11-22,3.905,3.905,3.905,3.905,200
2021-11-22,3.905,3.905,3.905,3.905,100
2021-11-22,3.905,3.905,3.905,3.905,100
2021-11-22,3.905,3.905,3.905,3.905,300
2021-11-22,3.905,3.91,3.905,3.91,3100
2021-11-22,3.91,3.91,3.91,3.91,300
2021-11-22,3.91,3.91,3.91,3.91,400
2021-11-22,3.91,3.91,3.91,3.91,400
2021-11-22,3.91,3.91,3.905,3.905,500
2021-11-22,3.905,3.905,3.905,3.905,836
2021-11-22,3.905,3.915,3.905,3.91,2100
2021-11-22,3.91,3.91,3.91,3.91,1600
2021-11-22,3.915,3.915,3.915,3.915,700
2021-11-22,3.915,3.915,3.915,3.915,800
2021-11-22,3.92,3.92,3.92,3.92,300
2021-11-22,3.92,3.92,3.92,3.92,1900
2021-11-22,3.92,3.92,3.92,3.92,400
2021-11-22,3.915,3.915,3.915,3.915,100
2021-11-22,3.91,3.91,3.91,3.91,240
2021-11-22,3.9,3.9,3.9,3.9,2148
2021-11-22,3.895,3.895,3.895,3.895,133
2021-11-22,3.9,3.91,3.9,3.91,5341
2021-11-22,3.91,3.91,3.905,3.905,2200
2021-11-22,3.905,3.905,3.905,3.905,1000
2021-11-22,3.91,3.91,3.91,3.91,200
2021-11-22,3.91,3.91,3.91,3.91,700
2021-11-22,3.91,3.91,3.905,3.905,1900
2021-11-22,3.91,3.91,3.91,3.91,1900
2021-11-22,3.915,3.915,3.91,3.915,1300
2021-11-22,3.905,3.905,3.905,3.905,1760
2021-11-22,3.905,3.905,3.905,3.905,300
2021-11-22,3.91,3.91,3.91,3.91,400
2021-11-22,3.91,3.915,3.905,3.915,11182
2021-11-22,3.91,3.91,3.91,3.91,300
2021-11-22,3.915,3.915,3.915,3.915,10000
2021-11-22,3.92,3.92,3.92,3.92,300
2021-11-22,3.92,3.92,3.915,3.92,1200
2021-11-22,3.92,3.92,3.915,3.915,900
2021-11-22,3.915,3.915,3.915,3.915,4000
2021-11-22,3.915,3.915,3.915,3.915,300
2021-11-22,3.915,3.915,3.915,3.915,1300
2021-11-22,3.915,3.915,3.915,3.915,500
2021-11-22,3.915,3.915,3.915,3.915,415
2021-11-22,3.92,3.92,3.92,3.92,600
2021-11-22,3.92,3.92,3.92,3.92,2600
2021-11-22,3.92,3.92,3.92,3.92,9200
2021-11-22,3.92,3.925,3.92,3.92,5067
2021-11-22,3.91,3.91,3.91,3.91,201
2021-11-22,3.905,3.91,3.905,3.905,4100
2021-11-22,3.905,3.905,3.905,3.905,300
2021-11-22,3.905,3.91,3.905,3.905,1600
2021-11-22,3.9,3.9,3.9,3.9,1000
2021-11-22,3.905,3.905,3.905,3.905,5017
2021-11-22,3.905,3.91,3.905,3.91,2977
2021-11-23,3.9,3.9,3.9,3.9,100
2021-11-23,3.905,3.905,3.905,3.905,3300
2021-11-23,3.9,3.9,3.9,3.9,200
2021-11-23,3.91,3.915,3.91,3.91,2339
2021-11-23,3.9,3.9,3.9,3.9,340
2021-11-23,3.905,3.905,3.9,3.9,881
2021-11-23,3.9,3.9,3.9,3.9,100
2021-11-23,3.9,3.9,3.9,3.9,877
2021-11-23,3.9,3.9,3.9,3.9,2600
2021-11-23,3.915,3.915,3.905,3.905,540
2021-11-23,3.905,3.905,3.905,3.905,100
2021-11-23,3.915,3.915,3.915,3.915,200
2021-11-23,3.91,3.91,3.91,3.91,550
2021-11-23,3.92,3.92,3.92,3.92,100
2021-11-23,3.925,3.925,3.925,3.925,270
2021-11-23,3.925,3.925,3.92,3.92,1900
2021-11-23,3.92,3.92,3.92,3.92,1500
2021-11-23,3.925,3.925,3.92,3.92,1410
2021-11-23,3.92,3.92,3.91,3.91,1800
2021-11-23,3.91,3.915,3.91,3.915,800
2021-11-23,3.91,3.91,3.905,3.905,1000
2021-11-23,3.9,3.9,3.9,3.9,500
2021-11-23,3.905,3.905,3.905,3.905,100
2021-11-23,3.89,3.89,3.89,3.89,2400
2021-11-23,3.89,3.89,3.89,3.89,2300
2021-11-23,3.89,3.895,3.89,3.895,2197
2021-11-23,3.89,3.89,3.89,3.89,100
2021-11-23,3.89,3.89,3.89,3.89,500
2021-11-23,3.895,3.895,3.895,3.895,110
2021-11-23,3.89,3.89,3.89,3.89,400
2021-11-23,3.89,3.89,3.89,3.89,3400
2021-11-23,3.89,3.895,3.885,3.885,950
2021-11-23,3.885,3.885,3.88,3.88,1500
2021-11-23,3.88,3.88,3.88,3.88,4700
2021-11-23,3.875,3.875,3.875,3.875,200
2021-11-23,3.875,3.885,3.875,3.885,300
2021-11-23,3.885,3.885,3.885,3.885,100
2021-11-23,3.89,3.895,3.89,3.895,1740
2021-11-23,3.89,3.89,3.89,3.89,1500
2021-11-23,3.89,3.89,3.89,3.89,500
2021-11-23,3.89,3.89,3.89,3.89,100
2021-11-23,3.895,3.895,3.895,3.895,100
2021-11-23,3.9,3.9,3.9,3.9,100
2021-11-23,3.9,3.9,3.89,3.89,1302
2021-11-23,3.89,3.89,3.89,3.89,1730
2021-11-23,3.885,3.89,3.885,3.89,4690
2021-11-23,3.89,3.89,3.89,3.89,6280
2021-11-23,3.89,3.89,3.89,3.89,100
2021-11-23,3.88,3.885,3.88,3.88,5600
2021-11-23,3.885,3.885,3.885,3.885,1190
2021-11-23,3.88,3.885,3.875,3.875,11060
2021-11-23,3.875,3.875,3.875,3.875,920
2021-11-23,3.88,3.88,3.88,3.88,700
2021-11-23,3.88,3.88,3.88,3.88,2500
2021-11-23,3.875,3.885,3.875,3.88,14530
2021-11-23,3.88,3.88,3.88,3.88,700
2021-11-23,3.88,3.88,3.875,3.875,17932
2021-11-23,3.875,3.875,3.875,3.875,100
2021-11-23,3.875,3.875,3.875,3.875,103
2021-11-23,3.87,3.87,3.87,3.87,1500
2021-11-23,3.87,3.87,3.87,3.87,1900
2021-11-23,3.87,3.87,3.87,3.87,2700
2021-11-23,3.87,3.87,3.87,3.87,2800
2021-11-23,3.87,3.87,3.87,3.87,1770
2021-11-23,3.87,3.87,3.87,3.87,2400
2021-11-23,3.87,3.87,3.86,3.86,2100
2021-11-23,3.86,3.86,3.86,3.86,1900
2021-11-23,3.86,3.86,3.85,3.85,7000
2021-11-23,3.845,3.845,3.845,3.845,1400
2021-11-23,3.84,3.845,3.835,3.84,6072
2021-11-23,3.845,3.845,3.84,3.84,1000
2021-11-23,3.84,3.84,3.84,3.84,1700
2021-11-23,3.84,3.84,3.84,3.84,1420
2021-11-23,3.845,3.855,3.845,3.85,8945
2021-11-23,3.85,3.85,3.85,3.85,130
2021-11-23,3.855,3.855,3.855,3.855,3050
2021-11-23,3.85,3.85,3.85,3.85,1100
2021-11-23,3.845,3.855,3.845,3.85,16307
2021-11-23,3.855,3.855,3.855,3.855,100
2021-11-23,3.845,3.845,3.84,3.84,300
2021-11-23,3.84,3.84,3.835,3.835,2900
2021-11-23,3.835,3.835,3.835,3.835,5220
2021-11-23,3.835,3.84,3.835,3.835,23850
2021-11-23,3.835,3.845,3.835,3.845,11136
2021-11-23,3.84,3.84,3.84,3.84,100
2021-11-23,3.84,3.84,3.84,3.84,1000
2021-11-23,3.84,3.84,3.84,3.84,1950
2021-11-23,3.84,3.84,3.84,3.84,400
2021-11-23,3.85,3.855,3.845,3.845,7493
2021-11-23,3.845,3.845,3.845,3.845,2729
2021-11-23,3.845,3.845,3.845,3.845,2100
2021-11-23,3.845,3.845,3.845,3.845,200
2021-11-23,3.845,3.85,3.845,3.85,16740
2021-11-23,3.845,3.85,3.845,3.845,20250
2021-11-23,3.845,3.845,3.845,3.845,200
2021-11-23,3.845,3.85,3.845,3.845,22440
2021-11-23,3.85,3.85,3.845,3.845,3000
2021-11-23,3.845,3.855,3.845,3.855,3170
2021-11-23,3.855,3.855,3.855,3.855,2960
2021-11-23,3.855,3.86,3.855,3.855,12410
2021-11-23,3.86,3.865,3.86,3.86,4700
2021-11-23,3.86,3.86,3.86,3.86,3220
2021-11-23,3.86,3.865,3.86,3.865,1980
2021-11-23,3.865,3.865,3.865,3.865,1090
2021-11-23,3.86,3.86,3.86,3.86,1200
2021-11-23,3.86,3.86,3.86,3.86,2800
2021-11-23,3.865,3.865,3.865,3.865,800
2021-11-23,3.86,3.86,3.86,3.86,2200
2021-11-23,3.865,3.865,3.86,3.86,3570
2021-11-23,3.86,3.86,3.86,3.86,600
2021-11-23,3.865,3.865,3.865,3.865,1170
2021-11-23,3.865,3.865,3.865,3.865,2700
2021-11-23,3.865,3.875,3.865,3.87,12411
2021-11-23,3.86,3.86,3.86,3.86,100
2021-11-23,3.855,3.855,3.855,3.855,7030
2021-11-23,3.855,3.855,3.855,3.855,610
2021-11-23,3.855,3.86,3.855,3.855,5210
2021-11-23,3.855,3.86,3.855,3.86,22400
2021-11-23,3.855,3.855,3.855,3.855,15400
2021-11-23,3.85,3.85,3.85,3.85,600
2021-11-23,3.855,3.855,3.855,3.855,3130
2021-11-23,3.855,3.86,3.855,3.86,5350
2021-11-23,3.86,3.865,3.855,3.865,6849
2021-11-23,3.865,3.865,3.865,3.865,4600
2021-11-23,3.87,3.87,3.87,3.87,1200
2021-11-23,3.865,3.865,3.865,3.865,150
2021-11-23,3.865,3.87,3.865,3.865,4210
2021-11-23,3.865,3.865,3.865,3.865,370
2021-11-23,3.865,3.87,3.865,3.87,20140
2021-11-23,3.87,3.875,3.87,3.875,4320
2021-11-23,3.875,3.885,3.875,3.885,23501
2021-11-23,3.885,3.885,3.885,3.885,270
2021-11-23,3.885,3.885,3.885,3.885,1800
2021-11-23,3.885,3.885,3.885,3.885,100
2021-11-23,3.875,3.875,3.875,3.875,1000
2021-11-23,3.87,3.87,3.87,3.87,300
2021-11-23,3.865,3.865,3.865,3.865,300
2021-11-23,3.86,3.86,3.86,3.86,1300
2021-11-23,3.865,3.875,3.865,3.87,54481
2021-11-23,3.87,3.87,3.87,3.87,901
2021-11-23,3.87,3.87,3.865,3.865,2400
2021-11-23,3.865,3.865,3.865,3.865,1060
2021-11-23,3.865,3.865,3.865,3.865,3120
2021-11-23,3.865,3.87,3.865,3.87,5690
2021-11-23,3.865,3.875,3.865,3.875,54390
2021-11-23,3.875,3.875,3.875,3.875,9400
2021-11-23,3.875,3.88,3.875,3.88,203108
2021-11-23,3.875,3.885,3.875,3.885,32630
2021-11-23,3.885,3.885,3.885,3.885,9600
2021-11-23,3.89,3.89,3.885,3.885,8450
2021-11-23,3.895,3.895,3.895,3.895,290
2021-11-23,3.89,3.89,3.89,3.89,201
2021-11-23,3.89,3.89,3.885,3.885,34435
2021-11-23,3.89,3.89,3.885,3.885,16410
2021-11-23,3.89,3.89,3.89,3.89,372
2021-11-23,3.895,3.895,3.895,3.895,14300
2021-11-23,3.895,3.9,3.895,3.9,16890
2021-11-23,3.905,3.915,3.905,3.915,65529
2021-11-23,3.905,3.91,3.905,3.91,29120
2021-11-23,3.91,3.91,3.91,3.91,3000
2021-11-23,3.905,3.91,3.905,3.905,147014
2021-11-23,3.905,3.905,3.905,3.905,6070
2021-11-23,3.905,3.905,3.905,3.905,2632
2021-11-23,3.895,3.895,3.895,3.895,5350
2021-11-23,3.895,3.895,3.895,3.895,400
2021-11-23,3.895,3.895,3.895,3.895,500
2021-11-23,3.895,3.905,3.895,3.905,59219
2021-11-23,3.905,3.915,3.905,3.915,11274
2021-11-23,3.915,3.915,3.915,3.915,4040
2021-11-23,3.915,3.915,3.915,3.915,3840
2021-11-23,3.915,3.915,3.915,3.915,68514
2021-11-23,3.915,3.915,3.915,3.915,3387
2021-11-23,3.915,3.925,3.915,3.925,7959
2021-11-23,3.925,3.925,3.925,3.925,19460
2021-11-23,3.925,3.925,3.925,3.925,5900
2021-11-23,3.925,3.925,3.925,3.925,4920
2021-11-23,3.935,3.935,3.935,3.935,27240
2021-11-23,3.935,3.94,3.935,3.935,8470
2021-11-23,3.945,3.945,3.945,3.945,4613
2021-11-23,3.94,3.94,3.94,3.94,10652
2021-11-23,3.93,3.93,3.93,3.93,259
2021-11-23,3.925,3.925,3.925,3.925,33500
2021-11-23,3.925,3.925,3.925,3.925,500
2021-11-23,3.925,3.925,3.925,3.925,2666
2021-11-23,3.925,3.925,3.925,3.925,1200
2021-11-23,3.925,3.925,3.925,3.925,20490
2021-11-23,3.925,3.925,3.925,3.925,22020
2021-11-23,3.925,3.925,3.925,3.925,100
2021-11-23,3.925,3.925,3.925,3.925,200
2021-11-23,3.925,3.925,3.925,3.925,6100
2021-11-23,3.925,3.925,3.925,3.925,1970
2021-11-23,3.92,3.92,3.92,3.92,200
2021-11-23,3.915,3.915,3.915,3.915,7540
2021-11-23,3.915,3.915,3.915,3.915,6720
2021-11-23,3.925,3.925,3.925,3.925,4251
2021-11-23,3.925,3.925,3.925,3.925,8140
2021-11-23,3.935,3.935,3.935,3.935,4390
2021-11-23,3.935,3.935,3.935,3.935,700
2021-11-23,3.935,3.935,3.935,3.935,2175
2021-11-23,3.935,3.935,3.935,3.935,300
2021-11-23,3.925,3.925,3.925,3.925,3100
2021-11-23,3.925,3.93,3.925,3.925,12630
2021-11-23,3.925,3.925,3.925,3.925,54925
2021-11-23,3.925,3.925,3.925,3.925,7550
2021-11-23,3.925,3.925,3.925,3.925,1200
2021-11-23,3.925,3.93,3.925,3.93,38058
2021-11-23,3.93,3.93,3.925,3.925,4100
2021-11-23,3.92,3.92,3.92,3.92,200
2021-11-23,3.92,3.92,3.92,3.92,200
2021-11-23,3.92,3.92,3.92,3.92,100
2021-11-23,3.915,3.92,3.915,3.915,36155
2021-11-23,3.915,3.915,3.915,3.915,7250
2021-11-23,3.915,3.915,3.915,3.915,19960
2021-11-23,3.915,3.915,3.915,3.915,5400
2021-11-23,3.915,3.915,3.915,3.915,500
2021-11-23,3.915,3.915,3.915,3.915,200
2021-11-23,3.915,3.915,3.915,3.915,200
2021-11-23,3.915,3.915,3.915,3.915,54171
2021-11-23,3.915,3.915,3.915,3.915,600
2021-11-23,3.915,3.915,3.915,3.915,16525
2021-11-23,3.915,3.915,3.915,3.915,300
2021-11-23,3.915,3.915,3.915,3.915,12900
2021-11-23,3.915,3.915,3.915,3.915,46944
2021-11-23,3.915,3.915,3.915,3.915,18200
2021-11-23,3.91,3.91,3.91,3.91,6400
2021-11-23,3.9,3.9,3.895,3.895,2200
2021-11-23,3.9,3.905,3.895,3.895,30790
2021-11-23,3.895,3.895,3.895,3.895,3290
2021-11-23,3.895,3.895,3.895,3.895,2770
2021-11-23,3.895,3.895,3.895,3.895,3350
2021-11-23,3.895,3.91,3.895,3.905,13970
2021-11-23,3.915,3.92,3.915,3.915,46990
2021-11-23,3.92,3.92,3.91,3.91,52930
2021-11-23,3.915,3.915,3.915,3.915,14400
2021-11-23,3.915,3.915,3.915,3.915,26900
2021-11-23,3.915,3.915,3.915,3.915,11700
2021-11-23,3.915,3.915,3.915,3.915,23700
2021-11-23,3.915,3.915,3.915,3.915,42220
2021-11-23,3.915,3.915,3.915,3.915,18432
2021-11-23,3.92,3.925,3.92,3.925,3300
2021-11-23,3.925,3.93,3.925,3.93,25100
2021-11-23,3.93,3.93,3.93,3.93,5400
2021-11-23,3.93,3.93,3.925,3.925,49447
2021-11-23,3.925,3.925,3.925,3.925,40700
2021-11-23,3.925,3.93,3.925,3.93,110415
2021-11-23,3.935,3.955,3.935,3.955,9830
2021-11-23,3.95,3.955,3.945,3.945,6550
2021-11-23,3.945,3.945,3.935,3.94,23800
2021-11-23,3.95,3.95,3.945,3.945,4100
2021-11-23,3.95,3.955,3.945,3.955,2550
2021-11-23,3.955,3.955,3.955,3.955,1500
2021-11-23,3.955,3.96,3.955,3.96,3100
2021-11-23,3.955,3.965,3.955,3.965,54900
2021-11-23,3.965,3.965,3.955,3.955,900
2021-11-23,3.955,3.96,3.945,3.945,40650
2021-11-23,3.945,3.945,3.94,3.945,1508
2021-11-23,3.945,3.945,3.945,3.945,1500
2021-11-23,3.945,3.945,3.94,3.94,12200
2021-11-23,3.945,3.945,3.945,3.945,2100
2021-11-23,3.945,3.945,3.945,3.945,2000
2021-11-23,3.94,3.94,3.94,3.94,100
2021-11-23,3.945,3.945,3.945,3.945,700
2021-11-23,3.945,3.945,3.94,3.945,2800
2021-11-23,3.945,3.945,3.945,3.945,30324
2021-11-23,3.945,3.945,3.945,3.945,4700
2021-11-23,3.945,3.945,3.945,3.945,16950
2021-11-23,3.945,3.945,3.945,3.945,25510
2021-11-23,3.945,3.945,3.94,3.945,33200
2021-11-23,3.945,3.945,3.945,3.945,6600
2021-11-23,3.945,3.945,3.945,3.945,7100
2021-11-23,3.945,3.95,3.94,3.945,174.0
