Date,Open,High,Low,Close,Volume
2021-11-19,33.37,33.37,33.355,33.365,402
2021-11-19,33.355,33.37,33.355,33.37,221
2021-11-19,33.33,33.33,33.33,33.33,300
2021-11-19,33.32,33.32,33.32,33.32,106
2021-11-19,33.24,33.24,33.24,33.24,204
2021-11-19,33.25,33.25,33.25,33.25,100
2021-11-19,33.23,33.23,33.23,33.23,183
2021-11-19,33.29,33.29,33.29,33.29,100
2021-11-19,33.295,33.295,33.295,33.295,112
2021-11-19,33.28,33.28,33.28,33.28,100
2021-11-19,33.27,33.27,33.26,33.26,300
2021-11-19,33.25,33.25,33.25,33.25,134
2021-11-19,33.27,33.27,33.27,33.27,101
2021-11-19,33.245,33.245,33.245,33.245,100
2021-11-19,33.21,33.23,33.21,33.23,200
2021-11-19,33.225,33.225,33.225,33.225,100
2021-11-19,33.215,33.215,33.215,33.215,100
2021-11-19,33.24,33.24,33.24,33.24,100
2021-11-19,33.24,33.24,33.24,33.24,119
2021-11-19,33.24,33.24,33.24,33.24,100
2021-11-19,33.26,33.28,33.26,33.28,590
2021-11-19,33.27,33.27,33.27,33.27,100
2021-11-19,33.2,33.21,33.2,33.21,275
2021-11-19,33.2,33.2,33.18,33.18,452
2021-11-19,33.185,33.185,33.18,33.18,303
2021-11-19,33.16,33.16,33.16,33.16,207
2021-11-19,33.14,33.14,33.14,33.14,255
2021-11-19,33.09,33.1,33.09,33.1,252
2021-11-19,33.11,33.11,33.11,33.11,100
2021-11-19,33.14,33.14,33.13,33.13,200
2021-11-19,33.15,33.15,33.15,33.15,100
2021-11-19,33.16,33.16,33.16,33.16,100
2021-11-19,33.09,33.09,33.09,33.09,200
2021-11-19,33.08,33.08,33.08,33.08,100
2021-11-19,33.035,33.035,32.98,32.98,400
2021-11-19,32.99,32.99,32.97,32.97,200
2021-11-19,32.985,32.985,32.985,32.985,200
2021-11-19,32.99,32.99,32.99,32.99,100
2021-11-19,33.01,33.01,32.98,32.98,400
2021-11-19,33,33.04,33,33.04,300
2021-11-19,33.04,33.06,33.04,33.06,200
2021-11-19,33.04,33.04,33.02,33.02,200
2021-11-19,33.03,33.1,33.03,33.07,399
2021-11-19,33.1,33.1,33.1,33.1,409
2021-11-19,33.015,33.015,33,33,659
2021-11-19,33.09,33.09,33.09,33.09,617
2021-11-19,33.08,33.08,33.08,33.08,310
2021-11-19,33.06,33.06,33.06,33.06,100
2021-11-19,33.04,33.07,33.04,33.07,243
2021-11-19,33.04,33.04,33.04,33.04,364
2021-11-19,33.02,33.02,33.02,33.02,130
2021-11-19,33.01,33.07,33.01,33.07,212
2021-11-19,33.11,33.11,33.11,33.11,420
2021-11-19,33.12,33.12,33.12,33.12,206
2021-11-19,33.14,33.14,33.14,33.14,100
2021-11-19,33.14,33.14,33.115,33.115,205
2021-11-19,33.065,33.065,33.065,33.065,100
2021-11-19,33.03,33.03,33.03,33.03,101
2021-11-19,33.06,33.06,33.06,33.06,173
2021-11-19,33.04,33.05,33.04,33.05,400
2021-11-19,33.05,33.05,33.05,33.05,100
2021-11-19,33.05,33.05,33.05,33.05,100
2021-11-19,33.06,33.06,33.06,33.06,200
2021-11-19,33.06,33.06,33.06,33.06,200
2021-11-19,33.08,33.08,33.08,33.08,200
2021-11-19,33.12,33.12,33.12,33.12,100
2021-11-19,33.11,33.11,33.11,33.11,100
2021-11-19,33.1,33.11,33.1,33.1,387
2021-11-19,33.1,33.105,33.1,33.105,486
2021-11-19,33.09,33.09,33.08,33.08,450
2021-11-19,33.085,33.105,33.085,33.105,201
2021-11-19,33.12,33.12,33.12,33.12,300
2021-11-19,33.125,33.13,33.095,33.095,303
2021-11-19,33.1,33.1,33.1,33.1,100
2021-11-19,33.08,33.08,33.08,33.08,100
2021-11-19,33.07,33.07,33.07,33.07,250
2021-11-19,33.03,33.03,33.03,33.03,130
2021-11-19,33.03,33.03,33.03,33.03,299
2021-11-19,33.03,33.03,33.03,33.03,250
2021-11-19,32.99,32.99,32.99,32.99,191
2021-11-19,32.99,32.99,32.975,32.975,400
2021-11-19,32.96,32.96,32.95,32.95,200
2021-11-19,32.96,32.96,32.96,32.96,300
2021-11-19,32.965,32.965,32.94,32.94,486
2021-11-19,32.94,32.97,32.935,32.97,407
2021-11-19,32.97,32.985,32.97,32.985,400
2021-11-19,33.02,33.02,33.02,33.02,100
2021-11-19,32.995,32.995,32.97,32.985,821
2021-11-19,32.97,32.97,32.97,32.97,116
2021-11-19,32.96,32.96,32.96,32.96,220
2021-11-19,32.955,32.955,32.94,32.955,400
2021-11-19,32.945,32.945,32.945,32.945,800
2021-11-19,32.97,32.98,32.955,32.955,400
2021-11-19,32.955,32.955,32.955,32.955,109
2021-11-19,32.935,32.95,32.935,32.945,400
2021-11-19,32.95,32.95,32.95,32.95,176
2021-11-19,32.97,32.975,32.97,32.97,400
2021-11-19,32.97,32.97,32.955,32.96,400
2021-11-19,32.96,32.96,32.945,32.945,655
2021-11-19,32.945,32.99,32.945,32.99,356
2021-11-19,32.98,32.98,32.965,32.965,302
2021-11-19,32.94,32.94,32.94,32.94,517
2021-11-19,32.935,32.935,32.92,32.92,526
2021-11-19,32.905,32.905,32.9,32.9,349
2021-11-19,32.9,32.9,32.9,32.9,178
2021-11-19,32.905,32.905,32.905,32.905,110
2021-11-19,32.91,32.91,32.91,32.91,159
2021-11-19,32.915,32.915,32.88,32.88,605
2021-11-19,32.87,32.87,32.85,32.85,521
2021-11-19,32.855,32.865,32.825,32.825,525
2021-11-19,32.86,32.86,32.86,32.86,224
2021-11-19,32.865,32.905,32.865,32.9,600
2021-11-19,32.895,32.895,32.88,32.88,458
2021-11-19,32.89,32.89,32.89,32.89,101
2021-11-19,32.82,32.85,32.82,32.85,200
2021-11-19,32.795,32.795,32.795,32.795,489
2021-11-19,32.69,32.69,32.69,32.69,106
2021-11-19,32.675,32.675,32.675,32.675,1838
2021-11-19,32.675,32.675,32.675,32.675,703
2021-11-19,32.695,32.695,32.69,32.69,210
2021-11-19,32.735,32.75,32.735,32.75,433
2021-11-19,32.735,32.745,32.735,32.74,901
2021-11-19,32.7,32.7,32.7,32.7,100
2021-11-19,32.7,32.705,32.7,32.7,1612
2021-11-19,32.72,32.72,32.72,32.72,107
2021-11-19,32.73,32.74,32.73,32.74,300
2021-11-19,32.73,32.73,32.73,32.73,407
2021-11-19,32.71,32.715,32.695,32.695,2021
2021-11-19,32.71,32.715,32.71,32.715,265
2021-11-19,32.755,32.755,32.745,32.745,5903
2021-11-19,32.735,32.735,32.705,32.705,1604
2021-11-19,32.695,32.695,32.675,32.675,215
2021-11-19,32.64,32.645,32.62,32.625,1000
2021-11-19,32.595,32.64,32.595,32.64,639
2021-11-19,32.66,32.765,32.66,32.73,6218
2021-11-19,32.745,32.765,32.745,32.745,1219
2021-11-19,32.735,32.77,32.735,32.77,1442
2021-11-19,32.755,32.76,32.755,32.76,947
2021-11-19,32.735,32.755,32.715,32.715,1295
2021-11-19,32.715,32.73,32.695,32.7,1436
2021-11-19,32.695,32.695,32.695,32.695,518
2021-11-19,32.685,32.695,32.65,32.65,926
2021-11-19,32.67,32.69,32.67,32.69,622
2021-11-19,32.69,32.69,32.69,32.69,514
2021-11-19,32.685,32.685,32.665,32.675,1760
2021-11-19,32.68,32.685,32.655,32.655,1635
2021-11-19,32.655,32.66,32.65,32.655,1628
2021-11-19,32.66,32.66,32.645,32.655,2184
2021-11-19,32.65,32.695,32.65,32.675,3477
2021-11-19,32.675,32.675,32.66,32.66,3016
2021-11-19,32.67,32.69,32.67,32.69,2233
2021-11-19,32.705,32.71,32.69,32.69,2978
2021-11-19,32.715,32.76,32.715,32.76,4410
2021-11-22,33.03,33.1,33.03,33.1,420
2021-11-22,33.135,33.19,33.11,33.19,375
2021-11-22,33.16,33.19,33.12,33.12,575
2021-11-22,33.05,33.05,33.05,33.05,100
2021-11-22,33.04,33.04,33.04,33.04,100
2021-11-22,32.91,32.91,32.91,32.91,117
2021-11-22,33.115,33.18,33.115,33.18,401
2021-11-22,33.15,33.15,33.11,33.11,235
2021-11-22,33.17,33.17,33.17,33.17,342
2021-11-22,33.19,33.19,33.13,33.13,500
2021-11-22,33.14,33.17,33.1,33.11,1200
2021-11-22,33.02,33.02,32.95,32.95,1000
2021-11-22,32.94,32.95,32.94,32.95,200
2021-11-22,32.96,33.03,32.96,33.03,600
2021-11-22,33.18,33.2,33.18,33.18,1708
2021-11-22,33.2,33.2,33.19,33.2,800
2021-11-22,33.26,33.26,33.21,33.24,1190
2021-11-22,33.28,33.29,33.25,33.29,703
2021-11-22,33.35,33.35,33.35,33.35,300
2021-11-22,33.27,33.3,33.27,33.27,949
2021-11-22,33.27,33.27,33.18,33.18,810
2021-11-22,33.26,33.26,33.26,33.26,210
2021-11-22,33.25,33.27,33.25,33.27,1700
2021-11-22,33.285,33.285,33.19,33.19,502
2021-11-22,33.15,33.22,33.15,33.22,607
2021-11-22,33.28,33.28,33.28,33.28,247
2021-11-22,33.23,33.25,33.2,33.2,500
2021-11-22,33.13,33.13,33.13,33.13,300
2021-11-22,33.25,33.28,33.25,33.28,332
2021-11-22,33.33,33.33,33.33,33.33,123
2021-11-22,33.31,33.32,33.29,33.315,1165
2021-11-22,33.35,33.37,33.35,33.37,490
2021-11-22,33.39,33.4,33.36,33.4,844
2021-11-22,33.41,33.44,33.39,33.44,900
2021-11-22,33.43,33.44,33.43,33.44,300
2021-11-22,33.5,33.5,33.485,33.485,710
2021-11-22,33.44,33.44,33.44,33.44,110
2021-11-22,33.44,33.45,33.41,33.45,1246
2021-11-22,33.39,33.395,33.37,33.37,722
2021-11-22,33.39,33.45,33.39,33.45,621
2021-11-22,33.29,33.3,33.24,33.25,500
2021-11-22,33.25,33.25,33.25,33.25,300
2021-11-22,33.17,33.21,33.17,33.21,500
2021-11-22,33.2,33.2,33.18,33.2,520
2021-11-22,33.22,33.25,33.22,33.25,600
2021-11-22,33.22,33.22,33.22,33.22,100
2021-11-22,33.18,33.18,33.14,33.14,600
2021-11-22,33.2,33.24,33.2,33.22,899
2021-11-22,33.25,33.25,33.22,33.22,500
2021-11-22,33.23,33.23,33.19,33.19,537
2021-11-22,33.22,33.22,33.12,33.12,1644
2021-11-22,33.09,33.13,33.09,33.11,896
2021-11-22,33.1,33.1,33.09,33.09,399
2021-11-22,33.09,33.12,33.09,33.12,800
2021-11-22,33.13,33.2,33.13,33.2,600
2021-11-22,33.18,33.19,33.17,33.17,579
2021-11-22,33.19,33.19,33.19,33.19,221
2021-11-22,33.21,33.21,33.21,33.21,112
2021-11-22,33.29,33.295,33.27,33.27,707
2021-11-22,33.3,33.3,33.3,33.3,200
2021-11-22,33.3,33.3,33.27,33.27,500
2021-11-22,33.23,33.23,33.21,33.21,610
2021-11-22,33.18,33.185,33.18,33.185,411
2021-11-22,33.17,33.17,33.17,33.17,216
2021-11-22,33.21,33.23,33.21,33.23,348
2021-11-22,33.23,33.23,33.2,33.2,400
2021-11-22,33.19,33.19,33.19,33.19,220
2021-11-22,33.17,33.17,33.08,33.08,573
2021-11-22,33.06,33.06,33.06,33.06,219
2021-11-22,33.07,33.07,33.07,33.07,600
2021-11-22,33.08,33.08,33.01,33.03,715
2021-11-22,33.01,33.04,32.995,32.995,975
2021-11-22,33.05,33.08,33.05,33.05,1033
2021-11-22,33.04,33.04,33.04,33.04,100
2021-11-22,33.03,33.03,33.01,33.02,1200
2021-11-22,33.01,33.01,32.97,33,1363
2021-11-22,32.98,32.98,32.965,32.965,402
2021-11-22,32.95,32.95,32.93,32.93,700
2021-11-22,32.92,32.93,32.92,32.93,648
2021-11-22,32.94,32.94,32.93,32.93,300
2021-11-22,32.94,32.94,32.9,32.92,902
2021-11-22,32.9,32.9,32.89,32.89,300
2021-11-22,32.93,32.97,32.93,32.97,718
2021-11-22,32.92,32.92,32.92,32.92,400
2021-11-22,32.93,32.93,32.9,32.9,437
2021-11-22,32.92,32.92,32.86,32.86,600
2021-11-22,32.84,32.84,32.84,32.84,100
2021-11-22,32.855,32.855,32.855,32.855,130
2021-11-22,32.83,32.83,32.8,32.8,877
2021-11-22,32.81,32.825,32.81,32.82,510
2021-11-22,32.8,32.82,32.79,32.8,1390
2021-11-22,32.78,32.78,32.78,32.78,415
2021-11-22,32.77,32.77,32.77,32.77,206
2021-11-22,32.81,32.81,32.81,32.81,423
2021-11-22,32.81,32.81,32.79,32.79,456
2021-11-22,32.825,32.825,32.82,32.82,200
2021-11-22,32.87,32.87,32.87,32.87,100
2021-11-22,32.83,32.84,32.83,32.83,400
2021-11-22,32.84,32.84,32.795,32.795,500
2021-11-22,32.78,32.78,32.77,32.77,443
2021-11-22,32.75,32.75,32.71,32.72,750
2021-11-22,32.72,32.75,32.72,32.74,1530
2021-11-22,32.75,32.76,32.73,32.76,1604
2021-11-22,32.76,32.77,32.76,32.77,667
2021-11-22,32.79,32.81,32.79,32.81,606
2021-11-22,32.8,32.82,32.79,32.82,896
2021-11-22,32.81,32.82,32.81,32.82,504
2021-11-22,32.81,32.815,32.81,32.81,307
2021-11-22,32.83,32.83,32.82,32.82,300
2021-11-22,32.81,32.81,32.81,32.81,400
2021-11-22,32.81,32.81,32.79,32.79,615
2021-11-22,32.645,32.67,32.64,32.67,1981
2021-11-22,32.67,32.67,32.67,32.67,102
2021-11-22,32.61,32.61,32.585,32.585,408
2021-11-22,32.58,32.6,32.575,32.595,1006
2021-11-22,32.59,32.59,32.55,32.555,954
2021-11-22,32.555,32.555,32.53,32.53,1594
2021-11-22,32.52,32.52,32.52,32.52,118
2021-11-22,32.52,32.55,32.52,32.53,1178
2021-11-22,32.53,32.53,32.47,32.47,1146
2021-11-22,32.45,32.455,32.41,32.41,426
2021-11-22,32.38,32.42,32.375,32.42,900
2021-11-22,32.37,32.38,32.35,32.35,521
2021-11-22,32.38,32.38,32.37,32.37,324
2021-11-22,32.33,32.33,32.33,32.33,337
2021-11-22,32.215,32.215,32.215,32.215,136
2021-11-22,32.2,32.2,32.14,32.14,500
2021-11-22,32.17,32.195,32.16,32.19,750
2021-11-22,32.185,32.185,32.12,32.12,217
2021-11-22,32.12,32.12,32.09,32.1,410
2021-11-22,32.11,32.11,32.09,32.09,204
2021-11-22,32.09,32.11,32.09,32.11,743
2021-11-22,32.12,32.12,32.08,32.08,553
2021-11-22,32.07,32.07,32.05,32.05,714
2021-11-22,32.03,32.03,32.03,32.03,100
2021-11-22,32.02,32.02,31.94,31.94,1269
2021-11-22,31.96,31.96,31.885,31.91,866
2021-11-22,31.92,31.93,31.91,31.93,634
2021-11-22,31.94,31.94,31.88,31.88,309
2021-11-22,31.86,31.86,31.83,31.83,500
2021-11-22,31.845,31.845,31.8,31.8,600
2021-11-22,31.88,31.88,31.88,31.88,300
2021-11-22,31.95,31.95,31.95,31.95,358
2021-11-22,32.005,32.005,32.005,32.005,100
2021-11-22,31.97,31.97,31.97,31.97,131
2021-11-22,31.95,31.965,31.94,31.965,400
2021-11-22,32.03,32.06,32.03,32.06,600
2021-11-22,32.07,32.08,32.07,32.08,300
2021-11-22,32.06,32.06,32.06,32.06,300
2021-11-22,32.05,32.05,32.05,32.05,107
2021-11-22,31.99,31.99,31.91,31.91,300
2021-11-22,32.05,32.05,32.03,32.03,303
2021-11-22,31.99,32,31.99,32,300
2021-11-22,31.98,31.98,31.95,31.95,717
2021-11-22,31.96,31.96,31.95,31.96,392
2021-11-22,32.02,32.02,32.02,32.02,300
2021-11-22,31.9,31.9,31.89,31.89,600
2021-11-22,31.9,31.9,31.9,31.9,600
2021-11-22,31.92,31.94,31.92,31.94,665
2021-11-22,31.9,31.9,31.9,31.9,100
2021-11-22,31.89,31.89,31.89,31.89,256
2021-11-22,31.87,31.87,31.86,31.86,300
2021-11-22,31.905,31.905,31.905,31.905,100
2021-11-22,31.9,31.9,31.9,31.9,196
2021-11-22,31.94,31.945,31.94,31.945,300
2021-11-22,31.94,31.94,31.94,31.94,200
2021-11-22,31.93,31.93,31.93,31.93,211
2021-11-22,31.93,31.94,31.93,31.94,400
2021-11-22,32.06,32.06,32.05,32.05,400
2021-11-22,32.02,32.02,32.02,32.02,374
2021-11-22,32.07,32.07,32.07,32.07,413
2021-11-22,32.08,32.08,32.07,32.07,300
2021-11-22,32.11,32.13,32.11,32.125,700
2021-11-22,32.16,32.18,32.16,32.18,400
2021-11-22,32.18,32.18,32.17,32.17,600
2021-11-22,32.16,32.16,32.15,32.15,565
2021-11-22,32.16,32.17,32.16,32.17,200
2021-11-22,32.17,32.17,32.14,32.14,616
2021-11-22,32.08,32.08,32.08,32.08,600
2021-11-22,32.09,32.09,32.05,32.05,711
2021-11-22,32.06,32.06,32.06,32.06,116
2021-11-22,32.04,32.04,32.03,32.03,310
2021-11-22,32.03,32.03,32.02,32.02,414
2021-11-22,32,32,32,32,200
2021-11-22,32,32,31.985,31.985,600
2021-11-22,32.03,32.04,32.03,32.04,400
2021-11-22,32.04,32.06,32.04,32.06,200
2021-11-22,32.065,32.065,32.02,32.02,500
2021-11-22,32.01,32.01,32,32,500
2021-11-22,32.02,32.02,32.02,32.02,305
2021-11-22,32.05,32.05,32.05,32.05,500
2021-11-22,32.06,32.06,32.06,32.06,300
2021-11-22,32.13,32.13,32.13,32.13,100
2021-11-22,32.125,32.13,32.12,32.12,949
2021-11-22,32.13,32.14,32.13,32.14,304
2021-11-22,32.14,32.14,32.14,32.14,317
2021-11-22,32.075,32.075,32.075,32.075,240
2021-11-22,32.05,32.05,32.05,32.05,100
2021-11-22,32.05,32.07,32.04,32.05,716
2021-11-22,32.09,32.09,32.04,32.04,1301
2021-11-22,32.02,32.02,32.02,32.02,240
2021-11-22,32.18,32.18,32.18,32.18,400
2021-11-22,32.23,32.23,32.22,32.22,200
2021-11-22,32.22,32.23,32.22,32.22,800
2021-11-22,32.2,32.2,32.2,32.2,100
2021-11-22,32.2,32.205,32.2,32.205,215
2021-11-22,32.21,32.21,32.21,32.21,100
2021-11-22,32.215,32.215,32.215,32.215,100
2021-11-22,32.22,32.22,32.205,32.205,400
2021-11-22,32.195,32.205,32.195,32.205,200
2021-11-22,32.185,32.2,32.185,32.2,300
2021-11-22,32.23,32.25,32.23,32.25,1249
2021-11-22,32.25,32.25,32.24,32.24,580
2021-11-22,32.235,32.235,32.235,32.235,202
2021-11-22,32.175,32.175,32.175,32.175,200
2021-11-22,32.15,32.15,32.15,32.15,200
2021-11-22,32.17,32.17,32.17,32.17,191
2021-11-22,32.18,32.18,32.18,32.18,100
2021-11-22,32.16,32.16,32.16,32.16,441
2021-11-22,32.155,32.155,32.15,32.15,300
2021-11-22,32.17,32.17,32.17,32.17,214
2021-11-22,32.14,32.14,32.11,32.13,1033
2021-11-22,32.165,32.165,32.165,32.165,100
2021-11-22,32.16,32.16,32.16,32.16,400
2021-11-22,32.15,32.16,32.15,32.16,300
2021-11-22,32.17,32.17,32.17,32.17,124
2021-11-22,32.21,32.21,32.21,32.21,545
2021-11-22,32.21,32.21,32.21,32.21,107
2021-11-22,32.205,32.205,32.205,32.205,117
2021-11-22,32.24,32.24,32.22,32.22,1028
2021-11-22,32.22,32.22,32.22,32.22,135
2021-11-22,32.26,32.26,32.26,32.26,339
2021-11-22,32.26,32.26,32.26,32.26,200
2021-11-22,32.26,32.26,32.26,32.26,100
2021-11-22,32.26,32.27,32.26,32.27,414
2021-11-22,32.24,32.24,32.24,32.24,100
2021-11-22,32.255,32.255,32.255,32.255,100
2021-11-22,32.275,32.31,32.275,32.31,305
2021-11-22,32.34,32.34,32.33,32.33,209
2021-11-22,32.35,32.36,32.325,32.325,590
2021-11-22,32.33,32.34,32.33,32.34,400
2021-11-22,32.37,32.37,32.37,32.37,227
2021-11-22,32.35,32.38,32.35,32.38,380
2021-11-22,32.35,32.38,32.35,32.38,716
2021-11-22,32.4,32.4,32.4,32.4,100
2021-11-22,32.4,32.4,32.4,32.4,100
2021-11-22,32.39,32.395,32.385,32.395,669
2021-11-22,32.39,32.395,32.39,32.39,800
2021-11-22,32.395,32.395,32.395,32.395,101
2021-11-22,32.365,32.365,32.36,32.36,501
2021-11-22,32.315,32.315,32.3,32.3,1000
2021-11-22,32.3,32.3,32.295,32.295,316
2021-11-22,32.275,32.275,32.255,32.255,502
2021-11-22,32.225,32.26,32.225,32.26,419
2021-11-22,32.245,32.245,32.245,32.245,334
2021-11-22,32.19,32.19,32.175,32.175,1000
2021-11-22,32.16,32.16,32.15,32.15,922
2021-11-22,32.15,32.15,32.15,32.15,104
2021-11-22,32.13,32.165,32.13,32.165,309
2021-11-22,32.25,32.25,32.22,32.22,333
2021-11-22,32.14,32.14,32.14,32.14,100
2021-11-22,32.16,32.16,32.15,32.16,503
2021-11-22,32.16,32.16,32.14,32.14,200
2021-11-22,32.15,32.15,32.145,32.145,300
2021-11-22,32.14,32.14,32.14,32.14,133
2021-11-22,32.13,32.14,32.13,32.14,202
2021-11-22,32.095,32.095,32.06,32.06,911
2021-11-22,32.1,32.1,32.09,32.09,703
2021-11-22,32.11,32.11,32.11,32.11,200
2021-11-22,32.115,32.12,32.115,32.12,200
2021-11-22,32.115,32.115,32.095,32.1,500
2021-11-22,32.12,32.12,32.08,32.08,1502
2021-11-22,32.09,32.135,32.08,32.105,2868
2021-11-22,32.1,32.1,32.08,32.095,1015
2021-11-22,32.09,32.12,32.09,32.12,581
2021-11-22,32.12,32.12,32.11,32.11,1571
2021-11-22,32.11,32.11,32.1,32.1,600
2021-11-22,32.11,32.11,32.105,32.105,341
2021-11-22,32.11,32.11,32.1,32.1,500
2021-11-22,32.095,32.11,32.095,32.11,415
2021-11-22,32.1,32.11,32.1,32.11,500
2021-11-22,32.105,32.11,32.085,32.085,1066
2021-11-22,32.08,32.105,32.08,32.105,320
2021-11-22,32.12,32.13,32.12,32.13,233
2021-11-22,32.145,32.145,32.145,32.145,100
2021-11-22,32.145,32.145,32.14,32.14,200
2021-11-22,32.12,32.12,32.12,32.12,295
2021-11-22,32.1,32.1,32.07,32.08,1022
2021-11-22,32.11,32.11,32.1,32.1,417
2021-11-22,32.13,32.13,32.105,32.105,712
2021-11-22,32.1,32.11,32.1,32.11,660
2021-11-22,32.11,32.11,32.085,32.085,502
2021-11-22,32.1,32.1,32.07,32.07,800
2021-11-22,32.1,32.1,32.1,32.1,205
2021-11-22,32.09,32.105,32.09,32.09,1000
2021-11-22,32.085,32.085,32.045,32.045,1289
2021-11-22,32.045,32.05,32.02,32.025,1568
2021-11-22,32.03,32.03,32,32,702
2021-11-22,32,32,31.98,31.98,708
2021-11-22,31.945,31.945,31.93,31.93,1561
2021-11-22,31.98,31.98,31.98,31.98,100
2021-11-22,31.99,32.1,31.99,32.1,303
2021-11-22,32.1,32.1,32.065,32.065,500
2021-11-22,32.07,32.07,32.07,32.07,141
2021-11-22,32.09,32.09,32.09,32.09,100
2021-11-22,32.105,32.105,32.08,32.09,1043
2021-11-22,32.105,32.14,32.105,32.14,436
2021-11-22,32.16,32.16,32.16,32.16,136
2021-11-22,32.135,32.145,32.135,32.14,307
2021-11-22,32.185,32.19,32.18,32.18,481
2021-11-22,32.19,32.19,32.19,32.19,148
2021-11-22,32.19,32.235,32.19,32.23,300
2021-11-22,32.24,32.24,32.235,32.235,405
2021-11-22,32.26,32.285,32.25,32.285,861
2021-11-22,32.3,32.43,32.3,32.415,1203
2021-11-22,32.41,32.44,32.4,32.44,902
2021-11-22,32.47,32.47,32.46,32.47,500
2021-11-22,32.445,32.445,32.42,32.42,500
2021-11-22,32.405,32.405,32.39,32.39,900
2021-11-22,32.42,32.42,32.42,32.42,233
2021-11-22,32.415,32.415,32.415,32.415,301
2021-11-22,32.43,32.46,32.43,32.45,522
2021-11-22,32.44,32.45,32.44,32.45,700
2021-11-22,32.45,32.45,32.44,32.44,394
2021-11-22,32.42,32.42,32.4,32.4,300
2021-11-22,32.45,32.45,32.45,32.45,407
2021-11-22,32.46,32.48,32.46,32.465,500
2021-11-22,32.48,32.48,32.44,32.45,1518
2021-11-22,32.43,32.43,32.42,32.43,600
2021-11-22,32.45,32.45,32.38,32.39,2134
2021-11-22,32.37,32.39,32.36,32.375,1887
2021-11-22,32.375,32.41,32.375,32.41,1259
2021-11-22,32.41,32.41,32.375,32.375,1701
2021-11-22,32.38,32.38,32.315,32.315,1749
2021-11-22,32.31,32.33,32.31,32.33,866
2021-11-22,32.32,32.34,32.315,32.32,2810
2021-11-22,32.32,32.35,32.32,32.35,2493
2021-11-22,32.345,32.35,32.34,32.35,1821
2021-11-22,32.365,32.365,32.315,32.33,4508
2021-11-22,32.74,32.74,32.74,32.74,100
2021-11-23,31.8,31.8,31.8,31.8,133
2021-11-23,31.99,31.99,31.79,31.93,778
2021-11-23,31.79,31.79,31.73,31.73,549
2021-11-23,31.54,31.54,31.54,31.54,173
2021-11-23,31.44,31.44,31.44,31.44,200
2021-11-23,31.47,31.47,31.47,31.47,100
2021-11-23,31.47,31.47,31.47,31.47,100
2021-11-23,31.41,31.59,31.41,31.57,730
2021-11-23,31.57,31.57,31.4,31.4,500
2021-11-23,31.35,31.41,31.35,31.41,300
2021-11-23,31.54,31.54,31.505,31.505,328
2021-11-23,31.475,31.55,31.44,31.55,800
2021-11-23,31.52,31.52,31.47,31.48,300
2021-11-23,31.42,31.45,31.42,31.45,300
2021-11-23,31.31,31.31,31.285,31.285,200
2021-11-23,31.29,31.37,31.29,31.36,3517
2021-11-23,31.35,31.36,31.35,31.36,350
2021-11-23,31.57,31.62,31.57,31.61,365
2021-11-23,31.6,31.62,31.6,31.62,299
2021-11-23,31.67,31.67,31.67,31.67,132
2021-11-23,31.57,31.57,31.57,31.57,154
2021-11-23,31.58,31.58,31.58,31.58,427
2021-11-23,31.49,31.57,31.49,31.57,400
2021-11-23,31.53,31.56,31.47,31.47,500
2021-11-23,31.49,31.49,31.49,31.49,174
2021-11-23,31.62,31.62,31.62,31.62,250
2021-11-23,31.65,31.65,31.65,31.65,100
2021-11-23,31.68,31.68,31.68,31.68,100
2021-11-23,31.665,31.74,31.665,31.74,200
2021-11-23,31.625,31.625,31.625,31.625,100
2021-11-23,31.53,31.53,31.53,31.53,125
2021-11-23,31.57,31.57,31.57,31.57,100
2021-11-23,31.53,31.55,31.495,31.495,300
2021-11-23,31.51,31.51,31.46,31.46,487
2021-11-23,31.48,31.53,31.48,31.53,200
2021-11-23,31.565,31.62,31.565,31.62,320
2021-11-23,31.55,31.55,31.53,31.53,200
2021-11-23,31.63,31.665,31.63,31.665,393
2021-11-23,31.705,31.705,31.705,31.705,100
2021-11-23,31.73,31.73,31.73,31.73,100
2021-11-23,31.66,31.66,31.61,31.61,700
2021-11-23,31.68,31.68,31.68,31.68,100
2021-11-23,31.65,31.65,31.65,31.65,300
2021-11-23,31.665,31.665,31.64,31.64,200
2021-11-23,31.645,31.645,31.645,31.645,100
2021-11-23,31.56,31.565,31.56,31.565,200
2021-11-23,31.55,31.64,31.55,31.64,500
2021-11-23,31.535,31.535,31.535,31.535,100
2021-11-23,31.52,31.59,31.52,31.575,457
2021-11-23,31.68,31.68,31.68,31.68,100
2021-11-23,31.645,31.655,31.645,31.655,1000
2021-11-23,31.73,31.73,31.7,31.7,304
2021-11-23,31.705,31.705,31.705,31.705,106
2021-11-23,31.74,31.74,31.72,31.72,441
2021-11-23,31.74,31.765,31.74,31.765,400
2021-11-23,31.74,31.745,31.68,31.68,833
2021-11-23,31.68,31.68,31.62,31.63,853
2021-11-23,31.61,31.64,31.61,31.64,407
2021-11-23,31.61,31.61,31.61,31.61,154
2021-11-23,31.56,31.625,31.56,31.625,325
2021-11-23,31.64,31.64,31.64,31.64,100
2021-11-23,31.64,31.645,31.64,31.645,432
2021-11-23,31.625,31.625,31.625,31.625,400
2021-11-23,31.64,31.64,31.64,31.64,113
2021-11-23,31.64,31.64,31.58,31.58,300
2021-11-23,31.59,31.59,31.59,31.59,100
2021-11-23,31.5,31.505,31.5,31.505,200
2021-11-23,31.515,31.54,31.475,31.475,400
2021-11-23,31.31,31.31,31.31,31.31,301
2021-11-23,31.25,31.25,31.24,31.24,300
2021-11-23,31.235,31.235,31.22,31.22,201
2021-11-23,31.2,31.2,31.195,31.195,350
2021-11-23,31.2,31.24,31.2,31.24,713
2021-11-23,31.22,31.27,31.22,31.27,200
2021-11-23,31.24,31.24,31.24,31.24,200
2021-11-23,31.24,31.24,31.18,31.18,300
2021-11-23,31.13,31.13,31.13,31.13,101
2021-11-23,31.125,31.125,30.97,30.97,400
2021-11-23,30.92,30.92,30.92,30.92,100
2021-11-23,30.91,30.91,30.9,30.9,500
2021-11-23,31.015,31.015,31.015,31.015,100
2021-11-23,31.02,31.02,31.02,31.02,247
2021-11-23,30.91,30.93,30.91,30.92,500
2021-11-23,30.9,30.9,30.9,30.9,340
2021-11-23,30.95,30.95,30.95,30.95,100
2021-11-23,30.945,30.945,30.945,30.945,100
2021-11-23,30.99,30.99,30.99,30.99,186
2021-11-23,31.05,31.18,31.05,31.13,900
2021-11-23,31.125,31.175,31.125,31.175,200
2021-11-23,31.145,31.175,31.145,31.175,200
2021-11-23,31.14,31.14,31.11,31.11,200
2021-11-23,30.995,30.995,30.995,30.995,100
2021-11-23,30.97,30.97,30.97,30.97,100
2021-11-23,30.91,30.93,30.91,30.93,205
2021-11-23,30.91,30.91,30.88,30.88,202
2021-11-23,30.87,30.89,30.86,30.89,310
2021-11-23,30.86,30.915,30.86,30.915,1800
2021-11-23,30.915,30.915,30.915,30.915,524
2021-11-23,30.93,30.93,30.93,30.93,100
2021-11-23,30.91,30.91,30.91,30.91,400
2021-11-23,30.97,30.97,30.97,30.97,100
2021-11-23,30.95,30.985,30.95,30.985,300
2021-11-23,30.98,30.98,30.98,30.98,119
2021-11-23,30.945,30.945,30.895,30.895,600
2021-11-23,30.87,30.87,30.87,30.87,325
2021-11-23,30.96,30.97,30.96,30.97,200
2021-11-23,31.015,31.015,31.015,31.015,100
2021-11-23,31.035,31.035,31.035,31.035,144
2021-11-23,31.1,31.1,31.1,31.1,100
2021-11-23,31.03,31.03,31.03,31.03,100
2021-11-23,30.84,30.84,30.81,30.81,570
2021-11-23,30.87,30.87,30.86,30.86,282
2021-11-23,30.875,30.875,30.875,30.875,100
2021-11-23,30.87,30.87,30.87,30.87,100
2021-11-23,30.92,30.92,30.92,30.92,100
2021-11-23,30.99,30.99,30.98,30.98,300
2021-11-23,30.97,30.97,30.97,30.97,100
2021-11-23,30.965,30.965,30.965,30.965,100
2021-11-23,31.01,31.01,31.01,31.01,200
2021-11-23,30.995,31.035,30.995,31.035,200
2021-11-23,31.01,31.02,31.01,31.02,430
2021-11-23,30.97,30.97,30.97,30.97,275
2021-11-23,30.915,30.915,30.915,30.915,100
2021-11-23,30.91,30.91,30.89,30.89,232
2021-11-23,30.855,30.855,30.855,30.855,118
2021-11-23,30.84,30.84,30.825,30.825,300
2021-11-23,30.89,30.89,30.89,30.89,100
2021-11-23,30.915,30.915,30.9,30.9,601
2021-11-23,30.905,30.905,30.905,30.905,100
2021-11-23,30.92,30.92,30.82,30.82,867
2021-11-23,30.845,30.88,30.845,30.88,200
2021-11-23,30.87,30.87,30.87,30.87,100
2021-11-23,30.84,30.84,30.84,30.84,100
2021-11-23,30.885,30.885,30.86,30.86,612
2021-11-23,30.93,30.93,30.93,30.93,400
2021-11-23,30.94,30.94,30.94,30.94,304
2021-11-23,30.975,30.975,30.97,30.97,300
2021-11-23,30.98,30.98,30.98,30.98,119
2021-11-23,31.02,31.03,31.02,31.03,400
2021-11-23,31.01,31.01,31.01,31.01,524
2021-11-23,30.97,30.97,30.97,30.97,200
2021-11-23,30.98,30.98,30.98,30.98,404
2021-11-23,31,31.005,31,31.005,1796
2021-11-23,31.03,31.05,30.95,30.98,2000
2021-11-23,31.09,31.12,31.09,31.11,300
2021-11-23,31.14,31.14,31.14,31.14,120
2021-11-23,31.13,31.13,31.13,31.13,212
2021-11-23,31.15,31.15,31.15,31.15,222
2021-11-23,31.2,31.2,31.2,31.2,106
2021-11-23,31.16,31.16,31.16,31.16,200
2021-11-23,31.18,31.18,31.18,31.18,100
2021-11-23,31.14,31.14,31.14,31.14,391
2021-11-23,31.16,31.16,31.15,31.15,309
2021-11-23,31.19,31.19,31.11,31.11,800
2021-11-23,31.14,31.14,31.12,31.12,1137
2021-11-23,31.13,31.13,31.13,31.13,199
2021-11-23,31.125,31.125,31.125,31.125,100
2021-11-23,31.12,31.17,31.12,31.17,290
2021-11-23,31.2,31.2,31.18,31.18,252
2021-11-23,31.18,31.2,31.18,31.19,685
2021-11-23,31.225,31.225,31.19,31.19,600
2021-11-23,31.18,31.18,31.18,31.18,100
2021-11-23,31.255,31.255,31.255,31.255,107
2021-11-23,31.3,31.3,31.28,31.28,200
2021-11-23,31.28,31.28,31.28,31.28,360
2021-11-23,31.29,31.29,31.29,31.29,101
2021-11-23,31.27,31.27,31.27,31.27,108
2021-11-23,31.25,31.25,31.25,31.25,101
2021-11-23,31.235,31.235,31.235,31.235,215
2021-11-23,31.265,31.265,31.25,31.255,300
2021-11-23,31.29,31.295,31.29,31.295,267
2021-11-23,31.3,31.3,31.28,31.28,600
2021-11-23,31.28,31.28,31.28,31.28,200
2021-11-23,31.2,31.2,31.2,31.2,204
2021-11-23,31.18,31.18,31.18,31.18,101
2021-11-23,31.16,31.17,31.16,31.17,385
2021-11-23,31.23,31.23,31.23,31.23,100
2021-11-23,31.25,31.25,31.23,31.23,291
2021-11-23,31.22,31.22,31.22,31.22,101
2021-11-23,31.2,31.2,31.2,31.2,200
2021-11-23,31.2,31.2,31.2,31.2,200
2021-11-23,31.19,31.19,31.19,31.19,100
2021-11-23,31.25,31.25,31.25,31.25,100
2021-11-23,31.25,31.25,31.25,31.25,100
2021-11-23,31.25,31.27,31.25,31.27,211
2021-11-23,31.25,31.25,31.25,31.25,300
2021-11-23,31.27,31.27,31.27,31.27,201
2021-11-23,31.28,31.285,31.28,31.285,455
2021-11-23,31.3,31.3,31.3,31.3,300
2021-11-23,31.29,31.29,31.29,31.29,200
2021-11-23,31.255,31.255,31.24,31.24,313
2021-11-23,31.3,31.3,31.3,31.3,131
2021-11-23,31.255,31.255,31.25,31.25,200
2021-11-23,31.25,31.25,31.21,31.24,775
2021-11-23,31.21,31.22,31.21,31.22,200
2021-11-23,31.245,31.245,31.245,31.245,200
2021-11-23,31.25,31.335,31.25,31.335,300
2021-11-23,31.34,31.345,31.32,31.335,900
2021-11-23,31.345,31.36,31.345,31.36,900
2021-11-23,31.33,31.33,31.3,31.3,1200
2021-11-23,31.34,31.34,31.34,31.34,100
2021-11-23,31.345,31.445,31.345,31.445,500
2021-11-23,31.43,31.43,31.43,31.43,100
2021-11-23,31.415,31.415,31.415,31.415,120
2021-11-23,31.45,31.47,31.45,31.465,673
2021-11-23,31.47,31.49,31.43,31.43,900
2021-11-23,31.42,31.42,31.38,31.38,394
2021-11-23,31.36,31.36,31.36,31.36,235
2021-11-23,31.375,31.375,31.365,31.365,200
2021-11-23,31.41,31.41,31.41,31.41,200
2021-11-23,31.41,31.43,31.41,31.43,200
2021-11-23,31.46,31.46,31.45,31.45,500
2021-11-23,31.48,31.49,31.445,31.47,800
2021-11-23,31.495,31.545,31.495,31.545,200
2021-11-23,31.485,31.485,31.485,31.485,300
2021-11-23,31.47,31.48,31.47,31.48,300
2021-11-23,31.46,31.46,31.44,31.44,200
2021-11-23,31.44,31.44,31.41,31.41,300
2021-11-23,31.41,31.41,31.41,31.41,200
2021-11-23,31.455,31.455,31.42,31.435,400
2021-11-23,31.45,31.495,31.45,31.49,3400
2021-11-23,31.47,31.47,31.47,31.47,200
2021-11-23,31.48,31.51,31.48,31.51,500
2021-11-23,31.51,31.525,31.5,31.525,600
2021-11-23,31.54,31.54,31.53,31.53,1515
2021-11-23,31.505,31.53,31.505,31.51,900
2021-11-23,31.5,31.51,31.495,31.495,500
2021-11-23,31.52,31.52,31.51,31.51,200
2021-11-23,31.53,31.565,31.53,31.55,480
2021-11-23,31.55,31.55,31.54,31.54,300
2021-11-23,31.59,31.59,31.59,31.59,108
2021-11-23,31.595,31.595,31.575,31.575,200
2021-11-23,31.56,31.56,31.56,31.56,414
2021-11-23,31.575,31.59,31.575,31.59,218
2021-11-23,31.56,31.56,31.56,31.56,200
2021-11-23,31.575,31.575,31.575,31.575,100
2021-11-23,31.565,31.565,31.565,31.565,200
2021-11-23,31.58,31.595,31.575,31.575,525
2021-11-23,31.55,31.55,31.51,31.53,300
2021-11-23,31.55,31.55,31.515,31.515,1050
2021-11-23,31.525,31.525,31.525,31.525,200
2021-11-23,31.525,31.59,31.525,31.59,700
2021-11-23,31.59,31.65,31.59,31.65,1628
2021-11-23,31.64,31.64,31.64,31.64,100
2021-11-23,31.655,31.68,31.65,31.68,1058
2021-11-23,31.69,31.71,31.69,31.71,680
2021-11-23,31.69,31.69,31.665,31.68,831
2021-11-23,31.715,31.715,31.715,31.715,200
2021-11-23,31.71,31.71,31.69,31.695,400
2021-11-23,31.675,31.675,31.675,31.675,226
2021-11-23,31.67,31.71,31.67,31.71,200
2021-11-23,31.71,31.73,31.71,31.73,200
2021-11-23,31.72,31.72,31.72,31.72,349
2021-11-23,31.745,31.765,31.745,31.765,600
2021-11-23,31.78,31.795,31.78,31.795,1051
2021-11-23,31.785,31.79,31.77,31.79,607
2021-11-23,31.825,31.89,31.825,31.89,1011
2021-11-23,31.88,31.88,31.8,31.8,2060
2021-11-23,31.86,31.885,31.85,31.855,1654
2021-11-23,31.88,31.88,31.85,31.85,779
2021-11-23,31.87,31.92,31.87,31.92,1210
2021-11-23,31.92,31.96,31.92,31.95,2980
2021-11-23,31.975,31.99,31.97,31.99,300
2021-11-23,32.01,32.01,31.99,31.99,1213
2021-11-23,31.98,32.045,31.98,32.03,4123
2021-11-23,32,32.1,32,32.09,581
2021-11-23,32.09,32.13,32.08,32.1,1500
2021-11-23,32.08,32.16,32.08,32.16,4033
2021-11-23,32.13,32.13,32.09,32.105,688
2021-11-23,32.1,32.15,32.1,32.14,575
2021-11-23,32.13,32.13,32.09,32.09,1373
2021-11-23,32.09,32.12,32.09,32.12,641
2021-11-23,32.13,32.13,32.11,32.11,400
2021-11-23,32.125,32.18,32.125,32.17,1186
2021-11-23,32.15,32.155,32.15,32.155,1300
2021-11-23,32.17,32.185,32.16,32.185,797
2021-11-23,32.185,32.2,32.185,32.19,612
2021-11-23,32.2,32.24,32.18,32.24,5009
2021-11-23,32.23,32.23,32.215,32.215,518
2021-11-23,32.175,32.18,32.165,32.18,1066
2021-11-23,32.18,32.18,32.135,32.135,690
2021-11-23,32.145,32.145,32.115,32.115,713
2021-11-23,32.11,32.11,32.11,32.11,370
2021-11-23,32.085,32.085,32.085,32.085,240
2021-11-23,32.16,32.2,32.16,32.2,531
2021-11-23,32.2,32.2,32.19,32.19,467
2021-11-23,32.195,32.195,32.175,32.175,664
2021-11-23,32.13,32.13,32.13,32.13,178
2021-11-23,32.135,32.185,32.135,32.185,604
2021-11-23,32.16,32.16,32.145,32.145,400
2021-11-23,32.14,32.14,32.115,32.115,239
2021-11-23,32.145,32.145,32.145,32.145,110
2021-11-23,32.135,32.165,32.135,32.165,412
2021-11-23,32.195,32.215,32.195,32.2,361
2021-11-23,32.195,32.195,32.13,32.13,300
2021-11-23,32.15,32.15,32.14,32.14,517
2021-11-23,32.135,32.145,32.135,32.145,662
2021-11-23,32.125,32.125,32.125,32.125,205
2021-11-23,32.175,32.185,32.14,32.185,1270
2021-11-23,32.18,32.215,32.18,32.215,300
2021-11-23,32.195,32.195,32.16,32.165,900
2021-11-23,32.16,32.165,32.155,32.155,606
2021-11-23,32.16,32.25,32.16,32.195,1321
2021-11-23,32.225,32.3,32.225,32.3,490
2021-11-23,32.275,32.325,32.26,32.31,660
2021-11-23,32.285,32.295,32.27,32.295,1004
2021-11-23,32.295,32.295,32.255,32.265,1200
2021-11-23,32.265,32.29,32.255,32.285,1200
2021-11-23,32.27,32.27,32.25,32.25,900
2021-11-23,32.265,32.325,32.265,32.325,539
2021-11-23,32.305,32.35,32.305,32.34,716
2021-11-23,32.35,32.35,32.335,32.335,1196
2021-11-23,32.355,32.355,32.325,32.325,503
2021-11-23,32.295,32.295,32.145,32.145,900
2021-11-23,32.13,32.16,32.11,32.11,1021
2021-11-23,32.07,32.08,32.035,32.05,2675
2021-11-23,32.045,32.05,31.965,31.965,619
2021-11-23,32.005,32.07,32.005,32.04,1826
2021-11-23,32.045,32.085,32.045,32.085,1088
2021-11-23,32.095,32.11,32.09,32.095,1023
2021-11-23,32.085,32.085,32.015,32.015,1112
2021-11-23,32.035,32.045,31.99,32.02,2426
2021-11-23,32.005,32.005,31.955,31.965,2285
2021-11-23,31.985,32.09,31.985,32.08,4902
2021-11-23,32.12,32.12,32.07,32.075,1798
2021-11-23,32.075,32.085,32.065,32.085,4320
2021-11-23,32.115,32.135,31.94,31.94,1383
2021-11-23,27.75,27.75,27.75,27.75,150
2021-11-23,28.1,28.1,27.8,27.8,319
2021-11-23,27.92,27.98,27.19,27.19,400
2021-11-23,27.39,27.39,27.39,27.39,300
2021-11-23,27.17,27.17,26.98,27.02,585
2021-11-23,26.86,26.86,26.68,26.68,300
2021-11-23,26.72,26.72,26.67,26.68,500
2021-11-23,26.12,26.12,26.12,26.12,300
2021-11-23,25.99,25.99,25.96,25.96,515
2021-11-23,25.91,25.99,25.85,25.85,400
2021-11-23,25.89,25.93,25.89,25.93,600
2021-11-23,25.78,25.93,25.78,25.93,700
2021-11-23,25.89,25.96,25.89,25.96,403
2021-11-23,25.79,25.83,25.79,25.83,305
2021-11-23,25.5,25.5,25.45,25.45,400
2021-11-23,25.41,25.5,25.37,25.5,550
2021-11-23,25.27,25.3,25,25,4150
2021-11-23,24.95,25,24.92,24.93,1190
2021-11-23,24.89,24.96,24.74,24.74,600
2021-11-23,24.6,24.6,23.88,23.88,650
2021-11-23,24.31,24.33,24.31,24.33,400
2021-11-23,24.42,24.42,24.4,24.4,409
2021-11-23,24.37,24.37,24.03,24.27,755
2021-11-23,24.28,24.39,24.28,24.39,684
2021-11-23,24.46,24.55,24.44,24.54,605
2021-11-23,24.57,24.67,24.57,24.66,551
2021-11-23,24.58,24.92,24.58,24.91,600
2021-11-23,24.94,24.96,24.91,24.92,600
2021-11-23,24.51,24.64,24.51,24.64,300
2021-11-23,24.61,24.9,24.61,24.9,400
2021-11-23,24.88,24.91,24.88,24.91,500
2021-11-23,24.96,24.96,24.96,24.96,200
2021-11-23,24.87,24.87,24.87,24.87,200
2021-11-23,24.97,24.97,24.93,24.93,490
2021-11-23,24.98,24.98,24.98,24.98,250
2021-11-23,24.87,24.87,24.87,24.87,104
2021-11-23,24.87,24.87,24.87,24.87,200
2021-11-23,24.97,25.2,24.97,25.19,400
2021-11-23,25.08,25.08,25.06,25.06,300
2021-11-23,24.93,24.93,24.93,24.93,140
2021-11-23,25.01,25.12,25.01,25.12,300
2021-11-23,25.06,25.06,25.06,25.06,300
2021-11-23,24.97,24.97,24.97,24.97,100
2021-11-23,25.15,25.15,25.14,25.14,200
2021-11-23,25.07,25.07,25.07,25.07,100
2021-11-23,25.28,25.28,25.28,25.28,100
2021-11-23,25.33,25.33,25.33,25.33,100
2021-11-24,23.75,23.75,23.75,23.75,1350
2021-11-24,23.51,23.51,23.5,23.5,288
2021-11-24,23.6,23.6,23.6,23.6,650
2021-11-24,23.65,23.65,23.65,23.65,100
2021-11-24,23.8,23.8,23.8,23.8,2004
2021-11-24,24,24,24,24,650
2021-11-24,23.82,23.82,23.82,23.82,130
2021-11-24,23.91,23.91,23.91,23.91,239
2021-11-24,24.045,25.1,24.045,25.1,24588
2021-11-24,25.17,25.17,24.22,24.31,8374
2021-11-24,24.16,24.4,24.12,24.375,15082
2021-11-24,24.395,24.395,24.045,24.3,7936
2021-11-24,24.29,24.415,24.005,24.32,25583
2021-11-24,24.32,24.505,24.16,24.16,5583
2021-11-24,24.245,24.27,23.765,23.88,5012
2021-11-24,23.91,23.97,23.665,23.965,7563
2021-11-24,23.965,24.08,23.865,23.985,6043
2021-11-24,23.825,23.83,23.72,23.805,6280
2021-11-24,23.8,23.9,23.725,23.88,8031
2021-11-24,23.86,23.9,23.73,23.76,16481
2021-11-24,23.73,23.73,23.515,23.55,11427
2021-11-24,23.545,23.69,23.53,23.65,16683
2021-11-24,23.57,23.63,23.515,23.62,14289
2021-11-24,23.59,23.65,23.52,23.54,6334
2021-11-24,23.54,23.55,23.345,23.38,10601
2021-11-24,23.37,23.39,23.185,23.22,8873
2021-11-24,23.23,23.29,23.15,23.15,3377
2021-11-24,23.09,23.15,23.02,23.11,5508
2021-11-24,23.11,23.14,22.82,22.825,13894
2021-11-24,22.85,23.05,22.8,23.05,4432
2021-11-24,23.03,23.19,22.95,23.19,5486
2021-11-24,23.25,23.25,23.06,23.1,19821
2021-11-24,23.1,23.14,23.05,23.065,4850
2021-11-24,23.065,23.15,23.065,23.1,4195
2021-11-24,23.1,23.11,23.005,23.035,4041
2021-11-24,23.015,23.015,22.895,22.96,3175
2021-11-24,22.88,23.08,22.875,23.08,2275
2021-11-24,23.01,23.07,23,23.01,3246
2021-11-24,22.995,22.995,22.845,22.92,9558
2021-11-24,22.865,22.9,22.81,22.9,1917
2021-11-24,22.9,23.06,22.81,23.04,4529
2021-11-24,23.01,23.045,22.91,22.935,4354
2021-11-24,22.88,22.88,22.805,22.855,3486
2021-11-24,22.845,22.9,22.815,22.9,5141
2021-11-24,22.9,22.91,22.825,22.84,2735
2021-11-24,22.815,22.865,22.81,22.865,3883
2021-11-24,22.82,22.86,22.68,22.725,7851
2021-11-24,22.71,22.78,22.66,22.66,1632
2021-11-24,22.665,22.745,22.62,22.745,4504
2021-11-24,22.73,22.825,22.715,22.825,4264
2021-11-24,22.825,22.85,22.745,22.76,3053
2021-11-24,22.74,22.78,22.68,22.725,5953
2021-11-24,22.725,22.73,22.665,22.665,12077
2021-11-24,22.655,22.7,22.62,22.66,7433
2021-11-24,22.635,22.635,22.56,22.61,4390
2021-11-24,22.605,22.61,22.57,22.575,4262
2021-11-24,22.56,22.59,22.525,22.59,5120
2021-11-24,22.56,22.59,22.555,22.59,4040
2021-11-24,22.6,22.63,22.525,22.525,4656
2021-11-24,22.525,22.58,22.525,22.545,3284
2021-11-24,22.57,22.61,22.57,22.595,2630
2021-11-24,22.585,22.595,22.555,22.555,2645
2021-11-24,22.56,22.57,22.535,22.54,4817
2021-11-24,22.55,22.595,22.545,22.595,5621
2021-11-24,22.595,22.595,22.55,22.555,2402
2021-11-24,22.53,22.545,22.505,22.525,3381
2021-11-24,22.535,22.75,22.535,22.715,4784
2021-11-24,22.74,22.845,22.72,22.78,6672
2021-11-24,22.765,22.765,22.73,22.74,3076
2021-11-24,22.735,22.74,22.625,22.635,6038
2021-11-24,22.655,22.715,22.645,22.645,10137
2021-11-24,22.69,22.7,22.675,22.7,1093
2021-11-24,22.705,22.72,22.7,22.705,11142
2021-11-24,22.705,22.8,22.7,22.795,22212
2021-11-24,22.8,22.9,22.76,22.885,18704
2021-11-24,22.8,22.8,22.74,22.795,4743
2021-11-24,22.8,22.82,22.8,22.82,2420
2021-11-24,22.805,22.835,22.8,22.805,3354
2021-11-24,22.81,22.82,22.805,22.81,2073
2021-11-24,22.815,22.91,22.805,22.88,3961
2021-11-24,22.895,22.94,22.895,22.905,3474
2021-11-24,22.925,23.04,22.925,22.97,7922
2021-11-24,22.97,23.065,22.965,22.995,5172
2021-11-24,22.945,22.945,22.8,22.82,2674
2021-11-24,22.81,22.845,22.81,22.82,2022
2021-11-24,22.855,22.92,22.855,22.92,3431
2021-11-24,22.93,23.015,22.93,23.015,8077
2021-11-24,23.015,23.03,22.97,23.03,735
2021-11-24,23.005,23.09,23.005,23.07,4345
2021-11-24,23.065,23.095,23.03,23.03,1426
2021-11-24,23.03,23.12,23.03,23.05,3996
2021-11-24,23.07,23.07,23.04,23.05,1269
2021-11-24,23.035,23.045,23.035,23.045,2459
2021-11-24,23.045,23.13,23.045,23.125,1313
2021-11-24,23.115,23.12,23.1,23.12,1401
2021-11-24,23,23.03,22.96,22.97,2282
2021-11-24,22.92,22.93,22.87,22.87,891
2021-11-24,22.87,22.94,22.87,22.875,1371
2021-11-24,22.875,22.875,22.805,22.84,5880
2021-11-24,22.83,22.835,22.755,22.755,2037
2021-11-24,22.755,22.795,22.755,22.795,1230
2021-11-24,22.765,22.82,22.765,22.82,1590
2021-11-24,22.755,22.755,22.745,22.75,585
2021-11-24,22.78,22.81,22.77,22.79,1260
2021-11-24,22.745,22.75,22.745,22.75,3883
2021-11-24,22.805,22.81,22.795,22.8,948
2021-11-24,22.75,22.76,22.745,22.745,748
2021-11-24,22.77,22.79,22.765,22.79,550
2021-11-24,22.775,22.79,22.77,22.77,682
2021-11-24,22.745,22.745,22.665,22.665,1548
2021-11-24,22.655,22.69,22.655,22.655,1177
2021-11-24,22.635,22.7,22.635,22.7,1340
2021-11-24,22.68,22.7,22.68,22.7,1453
2021-11-24,22.665,22.665,22.665,22.665,430
2021-11-24,22.63,22.63,22.6,22.62,571
2021-11-24,22.63,22.795,22.63,22.795,2933
2021-11-24,22.805,22.85,22.805,22.84,1391
2021-11-24,22.755,22.79,22.755,22.77,2174
2021-11-24,22.775,22.775,22.72,22.72,1710
2021-11-24,22.7,22.75,22.7,22.74,1529
2021-11-24,22.71,22.715,22.7,22.715,528
2021-11-24,22.7,22.705,22.7,22.705,4869
2021-11-24,22.645,22.77,22.645,22.73,5918
2021-11-24,22.735,22.745,22.68,22.73,22485
2021-11-24,22.71,22.74,22.685,22.74,5944
2021-11-24,22.72,22.79,22.705,22.79,2771
2021-11-24,22.765,22.95,22.765,22.92,10529
2021-11-24,22.91,22.935,22.73,22.73,2062
2021-11-24,22.74,22.74,22.72,22.725,1323
2021-11-24,22.73,22.78,22.73,22.73,1885
2021-11-24,22.73,22.74,22.71,22.71,1785
2021-11-24,22.705,22.705,22.7,22.705,1818
2021-11-24,22.705,22.715,22.705,22.715,1297
2021-11-24,22.775,22.78,22.7,22.705,396.0
