Date,Open,High,Low,Close,Volume
2021-11-19,53.895,53.935,53.855,53.855,1854
2021-11-19,53.84,53.84,53.59,53.61,3977
2021-11-19,53.7,53.865,53.65,53.78,2146
2021-11-19,53.77,53.835,53.73,53.78,3433
2021-11-19,53.8,54.025,53.77,53.98,3998
2021-11-19,54.08,54.12,53.975,54.12,6072
2021-11-19,54.11,54.11,53.98,54,2673
2021-11-19,53.97,54.055,53.97,53.99,3730
2021-11-19,54.015,54.015,53.8,53.8,2692
2021-11-19,53.795,53.82,53.72,53.795,1453
2021-11-19,53.83,53.83,53.71,53.755,1641
2021-11-19,53.77,53.83,53.66,53.745,2548
2021-11-19,53.845,54.03,53.845,53.965,1545
2021-11-19,53.885,53.885,53.73,53.845,2636
2021-11-19,53.82,53.835,53.595,53.64,2601
2021-11-19,53.58,53.58,53.48,53.485,2304
2021-11-19,53.415,53.56,53.415,53.545,2474
2021-11-19,53.53,53.65,53.53,53.625,3252
2021-11-19,53.63,53.665,53.535,53.535,1806
2021-11-19,53.77,53.85,53.745,53.81,4839
2021-11-19,53.95,53.95,53.885,53.89,2648
2021-11-19,53.82,53.88,53.815,53.875,1956
2021-11-19,53.865,53.87,53.8,53.865,1389
2021-11-19,53.855,54.05,53.855,54.05,2614
2021-11-19,54.14,54.28,54.14,54.26,1852
2021-11-19,54.28,54.51,54.28,54.5,2812
2021-11-19,54.575,54.76,54.56,54.69,9379
2021-11-19,54.71,54.73,54.465,54.605,5771
2021-11-19,54.65,54.74,54.62,54.66,5808
2021-11-19,54.63,54.8,54.535,54.535,2971
2021-11-19,54.46,54.62,54.34,54.53,2891
2021-11-19,54.565,54.565,54.36,54.365,5621
2021-11-19,54.44,54.75,54.44,54.65,11256
2021-11-19,54.69,54.84,54.64,54.74,2939
2021-11-19,54.735,54.735,54.41,54.68,5111
2021-11-19,54.72,54.78,54.56,54.62,2548
2021-11-19,54.74,54.94,54.7,54.84,5509
2021-11-19,54.88,54.9,54.71,54.81,4629
2021-11-19,54.785,54.89,54.7,54.89,2177
2021-11-19,54.855,55,54.855,54.965,4562
2021-11-19,54.91,55.09,54.86,55.08,3443
2021-11-19,55.12,55.2,54.97,55.05,5623
2021-11-19,55.085,55.37,55.085,55.35,10158
2021-11-19,55.38,55.38,54.69,54.69,8433
2021-11-19,54.69,54.96,54.54,54.71,8203
2021-11-19,54.69,54.7,54.46,54.64,4640
2021-11-19,54.645,54.78,54.535,54.64,12983
2021-11-19,54.595,54.65,54.37,54.435,4145
2021-11-19,54.425,54.51,54.2,54.2,5044
2021-11-19,54.21,54.21,53.75,53.81,7774
2021-11-19,53.775,54,53.775,53.955,1799
2021-11-19,54.06,54.3,54.03,54.3,5227
2021-11-19,54.35,54.42,54.09,54.41,6227
2021-11-19,54.44,54.5,54.435,54.47,2711
2021-11-19,54.48,54.48,54.355,54.39,3928
2021-11-19,54.41,54.47,54.38,54.425,2497
2021-11-19,54.545,54.8,54.545,54.785,3954
2021-11-19,54.81,54.83,54.735,54.755,6143
2021-11-19,54.755,54.88,54.73,54.85,5524
2021-11-19,54.855,54.895,54.715,54.795,8424
2021-11-19,54.755,54.78,54.655,54.76,5519
2021-11-19,54.76,54.78,54.06,54.13,11005
2021-11-19,54.23,54.39,54.085,54.38,6240
2021-11-19,54.355,54.355,54.015,54.105,9686
2021-11-19,54.075,54.08,53.835,54.02,11430
2021-11-19,54.005,54.45,53.915,54.425,11743
2021-11-19,54.46,54.67,54.455,54.62,11536
2021-11-19,54.625,54.925,54.625,54.925,5869
2021-11-19,54.925,55.18,54.865,55.015,6698
2021-11-19,55.06,55.3,55.04,55.3,6953
2021-11-19,55.33,55.33,55.11,55.21,9207
2021-11-19,55.14,55.14,55.14,55.14,150
2021-11-19,54.72,54.73,54.72,54.73,200
2021-11-19,55.28,55.28,55.28,55.28,150
2021-11-22,53.19,53.19,53.19,53.19,100
2021-11-22,53.1,53.1,53.1,53.1,302
2021-11-22,53.035,53.415,52.57,53.22,21208
2021-11-22,53.05,53.13,52.31,52.55,12361
2021-11-22,52.65,53.42,52.51,53.31,10427
2021-11-22,53.23,53.33,52.56,52.65,8377
2021-11-22,52.59,53.01,52.42,52.52,10175
2021-11-22,52.51,52.89,51.8,51.95,13973
2021-11-22,51.95,52.385,51.85,52.34,11611
2021-11-22,52.245,52.64,52.22,52.64,7772
2021-11-22,52.61,53.89,52.61,53.57,15336
2021-11-22,53.76,53.91,53.56,53.68,8982
2021-11-22,53.66,53.93,53.41,53.53,6408
2021-11-22,53.37,53.37,52.99,53.31,10460
2021-11-22,53.25,53.28,52.95,53.155,8524
2021-11-22,53.11,53.25,52.98,53.01,6181
2021-11-22,52.725,53.09,52.67,52.94,4213
2021-11-22,53.045,53.465,53.04,53.44,5521
2021-11-22,53.2,53.48,53.2,53.46,2593
2021-11-22,53.36,53.49,53.25,53.46,2090
2021-11-22,53.47,53.81,53.47,53.73,6303
2021-11-22,53.74,54.38,53.72,54.235,8621
2021-11-22,54.38,54.53,54.09,54.195,4093
2021-11-22,54.29,54.69,54.29,54.46,4079
2021-11-22,54.49,54.63,54.49,54.57,4224
2021-11-22,54.81,55.19,54.72,55.16,5721
2021-11-22,55.11,55.12,54.83,54.99,5237
2021-11-22,54.95,54.97,54.7,54.9,3309
2021-11-22,54.88,54.9,54.65,54.65,1789
2021-11-22,54.61,54.79,54.44,54.44,2416
2021-11-22,54.5,54.61,54.33,54.35,2643
2021-11-22,54.35,54.6,54.35,54.47,3139
2021-11-22,54.595,55.38,54.595,55.29,13381
2021-11-22,55.33,55.84,55.3,55.765,13311
2021-11-22,55.86,56.09,55.82,55.97,7348
2021-11-22,55.94,56.11,55.63,56.11,4374
2021-11-22,56.13,56.13,55.8,55.85,2353
2021-11-22,55.885,56.025,55.85,55.9,3256
2021-11-22,55.9,55.9,55.655,55.66,6913
2021-11-22,55.645,55.87,55.645,55.86,4516
2021-11-22,56.14,56.27,55.62,55.8,4481
2021-11-22,55.86,55.91,55.76,55.91,1554
2021-11-22,56.01,56.53,56.01,56.53,3108
2021-11-22,56.56,56.7,56.3,56.33,4629
2021-11-22,56.31,56.81,56.29,56.69,5683
2021-11-22,56.8,56.8,56.72,56.76,3917
2021-11-22,56.55,56.89,56.55,56.84,3482
2021-11-22,56.87,57.44,56.87,57.18,12978
2021-11-22,57.12,57.14,56.82,56.91,4176
2021-11-22,56.91,56.95,56.645,56.68,6691
2021-11-22,56.64,56.87,56.58,56.86,7034
2021-11-22,56.79,56.91,56.3,56.35,5183
2021-11-22,56.27,56.28,55.94,56.2,11187
2021-11-22,56.18,56.62,56.11,56.52,7832
2021-11-22,56.53,56.88,56.53,56.72,9637
2021-11-22,56.6,56.72,56.565,56.62,6563
2021-11-22,56.635,56.92,56.46,56.71,9973
2021-11-22,56.68,56.76,56.62,56.71,2030
2021-11-22,56.78,56.78,56.16,56.34,4846
2021-11-22,56.29,56.3,56.14,56.195,2692
2021-11-22,56.14,56.14,55.62,55.62,10474
2021-11-22,55.505,55.51,55.31,55.51,5015
2021-11-22,55.54,55.54,55.15,55.22,5418
2021-11-22,55.215,55.4,55.185,55.39,4464
2021-11-22,55.4,55.405,54.94,55,7920
2021-11-22,55.02,55.21,54.98,55.17,4707
2021-11-22,55.15,55.44,55.15,55.425,1866
2021-11-22,55.42,55.68,54.8,54.87,6810
2021-11-22,54.905,54.935,54.35,54.37,11800
2021-11-22,54.52,54.55,54.36,54.36,6800
2021-11-22,54.33,54.41,54.22,54.24,5642
2021-11-22,54.15,54.24,53.88,53.88,7141
2021-11-22,53.9,54,53.75,53.885,3916
2021-11-22,53.93,53.99,53.845,53.845,3465
2021-11-22,53.64,53.95,53.63,53.86,4641
2021-11-22,53.89,53.96,53.75,53.76,4054
2021-11-22,53.92,54.12,53.84,54.11,5298
2021-11-22,54.075,54.2,53.94,54.2,6089
2021-11-22,54.16,54.2,54.05,54.05,4636
2021-11-22,54.14,54.16,53.89,53.9,4889
2021-11-22,53.9,53.9,53.38,53.42,4125
2021-11-22,53.385,53.445,53.1,53.1,10317
2021-11-22,53.165,53.41,53.16,53.41,2437
2021-11-22,53.45,53.49,53.33,53.43,2244
2021-11-22,53.44,53.775,53.42,53.75,2963
2021-11-22,53.77,53.99,53.73,53.92,1552
2021-11-22,53.96,54.12,53.72,54,2451
2021-11-22,53.99,54.08,53.79,53.79,2013
2021-11-22,53.81,53.91,53.55,53.58,5195
2021-11-22,53.47,53.58,52.9,52.93,18951
2021-11-22,52.8,53.06,52.44,52.48,12253
2021-11-22,52.59,52.6,52.44,52.46,2423
2021-11-22,52.54,52.99,52.48,52.905,6055
2021-11-22,52.845,53.11,52.845,53.085,4413
2021-11-22,53.085,53.285,52.97,52.97,2393
2021-11-22,52.96,52.96,52.82,52.87,1911
2021-11-22,52.97,53.38,52.97,53.04,2334
2021-11-22,53.06,53.1,52.89,53.1,2262
2021-11-22,53.36,53.63,53.36,53.54,3629
2021-11-22,53.7,53.78,53.61,53.64,768
2021-11-22,53.74,53.78,53.685,53.78,705
2021-11-22,53.725,53.795,53.46,53.56,1588
2021-11-22,53.49,53.7,53.47,53.59,1579
2021-11-22,53.54,53.54,53.45,53.48,601
2021-11-22,53.31,53.44,53.31,53.44,1545
2021-11-22,53.52,53.74,53.51,53.71,2218
2021-11-22,53.51,53.51,53.42,53.48,1721
2021-11-22,53.58,53.58,53.34,53.38,911
2021-11-22,53.4,53.4,53.02,53.06,3122
2021-11-22,53.17,53.17,53.045,53.045,2002
2021-11-22,52.9,53.07,52.9,53.06,1709
2021-11-22,53.06,53.22,53.03,53.16,1188
2021-11-22,53.14,53.53,53.06,53.46,1960
2021-11-22,53.48,53.66,53.43,53.55,1745
2021-11-22,53.5,53.58,53.46,53.58,1115
2021-11-22,53.61,53.69,53.53,53.69,926
2021-11-22,53.35,53.415,53.35,53.415,724
2021-11-22,53.41,53.68,53.41,53.58,2653
2021-11-22,53.56,53.56,53.07,53.145,3712
2021-11-22,52.81,52.925,52.73,52.74,2331
2021-11-22,52.68,52.73,52.68,52.7,693
2021-11-22,52.73,52.73,52.375,52.375,6869
2021-11-22,52.43,52.47,51.84,51.84,3857
2021-11-22,51.94,52.23,51.81,51.98,3632
2021-11-22,51.9,52.28,51.89,52.28,2511
2021-11-22,52.05,52.4,52.03,52.32,4461
2021-11-22,52.38,52.45,52.23,52.375,3752
2021-11-22,52.36,52.46,52.26,52.46,4245
2021-11-22,52.43,52.43,52.22,52.43,5681
2021-11-22,52.48,52.49,52.28,52.38,2334
2021-11-22,52.335,52.49,52.26,52.26,2256
2021-11-22,52.23,52.23,51.825,51.92,2391
2021-11-22,51.9,52.05,51.9,52.02,1737
2021-11-22,51.87,51.87,51.26,51.6,8148
2021-11-22,51.62,51.62,51.26,51.28,2643
2021-11-22,51.3,51.41,51.1,51.1,7211
2021-11-22,51.09,51.44,51,51.4,11601
2021-11-22,51.39,51.72,51.28,51.67,7499
2021-11-22,51.66,51.86,51.4,51.76,5586
2021-11-22,51.7,52.01,51.68,51.85,2734
2021-11-22,52.01,52.43,51.99,52.18,8284
2021-11-22,52.29,52.33,52.07,52.07,1997
2021-11-22,51.94,51.965,51.83,51.91,3260
2021-11-22,51.905,51.905,51.6,51.67,2328
2021-11-22,51.66,51.67,51.36,51.36,4634
2021-11-22,51.42,51.48,51.26,51.48,3410
2021-11-22,51.36,51.38,51.235,51.26,1736
2021-11-22,51.28,51.28,50.655,50.655,6996
2021-11-22,50.59,50.67,50.365,50.365,14236
2021-11-22,50.38,50.835,50.35,50.82,33147
2021-11-22,50.79,50.915,50.73,50.9,12009
2021-11-22,50.84,50.84,50.25,50.25,6285
2021-11-22,50.26,50.95,50.235,50.805,48595
2021-11-22,50.73,50.82,50.57,50.57,18450
2021-11-22,50.55,50.55,50.11,50.33,20497
2021-11-22,50.28,50.55,50.22,50.47,7229
2021-11-22,50.49,50.705,50.31,50.67,4028
2021-11-22,50.67,50.9,50.55,50.9,4742
2021-11-22,50.9,50.9,50.79,50.79,1635
2021-11-22,50.855,50.855,50.63,50.79,2724
2021-11-22,50.79,50.8,50.18,50.18,3146
2021-11-22,50.16,50.4,50.16,50.37,12148
2021-11-22,50.28,50.28,50.11,50.19,10971
2021-11-22,50.14,50.77,50.115,50.77,5960
2021-11-22,50.82,51.19,50.8,51.16,3992
2021-11-22,51.26,51.45,51.21,51.45,4391
2021-11-22,51.58,51.64,51.435,51.57,3242
2021-11-22,51.635,51.635,51.37,51.46,2234
2021-11-22,51.55,51.67,51.52,51.54,2355
2021-11-22,51.555,51.555,51.42,51.42,2189
2021-11-22,51.35,51.62,51.3,51.615,3921
2021-11-22,51.71,51.95,51.71,51.78,1562
2021-11-22,51.81,51.88,51.74,51.88,1610
2021-11-22,51.715,51.73,51.52,51.55,1987
2021-11-22,51.57,52.04,51.57,51.96,1954
2021-11-22,52,52.18,51.98,52.05,3625
2021-11-22,52.2,52.33,52.15,52.31,2904
2021-11-22,52.3,52.48,52.3,52.37,1879
2021-11-22,52.36,52.36,52.15,52.18,3687
2021-11-22,52.25,52.455,52.23,52.36,2422
2021-11-22,52.22,52.255,52.15,52.225,1041
2021-11-22,52.23,52.415,52.2,52.345,956
2021-11-22,52.39,52.68,52.39,52.57,2748
2021-11-22,52.55,52.6,52.485,52.6,2338
2021-11-22,52.61,52.61,52.47,52.555,1148
2021-11-22,52.53,52.53,52.42,52.51,751
2021-11-22,52.3,52.36,51.86,51.955,3859
2021-11-22,51.95,52.03,51.9,52.03,1205
2021-11-22,51.98,51.99,51.86,51.91,1504
2021-11-22,51.91,51.91,51.605,51.63,3414
2021-11-22,51.66,51.74,51.66,51.74,1608
2021-11-22,51.89,52.22,51.89,52.18,3234
2021-11-22,52.28,52.33,52.28,52.28,740
2021-11-22,52.365,52.49,52.27,52.49,726
2021-11-22,52.32,52.325,52.27,52.31,3725
2021-11-22,52.28,52.56,52.275,52.535,2471
2021-11-22,52.5,52.5,52.31,52.42,5644
2021-11-22,52.44,52.49,52.4,52.49,5128
2021-11-22,52.635,52.67,52.635,52.67,626
2021-11-22,52.68,52.68,52.51,52.55,1745
2021-11-22,52.43,52.57,52.42,52.57,875
2021-11-22,52.67,52.67,52.67,52.67,431
2021-11-22,52.6,52.6,52.275,52.385,1943
2021-11-22,52.42,52.42,52.24,52.295,600
2021-11-22,52.09,52.145,52.07,52.145,758
2021-11-22,52.19,52.19,51.9,51.9,4413
2021-11-22,51.915,52,51.86,51.87,1821
2021-11-22,51.95,52.32,51.93,52.31,2282
2021-11-22,52.27,52.55,52.27,52.52,827
2021-11-22,52.515,52.515,52.38,52.38,2447
2021-11-22,52.36,52.46,52.36,52.42,726
2021-11-22,52.425,52.55,52.18,52.18,925
2021-11-22,52.235,52.4,52.235,52.38,2310
2021-11-22,52.35,52.45,52.35,52.42,1825
2021-11-22,52.43,52.51,52.405,52.41,1354
2021-11-22,52.39,52.49,52.36,52.4,1703
2021-11-22,52.21,52.24,52.04,52.05,1302
2021-11-22,52.035,52.11,52.03,52.11,623
2021-11-22,52.12,52.31,52.04,52.31,1711
2021-11-22,52.465,52.465,52.3,52.32,1137
2021-11-22,52.27,52.27,51.96,52.04,1629
2021-11-22,52.21,52.26,52.19,52.26,802
2021-11-22,52.24,52.84,52.24,52.58,2952
2021-11-22,52.61,52.73,52.61,52.68,1594
2021-11-22,52.74,52.8,52.64,52.66,1777
2021-11-22,52.755,52.755,52.62,52.67,639
2021-11-22,52.745,52.91,52.74,52.83,1721
2021-11-22,52.82,52.83,52.75,52.77,1167
2021-11-22,52.67,52.735,52.67,52.73,800
2021-11-22,52.8,52.85,52.75,52.75,900
2021-11-22,52.93,53.12,52.92,53.025,2631
2021-11-22,53.01,53.21,53.01,53.14,1246
2021-11-22,53.18,53.32,53.09,53.32,2558
2021-11-22,53.33,53.41,53.245,53.31,2716
2021-11-22,53.35,53.35,53.28,53.31,1337
2021-11-22,53.34,53.39,53.31,53.325,4708
2021-11-22,53.37,53.47,53.33,53.34,2488
2021-11-22,53.33,53.35,53.21,53.29,2530
2021-11-22,53.09,53.09,52.92,52.96,1592
2021-11-22,52.92,52.92,52.92,52.92,635
2021-11-22,52.96,52.99,52.95,52.99,755
2021-11-22,52.985,53.07,52.97,53.07,700
2021-11-22,53.01,53.01,52.85,52.88,956
2021-11-22,52.915,53.17,52.915,53.14,1300
2021-11-22,53.07,53.26,53.07,53.26,302
2021-11-22,53.23,53.23,53.23,53.23,1914
2021-11-22,53.265,53.265,53.08,53.18,1100
2021-11-22,53.14,53.14,53.14,53.14,219
2021-11-22,53.2,53.205,53.2,53.205,611
2021-11-22,53.135,53.15,53.06,53.15,500
2021-11-22,53.145,53.22,53.145,53.21,376
2021-11-22,53.24,53.24,52.89,52.89,604
2021-11-22,52.9,52.91,52.74,52.8,3312
2021-11-22,52.79,52.8,52.79,52.8,500
2021-11-22,53,53.025,52.835,52.85,2405
2021-11-22,52.86,52.9,52.69,52.69,4718
2021-11-22,52.6,52.62,52.48,52.6,1632
2021-11-22,52.63,52.64,52.54,52.54,1645
2021-11-22,52.57,52.57,52.43,52.43,1300
2021-11-22,52.38,52.44,52.345,52.345,948
2021-11-22,52.44,52.45,52.23,52.32,1992
2021-11-22,52.22,52.3,52.22,52.3,1600
2021-11-22,52.19,52.2,52.105,52.17,1760
2021-11-22,52.18,52.27,52.14,52.15,3886
2021-11-22,52.15,52.36,52.14,52.32,1787
2021-11-22,52.28,52.37,52.28,52.37,989
2021-11-22,52.35,52.37,52.3,52.33,1285
2021-11-22,52.27,52.27,52.1,52.1,1417
2021-11-22,52.115,52.15,51.87,51.96,1868
2021-11-22,51.89,51.91,51.89,51.91,1248
2021-11-22,51.92,51.96,51.92,51.96,1531
2021-11-22,52,52.15,51.97,52.15,4244
2021-11-22,52.14,52.25,52.12,52.2,1491
2021-11-22,52.32,52.59,52.32,52.59,2335
2021-11-22,52.52,52.52,52.46,52.52,2195
2021-11-22,52.44,52.44,52.44,52.44,4900
2021-11-22,52.42,52.46,52.42,52.45,1003
2021-11-22,52.275,52.275,52.24,52.24,206
2021-11-22,52.27,52.28,52.24,52.25,980
2021-11-22,52.16,52.16,52,52,1100
2021-11-22,51.99,51.99,51.93,51.97,1170
2021-11-22,52.045,52.14,52.045,52.14,220
2021-11-22,52.17,52.3,52.17,52.26,1648
2021-11-22,52.27,52.28,52.24,52.24,519
2021-11-22,52.23,52.23,52.09,52.09,1988
2021-11-22,52,52.04,52,52.04,4989
2021-11-22,52.1,52.24,52.1,52.24,604
2021-11-22,52.2,52.2,52.16,52.16,882
2021-11-22,52.045,52.07,52,52,5194
2021-11-22,52.055,52.1,52.05,52.09,421
2021-11-22,52.15,52.15,51.9,51.9,1332
2021-11-22,51.81,51.91,51.81,51.91,1198
2021-11-22,51.86,51.96,51.83,51.96,930
2021-11-22,52.01,52.36,52,52.36,3092
2021-11-22,52.32,52.32,52.22,52.26,1459
2021-11-22,52.27,52.28,52.13,52.19,1663
2021-11-22,52.22,52.22,52.22,52.22,232
2021-11-22,52.08,52.08,51.94,51.96,482
2021-11-22,52,52,51.86,51.91,866
2021-11-22,51.99,52.105,51.99,52.105,1009
2021-11-22,51.935,51.945,51.89,51.945,969
2021-11-22,52.08,52.09,51.91,51.975,2008
2021-11-22,51.92,51.945,51.92,51.94,706
2021-11-22,51.93,52,51.86,51.86,1881
2021-11-22,51.53,51.57,51.37,51.37,1915
2021-11-22,51.38,51.64,51.36,51.64,2749
2021-11-22,51.59,51.71,51.59,51.71,1570
2021-11-22,51.56,51.59,51.55,51.55,723
2021-11-22,51.62,51.74,51.62,51.65,1339
2021-11-22,51.565,51.635,51.565,51.635,608
2021-11-22,51.66,51.7,51.62,51.64,1525
2021-11-22,51.72,51.97,51.72,51.97,690
2021-11-22,52.05,52.08,51.98,51.98,934
2021-11-22,51.99,52.1,51.99,52.06,990
2021-11-22,52.06,52.06,51.97,51.97,420
2021-11-22,51.87,51.99,51.87,51.93,600
2021-11-22,52,52.08,51.97,52.045,800
2021-11-22,52.1,52.29,52.1,52.29,702
2021-11-22,52.13,52.13,52.125,52.125,340
2021-11-22,52.23,52.25,52.2,52.2,971
2021-11-22,52.17,52.35,52.11,52.35,1397
2021-11-22,52.445,52.445,52.33,52.33,746
2021-11-22,52.38,52.38,52.34,52.34,401
2021-11-22,52.33,52.34,52.24,52.285,720
2021-11-22,52.36,52.58,52.36,52.54,1649
2021-11-22,52.53,52.56,52.42,52.55,940
2021-11-22,52.55,52.6,52.49,52.49,420
2021-11-22,52.48,52.51,52.38,52.49,1410
2021-11-22,52.5,52.535,52.45,52.535,665
2021-11-22,52.5,52.5,52.355,52.37,717
2021-11-22,52.39,52.39,52.36,52.36,300
2021-11-22,52.29,52.39,52.22,52.39,913
2021-11-22,52.46,52.54,52.43,52.465,1173
2021-11-22,52.47,52.71,52.47,52.71,1289
2021-11-22,52.635,52.75,52.57,52.73,2782
2021-11-22,52.685,52.69,52.62,52.62,1101
2021-11-22,52.68,52.72,52.665,52.68,2835
2021-11-22,52.73,52.83,52.73,52.74,1029
2021-11-22,52.72,52.97,52.66,52.93,1705
2021-11-22,53,53.04,52.935,53.04,3108
2021-11-22,53.02,53.03,52.78,52.78,1627
2021-11-22,52.76,52.76,52.71,52.71,420
2021-11-22,52.75,52.78,52.67,52.7,1598
2021-11-22,52.6,52.64,52.6,52.63,321
2021-11-22,52.51,52.55,52.51,52.54,1253
2021-11-22,52.42,52.465,52.37,52.4,1583
2021-11-22,52.28,52.345,52.23,52.32,1320
2021-11-22,52.32,52.32,52.16,52.19,1514
2021-11-22,52.19,52.26,52.19,52.26,479
2021-11-22,52.23,52.25,52.12,52.25,2690
2021-11-22,52.24,52.35,52.24,52.31,902
2021-11-22,52.3,52.38,52.275,52.38,1201
2021-11-22,52.345,52.36,52.22,52.22,702
2021-11-22,52.33,52.36,52.21,52.21,929
2021-11-22,52.28,52.28,52.17,52.2,2254
2021-11-22,52.21,52.25,52.15,52.19,1120
2021-11-22,52.17,52.18,51.96,52.06,2906
2021-11-22,52.03,52.06,51.92,51.92,2672
2021-11-22,51.92,51.99,51.92,51.97,1887
2021-11-22,51.95,51.98,51.89,51.89,1167
2021-11-22,51.85,52.03,51.85,51.97,1283
2021-11-22,51.99,52.02,51.96,52,1901
2021-11-22,52.05,52.31,52.05,52.2,832
2021-11-22,52.25,52.25,52.16,52.16,1117
2021-11-22,52.24,52.24,52.17,52.17,230
2021-11-22,52.35,52.35,52.29,52.305,989
2021-11-22,52.29,52.29,52.14,52.19,1141
2021-11-22,52.24,52.29,52.18,52.2,1027
2021-11-22,52.19,52.23,52.175,52.2,2908
2021-11-22,52.265,52.3,52.14,52.2,3338
2021-11-22,52.18,52.24,52.14,52.21,3905
2021-11-22,52.21,52.23,52.19,52.205,2293
2021-11-22,52.21,52.27,52.2,52.27,2443
2021-11-22,52.26,52.26,52.1,52.1,1434
2021-11-22,52.17,52.25,52.04,52.04,2481
2021-11-22,52,52.2,52,52.18,2079
2021-11-22,52.13,52.19,52.13,52.185,502
2021-11-22,52.16,52.26,52.14,52.26,1759
2021-11-22,52.15,52.16,51.98,52.05,1770
2021-11-22,51.97,52.02,51.825,51.84,2291
2021-11-22,51.55,51.55,51.25,51.25,2003
2021-11-22,51.17,51.2,51.07,51.12,4492
2021-11-22,51.095,51.28,51.095,51.1,4959
2021-11-22,51.11,51.11,50.94,51.01,3274
2021-11-22,51.01,51.05,50.66,50.66,3886
2021-11-22,50.63,50.91,50.63,50.89,4519
2021-11-22,50.89,50.99,50.89,50.99,2139
2021-11-22,50.98,51.045,50.85,50.965,4997
2021-11-22,50.94,50.99,50.91,50.99,3064
2021-11-22,50.99,51.08,50.99,51.07,3032
2021-11-22,50.78,50.78,50.78,50.78,100
2021-11-22,50.98,50.99,50.98,50.99,281
2021-11-22,50.8,50.8,50.8,50.8,150
2021-11-22,50.86,50.86,50.86,50.86,100
2021-11-22,50.96,50.96,50.96,50.96,150
2021-11-22,51.1,51.1,51.1,51.1,100
2021-11-22,51.18,51.18,51.18,51.18,100
2021-11-22,51.4,51.4,51.4,51.4,150
2021-11-22,51.24,51.24,51.24,51.24,105
2021-11-22,51.32,51.32,51.28,51.28,300
2021-11-22,51.24,51.24,51.24,51.24,188
2021-11-23,51.65,52.24,51.33,52.21,8179
2021-11-23,52.49,53,52.31,52.4,10283
2021-11-23,52.41,52.43,51.77,52.04,6320
2021-11-23,52.19,52.79,52.19,52.23,6291
2021-11-23,52.3,52.63,52.25,52.47,9418
2021-11-23,52.5,53.32,52.45,52.87,8001
2021-11-23,52.86,53.1,52.75,52.9,3883
2021-11-23,53.33,53.33,52.9,53.05,5259
2021-11-23,53.31,53.52,53.19,53.44,4276
2021-11-23,53.41,53.66,53.32,53.65,3797
2021-11-23,53.76,53.88,53.65,53.78,2219
2021-11-23,53.73,53.73,53.11,53.4,4849
2021-11-23,53.33,53.36,53.25,53.27,2055
2021-11-23,53.31,54,53.31,53.82,6984
2021-11-23,53.97,53.97,53.75,53.86,3755
2021-11-23,53.68,53.86,53.52,53.66,1703
2021-11-23,53.8,54.295,53.8,54.29,4361
2021-11-23,54.28,54.3,53.94,53.94,2045
2021-11-23,53.98,53.98,53.74,53.795,4894
2021-11-23,53.795,54.01,53.68,53.8,6103
2021-11-23,53.64,53.64,53.33,53.415,2629
2021-11-23,53.48,53.48,53.19,53.31,8939
2021-11-23,53.315,53.47,53.12,53.24,2899
2021-11-23,53.18,53.2,52.85,52.895,3609
2021-11-23,52.88,52.92,52.75,52.88,3509
2021-11-23,52.91,53.07,52.745,52.8,3794
2021-11-23,52.8,53.01,52.74,53,2968
2021-11-23,52.84,53.005,52.79,52.81,2130
2021-11-23,52.75,53.17,52.61,53.17,4075
2021-11-23,53.26,53.58,53.26,53.51,7829
2021-11-23,53.495,53.495,53.11,53.11,5676
2021-11-23,53.12,53.12,52.76,52.8,2944
2021-11-23,52.74,52.74,52.44,52.58,5588
2021-11-23,52.52,52.57,52.06,52.1,4497
2021-11-23,52.1,52.37,52.1,52.37,2827
2021-11-23,52.43,52.56,52.42,52.49,1942
2021-11-23,52.27,52.27,51.8,51.87,4671
2021-11-23,51.92,52.05,51.74,51.74,5010
2021-11-23,51.73,51.8,51.65,51.68,2549
2021-11-23,51.7,51.74,51.57,51.57,1885
2021-11-23,51.52,51.885,51.52,51.87,4255
2021-11-23,51.835,51.85,51.66,51.695,4296
2021-11-23,51.73,52.14,51.73,52.14,6359
2021-11-23,51.97,51.97,51.41,51.48,2440
2021-11-23,51.42,51.65,51.28,51.65,3783
2021-11-23,51.7,52.015,51.7,51.98,5274
2021-11-23,52.03,52.03,51.7,51.765,4193
2021-11-23,51.73,51.985,51.73,51.88,1257
2021-11-23,51.925,52.435,51.925,52.42,8659
2021-11-23,52.36,52.36,52.13,52.17,2175
2021-11-23,52.25,52.25,51.96,51.96,2878
2021-11-23,51.98,52.31,51.91,52.24,4501
2021-11-23,52.16,52.55,52.16,52.4,4160
2021-11-23,52.57,52.73,52.57,52.62,3535
2021-11-23,52.58,52.7,52.42,52.42,2701
2021-11-23,52.45,52.54,52.44,52.54,1450
2021-11-23,52.43,52.48,52.07,52.07,2227
2021-11-23,52.04,52.19,52.01,52.095,1620
2021-11-23,52.135,52.135,51.92,51.95,1117
2021-11-23,51.92,51.99,51.8,51.8,1000
2021-11-23,51.64,51.89,51.64,51.89,2558
2021-11-23,51.92,51.99,51.85,51.86,1332
2021-11-23,52.025,52.16,51.995,52,2851
2021-11-23,51.79,51.79,51.67,51.79,2329
2021-11-23,51.755,51.85,51.72,51.84,5559
2021-11-23,51.885,52.19,51.885,52.19,5152
2021-11-23,51.77,51.89,51.65,51.73,2345
2021-11-23,51.82,51.85,51.61,51.64,2230
2021-11-23,51.55,51.74,51.43,51.605,6240
2021-11-23,51.725,51.915,51.63,51.89,3406
2021-11-23,51.995,51.995,51.54,51.59,3345
2021-11-23,51.36,51.45,51.36,51.4,2110
2021-11-23,51.405,51.405,51.3,51.3,1694
2021-11-23,51.25,51.49,51.13,51.26,4165
2021-11-23,51.25,51.54,51.25,51.455,3694
2021-11-23,51.44,51.79,51.2,51.79,3181
2021-11-23,51.715,51.715,51.61,51.7,1473
2021-11-23,51.77,52.19,51.77,52.16,6364
2021-11-23,52.02,52.135,51.86,51.88,1325
2021-11-23,51.9,52.03,51.59,51.59,1542
2021-11-23,51.47,51.47,51.335,51.36,3093
2021-11-23,51.465,51.465,50.86,50.88,5330
2021-11-23,50.825,50.86,50.71,50.82,5780
2021-11-23,50.9,50.9,50.84,50.84,1795
2021-11-23,50.77,50.81,50.66,50.78,1723
2021-11-23,50.755,51.08,50.755,51.08,4330
2021-11-23,51.07,51.2,50.9,51.17,2685
2021-11-23,51.24,51.24,50.74,50.82,3499
2021-11-23,50.81,51.15,50.8,50.96,1320
2021-11-23,50.93,50.985,50.92,50.955,2916
2021-11-23,50.98,51.55,50.98,51.35,2372
2021-11-23,51.28,51.28,51.01,51.055,2372
2021-11-23,51.03,51.17,50.84,50.84,1426
2021-11-23,50.85,51.28,50.85,51.135,2971
2021-11-23,51.17,51.6,51.16,51.51,4435
2021-11-23,51.47,51.73,51.45,51.73,2136
2021-11-23,51.72,51.76,51.72,51.76,797
2021-11-23,51.77,51.88,51.7,51.735,5361
2021-11-23,51.695,51.96,51.695,51.96,2753
2021-11-23,51.945,51.95,51.83,51.95,2309
2021-11-23,51.925,51.98,51.91,51.965,7524
2021-11-23,51.84,52.09,51.78,52.035,3344
2021-11-23,52.11,52.11,51.97,52.055,4023
2021-11-23,52.065,52.125,51.97,51.97,4837
2021-11-23,51.84,51.84,51.57,51.57,4645
2021-11-23,51.57,51.58,51.4,51.4,4043
2021-11-23,51.415,51.44,51.28,51.38,3229
2021-11-23,51.33,51.51,51.07,51.14,3478
2021-11-23,51.11,51.11,50.9,50.93,3413
2021-11-23,50.86,50.97,50.85,50.95,3450
2021-11-23,50.96,51,50.85,50.92,1861
2021-11-23,50.93,51.27,50.93,51.19,1127
2021-11-23,51.15,51.185,51.04,51.04,1498
2021-11-23,51.12,51.175,50.99,51.175,912
2021-11-23,51.21,51.335,51.21,51.335,1853
2021-11-23,51.37,51.695,51.37,51.69,2098
2021-11-23,51.64,51.68,51.535,51.68,1201
2021-11-23,51.68,51.835,51.68,51.82,512
2021-11-23,51.71,51.725,51.71,51.725,270
2021-11-23,51.455,51.48,51.45,51.48,666
2021-11-23,51.505,51.65,51.46,51.64,2295
2021-11-23,51.73,51.79,51.44,51.44,1648
2021-11-23,51.45,51.62,51.45,51.535,2390
2021-11-23,51.555,51.6,51.535,51.58,1425
2021-11-23,51.56,51.58,51.475,51.475,1667
2021-11-23,51.65,51.67,51.42,51.48,3899
2021-11-23,51.33,51.33,50.97,51.1,1094
2021-11-23,51.16,51.44,51.12,51.34,4606
2021-11-23,51.42,51.58,51.42,51.525,511
2021-11-23,51.57,51.57,51.57,51.57,192
2021-11-23,51.55,51.565,51.52,51.56,3355
2021-11-23,51.45,51.595,51.34,51.595,6706
2021-11-23,51.73,51.775,51.67,51.71,3013
2021-11-23,51.6,51.74,51.6,51.66,820
2021-11-23,51.3,51.3,51.18,51.18,555
2021-11-23,51.15,51.355,51.11,51.34,2272
2021-11-23,51.09,51.09,50.77,50.82,4922
2021-11-23,50.86,51.14,50.86,51.09,9856
2021-11-23,51.06,51.06,50.885,50.91,3746
2021-11-23,51.06,51.07,51.06,51.07,220
2021-11-23,51.12,51.155,51.095,51.14,2635
2021-11-23,51.13,51.13,51.13,51.13,195
2021-11-23,51.02,51.13,51.02,51.02,537
2021-11-23,51.045,51.045,50.85,50.85,587
2021-11-23,50.73,50.78,50.4,50.4,5124
2021-11-23,50.52,50.54,50.32,50.54,1704
2021-11-23,50.54,50.67,50.5,50.635,1205
2021-11-23,50.755,50.93,50.755,50.8,707
2021-11-23,50.76,50.885,50.76,50.87,850
2021-11-23,50.83,50.85,50.795,50.8,856
2021-11-23,50.8,50.865,50.72,50.865,630
2021-11-23,50.78,50.87,50.73,50.77,1030
2021-11-23,50.7,50.7,50.485,50.51,1700
2021-11-23,50.49,50.53,50.455,50.48,4127
2021-11-23,50.53,50.54,50.51,50.52,976
2021-11-23,50.59,50.7,50.56,50.59,1747
2021-11-23,50.53,50.69,50.53,50.69,1253
2021-11-23,50.63,50.8,50.63,50.73,1020
2021-11-23,50.72,50.72,50.54,50.59,1311
2021-11-23,50.625,50.64,50.58,50.625,2938
2021-11-23,50.7,50.855,50.7,50.855,513
2021-11-23,50.845,50.98,50.845,50.98,749
2021-11-23,50.9,51.11,50.87,51.11,2287
2021-11-23,51.05,51.085,51.05,51.085,675
2021-11-23,51.075,51.1,51.055,51.1,564
2021-11-23,51.27,51.31,51.18,51.2,1067
2021-11-23,51.24,51.53,51.24,51.41,16370
2021-11-23,51.4,51.4,51.27,51.32,14246
2021-11-23,51.17,51.215,51.16,51.16,491
2021-11-23,51.15,51.29,51.15,51.29,702
2021-11-23,51.21,51.38,51.21,51.38,1373
2021-11-23,51.295,51.36,51.1,51.1,882
2021-11-23,51.18,51.21,51.12,51.17,783
2021-11-23,51.1,51.1,51.085,51.085,355
2021-11-23,51.16,51.175,51.16,51.175,499
2021-11-23,51.21,51.27,51.13,51.25,820
2021-11-23,51.19,51.19,51.15,51.15,535
2021-11-23,51.11,51.12,50.87,51.04,2013
2021-11-23,51.1,51.12,51.065,51.065,310
2021-11-23,51.08,51.08,51.04,51.05,1120
2021-11-23,51.05,51.295,51.04,51.29,1273
2021-11-23,51.285,51.36,51.26,51.26,2326
2021-11-23,51.3,51.34,51.26,51.27,1537
2021-11-23,51.27,51.27,51.24,51.245,491
2021-11-23,51.215,51.315,51.215,51.315,294
2021-11-23,51.32,51.45,51.31,51.45,1572
2021-11-23,51.47,51.64,51.47,51.625,862
2021-11-23,51.56,51.58,51.45,51.45,2867
2021-11-23,51.5,51.51,51.42,51.42,771
2021-11-23,51.425,51.425,51.425,51.425,140
2021-11-23,51.445,51.45,51.36,51.37,731
2021-11-23,51.37,51.37,51.34,51.34,442
2021-11-23,51.435,51.435,51.34,51.34,530
2021-11-23,51.28,51.28,51.11,51.16,1160
2021-11-23,51.17,51.23,51.13,51.23,1040
2021-11-23,51.16,51.16,51.08,51.08,1076
2021-11-23,51.11,51.425,51.11,51.425,3742
2021-11-23,51.47,51.47,51.39,51.41,412
2021-11-23,51.47,51.49,51.455,51.455,400
2021-11-23,51.4,51.4,51.35,51.35,420
2021-11-23,51.37,51.445,51.37,51.43,5958
2021-11-23,51.36,51.36,51.34,51.34,212
2021-11-23,51.375,51.435,51.375,51.39,710
2021-11-23,51.31,51.31,51.235,51.235,720
2021-11-23,51.15,51.16,51.12,51.16,944
2021-11-23,51.05,51.065,50.99,51.065,1596
2021-11-23,51.02,51.02,50.83,50.84,855
2021-11-23,50.895,50.9,50.76,50.79,1202
2021-11-23,50.775,50.785,50.725,50.75,1379
2021-11-23,50.74,50.77,50.71,50.74,1427
2021-11-23,50.755,50.795,50.73,50.795,913
2021-11-23,50.82,50.94,50.82,50.94,640
2021-11-23,50.935,51.04,50.935,51.04,441
2021-11-23,51.02,51.07,51.02,51.055,1054
2021-11-23,51.05,51.05,50.97,51.02,921
2021-11-23,50.86,50.945,50.86,50.94,643
2021-11-23,50.89,50.955,50.89,50.955,1550
2021-11-23,50.9,50.9,50.89,50.89,200
2021-11-23,50.81,50.88,50.81,50.88,791
2021-11-23,50.925,51.13,50.925,51.03,1234
2021-11-23,50.8,50.81,50.75,50.76,593
2021-11-23,50.72,50.72,50.48,50.605,2101
2021-11-23,50.605,50.65,50.585,50.64,2319
2021-11-23,50.61,50.77,50.61,50.73,962
2021-11-23,50.86,50.93,50.86,50.93,860
2021-11-23,50.98,51.09,50.98,51.08,916
2021-11-23,50.985,50.99,50.985,50.99,220
2021-11-23,51.03,51.03,50.89,50.9,420
2021-11-23,50.915,50.915,50.885,50.885,442
2021-11-23,50.7,50.7,50.7,50.7,400
2021-11-23,50.76,50.98,50.69,50.925,1017
2021-11-23,50.86,50.86,50.86,50.86,140
2021-11-23,50.74,50.77,50.71,50.71,540
2021-11-23,50.62,50.785,50.62,50.785,701
2021-11-23,50.77,50.815,50.7,50.7,541
2021-11-23,50.68,50.68,50.61,50.61,551
2021-11-23,50.585,50.845,50.585,50.845,926
2021-11-23,50.78,50.79,50.76,50.76,328
2021-11-23,50.66,50.665,50.63,50.66,1042
2021-11-23,50.72,50.76,50.66,50.695,1371
2021-11-23,50.65,50.65,50.52,50.52,922
2021-11-23,50.495,50.53,50.45,50.495,1056
2021-11-23,50.4,50.45,50.39,50.39,2150
2021-11-23,50.37,50.43,50.33,50.425,8694
2021-11-23,50.41,50.41,50.31,50.37,1303
2021-11-23,50.115,50.115,50.05,50.09,1728
2021-11-23,50.1,50.16,49.69,49.69,8210
2021-11-23,49.76,49.76,49.57,49.64,1877
2021-11-23,49.58,49.74,49.56,49.74,2415
2021-11-23,49.74,49.74,49.67,49.67,2272
2021-11-23,49.57,49.64,49.52,49.64,2741
2021-11-23,49.635,49.84,49.635,49.82,1490
2021-11-23,49.85,49.85,49.67,49.69,422
2021-11-23,49.81,49.87,49.79,49.86,1135
2021-11-23,49.77,49.81,49.77,49.81,424
2021-11-23,49.8,49.97,49.8,49.915,1972
2021-11-23,49.79,49.83,49.79,49.83,440
2021-11-23,49.815,49.96,49.815,49.96,1820
2021-11-23,49.96,50.25,49.96,50.25,3745
2021-11-23,50.24,50.24,50.17,50.18,506
2021-11-23,50.28,50.4,50.28,50.35,976
2021-11-23,50.37,50.41,50.36,50.39,830
2021-11-23,50.35,50.53,50.35,50.52,1217
2021-11-23,50.48,50.83,50.475,50.8,3702
2021-11-23,50.81,50.855,50.76,50.78,980
2021-11-23,50.735,50.775,50.735,50.775,391
2021-11-23,50.76,50.76,50.56,50.665,2188
2021-11-23,50.74,50.78,50.69,50.72,2005
2021-11-23,50.7,50.74,50.62,50.62,1393
2021-11-23,50.59,50.77,50.59,50.71,693
2021-11-23,50.805,51.15,50.785,51.15,1810
2021-11-23,51.19,51.19,50.91,50.91,915
2021-11-23,50.99,50.99,50.89,50.89,812
2021-11-23,50.89,50.985,50.85,50.85,962
2021-11-23,50.865,51,50.86,50.86,1860
2021-11-23,50.8,50.96,50.8,50.96,411
2021-11-23,51.01,51.09,51.01,51.075,2077
2021-11-23,51.025,51.025,50.85,50.85,920
2021-11-23,50.865,50.91,50.86,50.89,770
2021-11-23,50.95,51.15,50.95,51.15,789
2021-11-23,51.165,51.165,51.07,51.12,591
2021-11-23,51.1,51.16,51.02,51.06,1289
2021-11-23,50.95,50.95,50.87,50.89,442
2021-11-23,50.92,50.92,50.83,50.85,740
2021-11-23,50.83,50.83,50.57,50.61,3259
2021-11-23,50.61,50.72,50.54,50.54,690
2021-11-23,50.42,50.46,50.41,50.46,1328
2021-11-23,50.49,50.53,50.47,50.47,741
2021-11-23,50.465,50.465,50.34,50.34,231
2021-11-23,50.28,50.36,50.13,50.13,2478
2021-11-23,50.14,50.34,50.14,50.31,2111
2021-11-23,50.345,50.345,50.34,50.34,310
2021-11-23,50.27,50.325,50.27,50.325,325
2021-11-23,50.25,50.52,50.25,50.52,612
2021-11-23,50.59,50.59,50.54,50.54,411
2021-11-23,50.575,50.76,50.575,50.76,951
2021-11-23,50.63,50.69,50.62,50.645,471
2021-11-23,50.5,50.5,50.46,50.47,350
2021-11-23,50.555,50.57,50.47,50.555,1401
2021-11-23,50.41,50.47,50.39,50.47,430
2021-11-23,50.475,50.645,50.475,50.645,320
2021-11-23,50.58,50.58,50.43,50.53,564
2021-11-23,50.49,50.49,50.39,50.39,1639
2021-11-23,50.37,50.41,50.32,50.32,706
2021-11-23,50.34,50.38,50.34,50.38,330
2021-11-23,50.46,50.5,50.46,50.5,220
2021-11-23,50.58,50.58,50.45,50.45,430
2021-11-23,50.53,50.6,50.53,50.6,684
2021-11-23,50.61,50.68,50.61,50.64,1960
2021-11-23,50.525,50.63,50.525,50.625,494
2021-11-23,50.61,50.7,50.61,50.7,920
2021-11-23,50.66,50.66,50.64,50.64,200
2021-11-23,50.685,50.79,50.68,50.79,2032
2021-11-23,50.855,51.2,50.855,51.2,2531
2021-11-23,51.21,51.305,51.2,51.295,1530
2021-11-23,51.27,51.355,51.27,51.355,714
2021-11-23,51.44,51.58,51.44,51.56,2312
2021-11-23,51.62,51.74,51.62,51.74,1704
2021-11-23,51.68,51.68,51.58,51.65,862
2021-11-23,51.675,51.76,51.67,51.69,600
2021-11-23,51.695,51.71,51.53,51.59,1052
2021-11-23,51.54,51.57,51.53,51.57,825
2021-11-23,51.59,51.66,51.48,51.51,642
2021-11-23,51.575,51.74,51.575,51.74,1101
2021-11-23,51.745,52.33,51.745,52.04,3618
2021-11-23,52.01,52.04,51.98,51.98,1126
2021-11-23,51.95,51.96,51.94,51.96,406
2021-11-23,51.83,51.89,51.83,51.83,500
2021-11-23,51.85,51.86,51.81,51.81,830
2021-11-23,51.8,51.92,51.8,51.8,1125
2021-11-23,51.855,51.87,51.73,51.73,1013
2021-11-23,51.805,51.86,51.805,51.85,2149
2021-11-23,51.81,51.855,51.8,51.84,1000
2021-11-23,51.88,51.88,51.7,51.71,890
2021-11-23,51.73,51.91,51.73,51.9,1289
2021-11-23,52.02,52.25,52.02,52.25,1136
2021-11-23,52.245,52.52,52.245,52.52,2949
2021-11-23,52.5,52.6,52.435,52.6,1798
2021-11-23,52.56,52.7,52.55,52.66,2826
2021-11-23,52.72,52.83,52.7,52.74,4924
2021-11-23,52.72,52.75,52.55,52.62,3137
2021-11-23,52.6,52.6,52.46,52.47,3853
2021-11-23,52.5,52.72,52.5,52.71,3554
2021-11-23,52.7,52.84,52.49,52.49,4057
2021-11-23,52.54,52.605,52.5,52.51,810
2021-11-23,52.51,52.69,52.41,52.625,2726
2021-11-23,52.49,52.49,52.445,52.48,3612
2021-11-23,52.48,52.48,52.375,52.4,3296
2021-11-23,52.415,52.44,52.29,52.37,5694
2021-11-23,52.2,52.27,52.18,52.255,1121
2021-11-23,52.23,52.23,52.14,52.14,900
2021-11-23,52.135,52.14,52.12,52.13,1150
2021-11-23,52.11,52.195,52.07,52.11,1197
2021-11-23,52.09,52.1,52.01,52.015,1417
2021-11-23,52.05,52.24,52.05,52.18,10703
2021-11-23,52.21,52.21,52.09,52.11,2669
2021-11-23,52.14,52.14,52.075,52.1,3264
2021-11-23,52.05,52.05,51.91,51.91,1989
2021-11-23,51.97,51.97,51.82,51.82,2059
2021-11-23,51.82,51.89,51.78,51.78,560
2021-11-23,51.74,51.92,51.74,51.815,3315
2021-11-23,51.8,51.925,51.8,51.925,3112
2021-11-23,51.88,52.025,51.845,51.99,1910
2021-11-23,51.99,51.99,51.88,51.92,1864
2021-11-23,51.93,52.02,51.93,51.94,2080
2021-11-23,51.96,52.02,51.9,51.92,2962
2021-11-23,51.95,52.065,51.95,52.065,2326
2021-11-23,52.07,52.33,52.07,52.24,3823
2021-11-23,52.25,52.34,52.25,52.34,4269
2021-11-23,52.32,52.375,52.24,52.24,3073
2021-11-23,52.31,52.67,52.31,52.67,3919
2021-11-23,52.565,52.635,52.53,52.54,2207
2021-11-23,52.61,52.61,52.54,52.59,2267
2021-11-23,52.59,52.63,52.5,52.5,4052
2021-11-23,52.56,52.62,52.54,52.62,4597
2021-11-23,52.6,52.65,52.525,52.545,2321
2021-11-23,52.57,52.58,52.24,52.325,3985
2021-11-23,52.32,52.4,52.32,52.35,4926
2021-11-23,52.35,52.48,52.35,52.375,1200
2021-11-23,52.38,52.43,52.38,52.41,1013
2021-11-23,52.41,52.86,52.41,52.84,10540
2021-11-23,52.77,52.81,52.71,52.79,2539
2021-11-23,52.76,52.79,52.68,52.79,3344
2021-11-23,52.76,52.76,52.54,52.67,3398
2021-11-23,52.67,52.69,52.61,52.64,1603
2021-11-23,52.625,52.63,52.575,52.61,7490
2021-11-23,52.64,52.64,52.44,52.46,2283
2021-11-23,52.44,52.56,52.42,52.53,4308
2021-11-23,52.55,52.55,52.47,52.51,2376
2021-11-23,52.52,52.59,52.44,52.44,8175
2021-11-23,52.23,52.23,52.23,52.23,140
2021-11-23,52.2,52.2,52.2,52.2,100
2021-11-23,52.17,52.17,52.13,52.13,400
2021-11-23,52.14,52.14,52.13,52.13,200
2021-11-23,52.15,52.15,52.15,52.15,100
2021-11-23,52.22,52.24,52.21,52.24,308
2021-11-23,52.16,52.16,52.14,52.14,250
2021-11-23,51.88,51.88,51.88,51.88,125
2021-11-23,52.15,52.15,52.13,52.14,300
2021-11-23,52.39,52.39,52.39,52.39,100
2021-11-23,52.31,52.31,52.3,52.3,200
2021-11-24,52.3,52.3,52.3,52.3,1255
2021-11-24,51.8,52.3,51.74,51.81,6140
2021-11-24,51.88,52.28,51.58,51.94,4597
2021-11-24,51.77,51.77,51.05,51.15,752
2021-11-24,51.2,51.35,50.64,50.73,4696
2021-11-24,50.99,51.05,50.34,50.54,2587
2021-11-24,50.53,50.87,50.47,50.68,3788
2021-11-24,50.71,51.14,50.71,51.03,10650
2021-11-24,50.92,51.22,50.89,51,9037
2021-11-24,50.94,51.13,50.62,50.655,4723
2021-11-24,50.72,50.72,50.44,50.44,3063
2021-11-24,50.37,50.73,50.28,50.69,3704
2021-11-24,50.81,50.98,50.67,50.67,569
2021-11-24,50.92,50.92,50.61,50.67,1266
2021-11-24,50.81,50.91,50.4,50.4,1657
2021-11-24,50.57,50.74,50.5,50.66,2403
2021-11-24,50.74,50.96,50.74,50.84,6084
2021-11-24,50.66,51.16,50.66,51.15,1355
2021-11-24,51.13,51.4,51.1,51.15,2099
2021-11-24,51.22,51.22,51.02,51.05,1136
2021-11-24,50.96,50.96,50.75,50.77,719
2021-11-24,51.05,51.25,50.94,50.95,1790
2021-11-24,51.11,51.27,51.1,51.12,1146
2021-11-24,51.22,51.22,50.85,50.91,1671
2021-11-24,50.95,51.09,50.95,51.09,401
2021-11-24,51.06,51.06,50.955,50.955,1138
2021-11-24,50.94,50.94,50.71,50.77,694
2021-11-24,50.84,50.84,50.82,50.84,529
2021-11-24,50.56,50.85,50.56,50.82,2018
2021-11-24,50.815,50.97,50.81,50.95,3313
2021-11-24,50.98,50.99,50.91,50.965,1301
2021-11-24,50.74,50.99,50.74,50.98,10779
2021-11-24,50.925,50.99,50.925,50.98,2351
2021-11-24,50.92,51.55,50.92,51.55,6268
2021-11-24,51.54,51.54,51.45,51.515,2884
2021-11-24,51.54,51.54,51.36,51.37,2401
2021-11-24,51.37,51.41,51.15,51.245,6746
2021-11-24,51.2,51.2,50.96,51,4319
2021-11-24,50.85,50.94,50.81,50.84,2696
2021-11-24,50.94,51.005,50.84,50.84,4427
2021-11-24,50.76,50.97,50.76,50.84,1225
2021-11-24,50.92,50.92,50.91,50.91,990
2021-11-24,50.86,50.96,50.45,50.475,4816
2021-11-24,50.48,50.655,50.46,50.655,5946
2021-11-24,50.35,50.56,50.29,50.29,6555
2021-11-24,50.405,50.44,50.35,50.43,4545
2021-11-24,50.29,50.52,50.29,50.49,4038
2021-11-24,50.46,50.5,50.26,50.385,1557
2021-11-24,50.4,50.4,50.16,50.24,1958
2021-11-24,50.25,50.26,50,50.12,3210
2021-11-24,50.14,50.26,50.14,50.22,3061
2021-11-24,50.255,50.61,50.225,50.52,5059
2021-11-24,50.56,50.72,50.56,50.62,6222
2021-11-24,50.58,50.63,50.535,50.605,2273
2021-11-24,50.62,50.62,50.495,50.565,1381
2021-11-24,50.53,50.89,50.53,50.83,4137
2021-11-24,50.845,50.875,50.77,50.875,2216
2021-11-24,50.765,50.78,50.69,50.77,2735
2021-11-24,50.72,51.18,50.7,51.07,4330
2021-11-24,51.035,51.055,50.86,50.945,1628
2021-11-24,50.91,50.97,50.84,50.97,1090
2021-11-24,50.94,50.96,50.94,50.95,435
2021-11-24,50.98,50.98,50.65,50.67,2633
2021-11-24,50.815,50.815,50.73,50.73,3422
2021-11-24,50.74,50.77,50.7,50.74,1795
2021-11-24,50.8,50.8,50.64,50.69,1000
2021-11-24,50.88,50.99,50.88,50.94,1630
2021-11-24,50.9,50.9,50.83,50.83,480
2021-11-24,50.74,50.77,50.68,50.68,802
2021-11-24,50.64,50.8,50.64,50.8,765
2021-11-24,50.73,50.81,50.66,50.81,490
2021-11-24,50.88,50.89,50.88,50.89,715
2021-11-24,50.88,50.88,50.78,50.82,379
2021-11-24,50.85,50.85,50.85,50.85,110
2021-11-24,50.67,50.67,50.64,50.64,601
2021-11-24,50.54,50.57,50.39,50.39,2290
2021-11-24,50.45,50.46,50.35,50.41,900
2021-11-24,50.37,50.42,50.305,50.35,1308
2021-11-24,50.34,50.34,50.3,50.3,1000
2021-11-24,50.29,50.34,50.25,50.34,958
2021-11-24,50.395,50.51,50.36,50.37,4276
2021-11-24,50.36,50.37,50.35,50.35,690
2021-11-24,50.37,50.68,50.37,50.68,1485
2021-11-24,50.47,50.48,50.47,50.48,200
2021-11-24,50.48,50.48,50.4,50.4,600
2021-11-24,50.45,50.45,50.36,50.36,628
2021-11-24,50.45,50.45,50.35,50.43,1510
2021-11-24,50.37,50.53,50.37,50.53,897
2021-11-24,50.53,50.54,50.41,50.41,1020
2021-11-24,50.4,50.4,50.22,50.35,2271
2021-11-24,50.38,50.4,50.28,50.39,1083
2021-11-24,50.41,50.41,50.18,50.25,1881
2021-11-24,50.15,50.15,50.15,50.15,351
2021-11-24,50.12,50.14,50.08,50.08,1682
2021-11-24,50.1,50.12,50.09,50.12,383
2021-11-24,50.13,50.41,50.13,50.41,1553
2021-11-24,50.45,50.45,50.31,50.31,563
2021-11-24,50.31,50.41,50.31,50.41,600
2021-11-24,50.47,50.47,50.45,50.45,714
2021-11-24,50.465,50.47,50.425,50.47,2942
2021-11-24,50.46,50.59,50.46,50.55,2185
2021-11-24,50.58,50.58,50.49,50.49,1534
2021-11-24,50.495,50.495,50.41,50.49,2242
2021-11-24,50.44,50.45,50.38,50.38,595
2021-11-24,50.44,50.53,50.44,50.53,992
2021-11-24,50.55,50.55,50.5,50.5,300
2021-11-24,50.54,50.69,50.54,50.68,1211
2021-11-24,50.66,50.87,50.66,50.8,2995
2021-11-24,50.83,50.88,50.81,50.88,2466
2021-11-24,50.88,50.96,50.88,50.96,3978
2021-11-24,50.975,50.975,50.84,50.85,2600
2021-11-24,50.87,50.87,50.83,50.86,1001
2021-11-24,50.96,50.96,50.92,50.92,200
2021-11-24,50.89,50.94,50.89,50.9,952
2021-11-24,50.885,50.9,50.73,50.77,1401
2021-11-24,50.755,50.755,50.66,50.66,714
2021-11-24,50.78,50.78,50.65,50.65,505
2021-11-24,50.66,50.69,50.66,50.69,439
2021-11-24,50.65,50.65,50.65,50.65,184
2021-11-24,50.83,50.83,50.76,50.76,588
2021-11-24,50.69,50.7,50.69,50.69,501
2021-11-24,50.6,50.6,50.6,50.6,149
2021-11-24,50.46,50.56,50.46,50.51,582
2021-11-24,50.45,50.45,50.45,50.45,200
2021-11-24,50.975,50.98,50.82,50.845,593.0
