Date,Open,High,Low,Close,Volume
2021-11-19,343.53,343.68,343.53,343.68,591
2021-11-19,343.66,343.72,343.66,343.72,305
2021-11-19,343.835,343.91,343.835,343.91,526
2021-11-19,343.845,343.845,343.615,343.615,904
2021-11-19,343.625,343.64,343.61,343.61,2000
2021-11-19,343.56,343.56,343.49,343.525,1211
2021-11-19,343.525,343.53,343.465,343.52,1248
2021-11-19,343.51,343.54,343.51,343.54,694
2021-11-19,343.67,343.69,343.67,343.69,402
2021-11-19,343.63,343.63,343.54,343.61,1231
2021-11-19,343.77,343.77,343.705,343.72,2263
2021-11-19,343.72,343.72,343.62,343.62,600
2021-11-19,343.68,343.68,343.55,343.55,515
2021-11-19,343.55,343.55,343.48,343.53,1345
2021-11-19,343.735,343.735,343.72,343.72,313
2021-11-19,343.71,343.71,343.68,343.68,300
2021-11-19,343.67,343.68,343.67,343.68,258
2021-11-19,343.54,343.59,343.52,343.59,893
2021-11-19,343.53,343.57,343.53,343.53,603
2021-11-19,343.49,343.49,343.49,343.49,200
2021-11-19,343.455,343.455,343.44,343.44,300
2021-11-19,343.49,343.53,343.49,343.51,816
2021-11-19,343.615,343.615,343.55,343.55,766
2021-11-19,343.52,343.52,343.37,343.37,1043
2021-11-19,343.38,343.43,343.34,343.34,300
2021-11-19,343.34,343.34,343.28,343.28,905
2021-11-19,343.42,343.44,343.42,343.44,500
2021-11-19,343.4,343.48,343.4,343.465,2144
2021-11-19,343.49,343.49,343.41,343.41,1063
2021-11-19,343.48,343.48,343.415,343.43,806
2021-11-19,343.42,343.42,343.39,343.39,314
2021-11-19,343.48,343.51,343.48,343.51,1230
2021-11-19,343.58,343.615,343.58,343.61,553
2021-11-19,343.61,343.78,343.61,343.78,1432
2021-11-19,343.66,343.66,343.6,343.6,300
2021-11-19,343.42,343.75,343.42,343.75,1067
2021-11-19,343.65,343.65,343.58,343.61,600
2021-11-19,343.65,343.65,343.65,343.65,200
2021-11-19,343.67,343.67,343.67,343.67,400
2021-11-19,343.665,343.665,343.665,343.665,300
2021-11-19,343.85,343.99,343.85,343.99,1870
2021-11-19,343.92,343.95,343.89,343.95,629
2021-11-19,343.99,344.17,343.99,344.17,828
2021-11-19,344.18,344.21,344.18,344.21,301
2021-11-19,344.1,344.12,343.985,343.985,910
2021-11-19,344.005,344.005,343.94,343.95,1973
2021-11-19,343.96,344.015,343.86,343.88,2746
2021-11-19,343.86,343.87,343.85,343.85,555
2021-11-19,343.82,343.82,343.77,343.77,779
2021-11-19,343.77,343.77,343.72,343.76,1043
2021-11-19,343.75,343.75,343.725,343.725,1000
2021-11-19,343.66,343.71,343.66,343.69,1101
2021-11-19,343.68,343.68,343.61,343.65,1851
2021-11-19,343.65,343.7,343.65,343.7,600
2021-11-19,343.74,343.74,343.605,343.605,721
2021-11-19,343.62,343.69,343.62,343.69,996
2021-11-19,343.675,343.675,343.585,343.585,502
2021-11-19,343.57,343.57,343.47,343.52,1917
2021-11-19,343.53,343.53,343.51,343.51,475
2021-11-19,343.515,343.58,343.51,343.58,900
2021-11-19,343.64,343.66,343.61,343.63,670
2021-11-19,343.65,343.65,343.62,343.62,502
2021-11-19,343.6,343.61,343.6,343.61,393
2021-11-19,343.61,343.67,343.61,343.62,1310
2021-11-19,343.675,343.675,343.65,343.66,400
2021-11-19,343.61,343.7,343.61,343.7,1511
2021-11-19,343.63,343.83,343.595,343.81,2013
2021-11-19,343.85,343.85,343.66,343.66,1097
2021-11-19,343.66,343.66,343.53,343.55,617
2021-11-19,343.53,343.53,343.465,343.465,404
2021-11-19,343.45,343.45,343.27,343.32,1111
2021-11-19,343.38,343.48,343.38,343.435,922
2021-11-19,343.39,343.43,343.375,343.43,960
2021-11-19,343.385,343.385,343.31,343.32,1312
2021-11-19,343.295,343.38,343.27,343.38,700
2021-11-19,343.335,343.36,343.3,343.32,944
2021-11-19,343.36,343.36,343.28,343.28,731
2021-11-19,343.275,343.32,343.21,343.25,1936
2021-11-19,343.39,343.46,343.38,343.45,1158
2021-11-19,343.4,343.44,343.37,343.38,717
2021-11-19,343.4,343.425,343.38,343.425,707
2021-11-19,343.45,343.56,343.45,343.56,996
2021-11-19,343.55,343.57,343.54,343.56,909
2021-11-19,343.54,343.57,343.49,343.57,611
2021-11-19,343.62,343.67,343.58,343.6,1508
2021-11-19,343.5,343.54,343.48,343.49,991
2021-11-19,343.52,343.57,343.52,343.55,600
2021-11-19,343.54,343.54,343.45,343.47,1701
2021-11-19,343.51,343.51,343.47,343.51,870
2021-11-19,343.45,343.49,343.39,343.39,719
2021-11-19,343.33,343.35,343.285,343.285,502
2021-11-19,343.415,343.495,343.415,343.495,603
2021-11-19,343.56,343.56,343.56,343.56,203
2021-11-19,343.535,343.56,343.535,343.56,300
2021-11-19,343.62,343.77,343.62,343.77,746
2021-11-19,343.88,343.92,343.88,343.92,500
2021-11-19,343.89,343.89,343.73,343.74,779
2021-11-19,343.7,343.71,343.68,343.7,701
2021-11-19,343.7,343.75,343.7,343.75,900
2021-11-19,343.775,343.775,343.625,343.625,202
2021-11-19,343.655,343.84,343.655,343.83,400
2021-11-19,343.77,343.77,343.72,343.72,302
2021-11-19,343.59,343.83,343.59,343.83,204
2021-11-19,343.89,343.9,343.89,343.9,543
2021-11-19,343.78,343.78,343.78,343.78,102
2021-11-19,343.6,343.72,343.6,343.68,1051
2021-11-19,343.79,343.79,343.79,343.79,135
2021-11-19,343.8,343.8,343.8,343.8,304
2021-11-19,343.82,343.82,343.76,343.76,400
2021-11-19,343.81,343.86,343.81,343.85,605
2021-11-19,343.83,343.84,343.83,343.84,652
2021-11-19,343.9,343.91,343.9,343.91,205
2021-11-19,343.79,343.79,343.79,343.79,309
2021-11-19,343.78,343.78,343.76,343.76,403
2021-11-19,343.84,343.87,343.83,343.83,500
2021-11-19,343.69,343.8,343.61,343.69,1622
2021-11-19,343.69,343.7,343.35,343.35,802
2021-11-19,343.375,343.375,343.19,343.22,1254
2021-11-19,343.305,343.31,343.3,343.31,613
2021-11-19,343.35,343.39,343.29,343.39,1098
2021-11-19,343.4,343.4,343.25,343.25,899
2021-11-19,343.18,343.23,343.18,343.23,434
2021-11-19,343.115,343.13,343.1,343.13,306
2021-11-19,343.095,343.095,343.095,343.095,128
2021-11-19,343.02,343.02,342.96,342.98,504
2021-11-19,343.04,343.04,342.94,343.03,554
2021-11-19,343.1,343.16,343.05,343.05,835
2021-11-19,343.01,343.01,342.8,342.93,959
2021-11-19,342.92,342.92,342.69,342.75,2556
2021-11-19,342.82,342.91,342.82,342.91,846
2021-11-19,342.825,342.92,342.825,342.92,555
2021-11-19,342.94,342.94,342.895,342.91,843
2021-11-19,342.88,342.965,342.88,342.96,1020
2021-11-19,342.92,342.92,342.82,342.91,2775
2021-11-19,342.9,342.91,342.81,342.85,1269
2021-11-19,342.83,342.83,342.73,342.8,429
2021-11-19,342.8,343.09,342.8,343.09,1361
2021-11-19,342.93,342.98,342.88,342.9,1242
2021-11-19,342.97,343.08,342.97,343.08,442
2021-11-19,343.07,343.14,343.07,343.14,219
2021-11-19,343.07,343.07,343.03,343.03,503
2021-11-19,343.07,343.07,343.07,343.07,200
2021-11-19,343.12,343.15,343.12,343.12,821
2021-11-19,343.11,343.11,343.11,343.11,439
2021-11-19,343.11,343.11,343.09,343.09,368
2021-11-19,343.13,343.13,343.13,343.13,501
2021-11-19,343.17,343.26,343.17,343.21,3072
2021-11-19,343.2,343.25,343.19,343.25,1241
2021-11-19,343.26,343.26,343.2,343.2,876
2021-11-19,343.24,343.3,343.24,343.3,756
2021-11-19,343.29,343.29,343.26,343.26,499
2021-11-19,343.26,343.26,343.17,343.17,687
2021-11-19,343.28,343.28,343.18,343.19,716
2021-11-19,343.18,343.24,343.18,343.21,614
2021-11-19,343.28,343.28,343.28,343.28,175
2021-11-19,343.28,343.28,343.265,343.265,508
2021-11-19,343.35,343.39,343.35,343.39,360
2021-11-19,343.39,343.39,343.35,343.35,472
2021-11-19,343.35,343.35,343.26,343.26,1066
2021-11-19,343.25,343.25,343.25,343.25,288
2021-11-19,343.23,343.24,343.22,343.22,411
2021-11-19,343.25,343.25,343.24,343.24,1312
2021-11-19,343.24,343.27,343.24,343.26,650
2021-11-19,343.32,343.365,343.32,343.365,853
2021-11-19,343.36,343.39,343.25,343.29,1585
2021-11-19,343.37,343.37,343.34,343.34,309
2021-11-19,343.3,343.39,343.29,343.39,461
2021-11-19,343.33,343.33,343.33,343.33,100
2021-11-19,343.27,343.28,343.255,343.26,1165
2021-11-19,343.26,343.26,343.16,343.16,318
2021-11-19,343.13,343.13,343.09,343.09,429
2021-11-19,343.09,343.11,343.09,343.11,502
2021-11-19,343.05,343.05,343.05,343.05,101
2021-11-19,343.06,343.06,343.02,343.02,400
2021-11-19,342.99,342.99,342.9,342.91,968
2021-11-19,342.95,343.08,342.95,343.08,867
2021-11-19,343.1,343.12,343.065,343.08,1085
2021-11-19,343.08,343.08,343.04,343.06,704
2021-11-19,342.98,342.98,342.89,342.9,1588
2021-11-19,342.95,342.97,342.9,342.97,724
2021-11-19,342.98,342.98,342.94,342.96,1019
2021-11-19,342.94,343.155,342.92,343.14,1104
2021-11-19,343.11,343.12,343.09,343.12,510
2021-11-19,343.13,343.16,343.1,343.16,960
2021-11-19,343.11,343.11,343.075,343.075,519
2021-11-19,343.09,343.09,343.02,343.03,665
2021-11-19,343.02,343.08,343.02,343.08,403
2021-11-19,343.11,343.11,343.05,343.1,1382
2021-11-19,343.06,343.12,343.06,343.11,704
2021-11-19,343.07,343.07,343.02,343.02,334
2021-11-19,343.08,343.08,343.07,343.07,460
2021-11-19,342.98,342.98,342.98,342.98,538
2021-11-19,343.01,343.035,343,343.035,485
2021-11-19,342.97,342.97,342.89,342.89,953
2021-11-19,342.85,342.96,342.85,342.96,451
2021-11-19,342.98,343.04,342.98,343.04,201
2021-11-19,343.05,343.05,342.97,342.97,651
2021-11-19,342.97,342.985,342.97,342.97,667
2021-11-19,342.92,342.935,342.88,342.88,607
2021-11-19,342.97,343.04,342.97,343,621
2021-11-19,343,343.07,342.94,343.07,786
2021-11-19,343.07,343.07,343.07,343.07,348
2021-11-19,342.97,342.98,342.97,342.98,885
2021-11-19,342.915,342.94,342.9,342.91,2173
2021-11-19,342.92,342.92,342.875,342.875,781
2021-11-19,342.95,343.01,342.95,342.97,500
2021-11-19,342.93,342.94,342.915,342.94,1450
2021-11-19,342.94,343,342.92,342.96,944
2021-11-19,342.95,342.95,342.89,342.93,905
2021-11-19,342.95,342.95,342.89,342.9,1555
2021-11-19,342.91,343.02,342.91,343,537
2021-11-19,343.09,343.09,343.08,343.08,401
2021-11-19,343.13,343.19,343.12,343.19,1423
2021-11-19,343.22,343.22,343.12,343.12,2175
2021-11-19,343.11,343.11,342.95,342.98,2605
2021-11-19,343,343.08,342.95,343.08,1710
2021-11-19,343.08,343.09,343.05,343.05,930
2021-11-19,343.07,343.09,343.07,343.09,291
2021-11-19,343.09,343.1,343.03,343.03,1051
2021-11-19,343.045,343.09,343.045,343.05,571
2021-11-19,343.05,343.06,342.99,342.99,1181
2021-11-19,342.99,343.03,342.97,342.97,619
2021-11-19,343.05,343.11,343.05,343.11,737
2021-11-19,343.1,343.115,343.1,343.115,371
2021-11-19,343.08,343.08,343.06,343.06,519
2021-11-19,343.05,343.1,343.05,343.08,590
2021-11-19,343.12,343.12,342.94,342.94,593
2021-11-19,342.93,343.01,342.93,343.01,1525
2021-11-19,343.01,343.09,343.01,343.09,1129
2021-11-19,343.15,343.15,343.095,343.13,908
2021-11-19,343.08,343.08,343,343.01,2174
2021-11-19,343.02,343.12,343,343.12,1136
2021-11-19,343.11,343.27,343.11,343.25,2172
2021-11-19,343.3,343.34,343.3,343.3,956
2021-11-19,343.28,343.47,343.28,343.47,770
2021-11-19,343.43,343.5,343.4,343.47,1713
2021-11-19,343.44,343.45,343.4,343.4,1078
2021-11-19,343.43,343.56,343.43,343.56,990
2021-11-19,343.53,343.53,343.53,343.53,477
2021-11-19,343.535,343.54,343.5,343.5,716
2021-11-19,343.53,343.53,343.53,343.53,284
2021-11-19,343.53,343.66,343.53,343.58,1420
2021-11-19,343.55,343.55,343.45,343.45,1527
2021-11-19,343.45,343.46,343.44,343.46,855
2021-11-19,343.42,343.42,343.35,343.385,1897
2021-11-19,343.43,343.43,343.295,343.31,1009
2021-11-19,343.32,343.41,343.32,343.41,1014
2021-11-19,343.32,343.32,343.295,343.305,571
2021-11-19,343.2,343.2,343.16,343.17,645
2021-11-19,343.09,343.17,342.99,343.17,1158
2021-11-19,343.17,343.23,343.17,343.21,1141
2021-11-19,343.2,343.31,343.195,343.29,1679
2021-11-19,343.295,343.41,343.29,343.41,2390
2021-11-19,343.38,343.38,343.13,343.13,4155
2021-11-19,343.11,343.27,343.03,343.17,3400
2021-11-19,343.175,343.175,342.96,342.97,2615
2021-11-19,342.96,343.16,342.96,343.16,1467
2021-11-19,343.12,343.15,342.93,342.93,2741
2021-11-19,342.96,343.24,342.96,343.195,4049
2021-11-19,342.995,343.085,342.895,343.035,5171
2021-11-19,343.05,343.265,343.025,343.25,7828
2021-11-19,343.27,343.27,343.11,343.11,5037
2021-11-19,343.11,343.13,343.08,343.1,6916
2021-11-19,343.16,343.35,343.02,343.2,11310
2021-11-22,344.57,344.73,344.135,344.23,12009
2021-11-22,344.13,345.24,344.08,345.24,11099
2021-11-22,344.985,345.69,344.985,345.24,3116
2021-11-22,345.24,345.36,344.93,344.94,3408
2021-11-22,344.99,345.35,344.99,345.35,4528
2021-11-22,345.55,346.985,345.55,346.81,9162
2021-11-22,346.7,347.06,346.52,346.6,3208
2021-11-22,346.55,346.89,346.53,346.78,3683
2021-11-22,346.78,346.87,346.675,346.675,4401
2021-11-22,346.635,346.89,346.625,346.86,3308
2021-11-22,347.03,347.44,347.03,347.44,3307
2021-11-22,347.38,347.72,347.31,347.71,4077
2021-11-22,347.43,347.43,347.11,347.11,864
2021-11-22,347.195,348.125,347.155,348.125,8427
2021-11-22,348.17,348.355,347.965,348.11,7726
2021-11-22,348.14,348.2,347.7,347.7,2152
2021-11-22,347.71,347.72,347.31,347.31,1148
2021-11-22,347.15,347.18,347.02,347.1,1912
2021-11-22,347.195,347.25,347.045,347.1,2322
2021-11-22,347.135,347.19,347,347.16,3221
2021-11-22,347,347.115,346.83,346.83,3574
2021-11-22,346.745,346.745,346.605,346.62,600
2021-11-22,346.7,346.81,346.65,346.65,657
2021-11-22,346.78,346.81,346.65,346.65,903
2021-11-22,346.66,346.755,346.535,346.71,5132
2021-11-22,346.72,347.03,346.715,346.79,9763
2021-11-22,346.85,347.055,346.51,346.62,5322
2021-11-22,346.625,347.06,346.625,347.015,3130
2021-11-22,346.75,346.765,346.65,346.76,6577
2021-11-22,346.75,346.89,346.7,346.89,7182
2021-11-22,347.03,347.53,347.03,347.44,3746
2021-11-22,347.4,347.86,347.35,347.86,3844
2021-11-22,347.81,347.81,347.63,347.63,1971
2021-11-22,347.59,347.89,347.59,347.89,1750
2021-11-22,347.95,348.11,347.62,347.62,3562
2021-11-22,347.7,347.7,347.52,347.52,1394
2021-11-22,347.77,347.79,347.5,347.5,2908
2021-11-22,347.71,347.75,347.68,347.68,702
2021-11-22,347.75,347.925,347.61,347.83,2168
2021-11-22,347.96,348.04,347.8,347.9,2148
2021-11-22,348.04,348.15,348.02,348.1,1910
2021-11-22,348,348,347.755,347.755,2086
2021-11-22,348.09,348.28,348.09,348.28,878
2021-11-22,348.52,348.76,348.52,348.76,3613
2021-11-22,348.65,348.65,348.5,348.5,3856
2021-11-22,348.61,348.61,348.35,348.44,2346
2021-11-22,348.44,348.89,348.44,348.89,2172
2021-11-22,348.96,348.96,348.66,348.76,2693
2021-11-22,348.81,348.955,348.75,348.955,1240
2021-11-22,348.925,349.08,348.925,349.05,2595
2021-11-22,349.13,349.24,349.05,349.24,1486
2021-11-22,349.38,349.57,349.31,349.31,4322
2021-11-22,349.28,349.53,349.23,349.46,5270
2021-11-22,349.43,349.44,349.395,349.395,942
2021-11-22,349.27,349.36,349.26,349.31,558
2021-11-22,349.26,349.26,348.91,348.91,951
2021-11-22,348.95,349.04,348.94,348.96,1018
2021-11-22,349.09,349.4,349.09,349.33,1420
2021-11-22,349.3,349.635,349.3,349.49,3940
2021-11-22,349.43,349.43,349.1,349.22,7900
2021-11-22,349.18,349.18,348.925,348.925,6835
2021-11-22,348.935,348.935,348.42,348.42,15273
2021-11-22,348.21,348.27,348.19,348.27,728
2021-11-22,348.35,348.38,348.09,348.19,1765
2021-11-22,348.22,348.32,348.18,348.205,9571
2021-11-22,348.19,348.46,348.15,348.15,9703
2021-11-22,348.08,348.24,348.08,348.17,6447
2021-11-22,348.28,348.41,348.265,348.4,6410
2021-11-22,348.36,348.5,348.36,348.49,2045
2021-11-22,348.35,348.5,348.335,348.42,1851
2021-11-22,348.33,348.38,348.2,348.27,8523
2021-11-22,348.27,348.35,348.195,348.25,7139
2021-11-22,348.265,348.37,348.22,348.26,8921
2021-11-22,348.29,348.31,348.205,348.24,21369
2021-11-22,348.215,348.215,348.095,348.1,15642
2021-11-22,348.2,348.28,348.025,348.28,18200
2021-11-22,348.18,348.26,348.05,348.05,22624
2021-11-22,347.84,347.965,347.76,347.965,2021
2021-11-22,347.9,348.1,347.9,348.1,1587
2021-11-22,348.07,348.29,348.07,348.26,1910
2021-11-22,348.32,348.32,348.18,348.18,2119
2021-11-22,348.17,348.21,348.12,348.195,2130
2021-11-22,348.175,348.22,348.14,348.14,1805
2021-11-22,348.1,348.1,347.995,348.09,1140
2021-11-22,348.13,348.14,348.06,348.075,2305
2021-11-22,348.12,348.12,347.83,347.83,15839
2021-11-22,347.81,347.81,347.365,347.54,4016
2021-11-22,347.525,347.525,347.34,347.4,7256
2021-11-22,347.29,347.63,347.285,347.58,4787
2021-11-22,347.56,347.71,347.49,347.68,5332
2021-11-22,347.7,347.78,347.685,347.685,8352
2021-11-22,347.52,348.07,347.52,348.06,11232
2021-11-22,347.77,347.82,347.66,347.665,1593
2021-11-22,347.49,347.49,347.33,347.33,1964
2021-11-22,347.31,347.31,346.99,346.99,2464
2021-11-22,347.07,347.07,346.71,346.71,1265
2021-11-22,346.86,346.925,346.76,346.835,4605
2021-11-22,346.87,346.97,346.78,346.78,706
2021-11-22,346.72,346.77,346.4,346.4,4444
2021-11-22,346.36,346.505,346.27,346.505,1140
2021-11-22,346.375,346.39,346.37,346.37,1061
2021-11-22,346.38,346.39,346.12,346.12,1123
2021-11-22,345.8,345.86,345.72,345.85,1265
2021-11-22,345.65,345.65,345.64,345.64,517
2021-11-22,345.67,345.75,345.505,345.505,832
2021-11-22,345.37,345.59,345.34,345.485,2907
2021-11-22,345.34,345.34,345.17,345.22,10636
2021-11-22,345.22,345.38,345.21,345.29,15305
2021-11-22,345.34,345.425,345.33,345.4,4892
2021-11-22,345.42,345.55,345.42,345.465,4318
2021-11-22,345.42,345.575,345.35,345.5,4542
2021-11-22,345.405,345.425,345.27,345.27,6264
2021-11-22,345.21,345.21,345.05,345.115,14786
2021-11-22,345.125,345.395,345.08,345.28,7867
2021-11-22,345.295,345.365,345.275,345.365,10991
2021-11-22,345.485,345.525,345.36,345.385,8786
2021-11-22,345.34,345.55,345.33,345.48,4338
2021-11-22,345.51,345.73,345.43,345.43,5044
2021-11-22,345.215,345.46,345.2,345.33,3447
2021-11-22,345.23,345.31,345.19,345.28,1702
2021-11-22,345.295,345.36,345.19,345.31,1598
2021-11-22,345.29,345.615,345.29,345.61,1799
2021-11-22,345.5,345.75,345.49,345.75,1471
2021-11-22,345.675,345.76,345.675,345.76,1044
2021-11-22,345.595,345.595,345.46,345.53,676
2021-11-22,345.63,345.63,345.56,345.62,1140
2021-11-22,345.75,345.75,345.75,345.75,402
2021-11-22,345.555,345.69,345.555,345.62,1010
2021-11-22,345.6,345.6,345.5,345.5,1541
2021-11-22,345.5,345.59,345.45,345.59,729
2021-11-22,345.65,345.66,345.65,345.66,553
2021-11-22,345.62,345.62,345.55,345.55,658
2021-11-22,345.44,345.44,345.18,345.18,2305
2021-11-22,345.215,345.215,344.98,344.995,2557
2021-11-22,345.13,345.255,345.125,345.255,1147
2021-11-22,345.13,345.13,345,345,1794
2021-11-22,345,345.015,344.85,344.85,1466
2021-11-22,344.78,344.99,344.78,344.9,3618
2021-11-22,344.925,344.96,344.675,344.74,10326
2021-11-22,344.83,344.91,344.785,344.91,9084
2021-11-22,344.755,344.805,344.615,344.615,6235
2021-11-22,344.6,344.6,344.11,344.11,3176
2021-11-22,344.01,344.05,343.74,343.74,3265
2021-11-22,343.79,343.95,343.73,343.88,4931
2021-11-22,343.85,343.96,343.82,343.91,3662
2021-11-22,343.99,343.99,343.82,343.82,2260
2021-11-22,343.51,343.64,343.34,343.535,5578
2021-11-22,343.48,343.48,342.98,343.32,7631
2021-11-22,343.31,343.67,343.23,343.6,3879
2021-11-22,343.51,343.74,343.37,343.675,3897
2021-11-22,343.68,343.8,343.575,343.61,1653
2021-11-22,343.315,343.315,342.52,342.52,3137
2021-11-22,342.52,342.55,342.27,342.46,2941
2021-11-22,342.46,342.48,342.27,342.33,1982
2021-11-22,342.3,342.41,342.12,342.3,2785
2021-11-22,342.35,342.7,342.34,342.53,4434
2021-11-22,342.53,342.81,342.53,342.61,5081
2021-11-22,342.66,342.83,342.66,342.8,4651
2021-11-22,342.86,342.94,342.68,342.68,4862
2021-11-22,342.655,342.94,342.65,342.92,5166
2021-11-22,342.89,343.09,342.89,343.01,2165
2021-11-22,342.99,343.1,342.97,343.1,2082
2021-11-22,343.14,343.14,342.89,342.9,3360
2021-11-22,342.9,342.93,342.8,342.82,4448
2021-11-22,342.89,343.33,342.86,343.33,3601
2021-11-22,343.24,343.24,342.93,342.98,1815
2021-11-22,342.91,342.95,342.83,342.84,2774
2021-11-22,342.835,342.885,342.58,342.62,1743
2021-11-22,342.65,342.68,342.56,342.61,979
2021-11-22,342.77,342.83,342.68,342.71,1666
2021-11-22,342.705,342.815,342.705,342.73,1739
2021-11-22,342.69,342.72,342.65,342.71,1740
2021-11-22,342.74,342.77,342.52,342.595,2233
2021-11-22,342.56,342.67,342.36,342.37,2218
2021-11-22,342.51,342.73,342.46,342.62,1631
2021-11-22,342.615,342.67,342.615,342.64,583
2021-11-22,342.68,342.95,342.68,342.95,1225
2021-11-22,342.925,343.035,342.89,342.89,1453
2021-11-22,342.57,342.57,342.39,342.42,1157
2021-11-22,342.4,342.54,342.385,342.51,811
2021-11-22,342.52,342.645,342.48,342.48,1131
2021-11-22,342.54,342.685,342.54,342.685,2690
2021-11-22,342.67,342.71,342.51,342.71,3207
2021-11-22,342.745,342.915,342.745,342.9,1075
2021-11-22,342.835,342.92,342.8,342.83,2230
2021-11-22,342.93,343.03,342.93,342.96,1138
2021-11-22,342.92,343.09,342.91,343.03,2715
2021-11-22,342.96,343.05,342.95,343.035,1944
2021-11-22,343.065,343.065,342.94,342.98,1513
2021-11-22,342.96,342.97,342.76,342.76,1533
2021-11-22,342.75,343.065,342.75,343.065,1221
2021-11-22,343.06,343.07,342.91,343.04,1639
2021-11-22,343.07,343.07,342.89,342.89,841
2021-11-22,343,343.02,343,343.02,393
2021-11-22,343.06,343.21,343.02,343.21,2837
2021-11-22,343.165,343.26,343.165,343.24,411
2021-11-22,343.18,343.33,343.18,343.33,1030
2021-11-22,343.27,343.27,343.13,343.16,880
2021-11-22,343.13,343.16,343.13,343.155,758
2021-11-22,343.22,343.26,343.19,343.19,1877
2021-11-22,343.28,343.28,342.7,342.77,3239
2021-11-22,342.83,342.85,342.67,342.67,1969
2021-11-22,342.555,342.57,342.41,342.445,1929
2021-11-22,342.345,342.345,341.62,341.63,2984
2021-11-22,341.75,341.825,341.63,341.68,3217
2021-11-22,341.845,341.905,341.845,341.86,808
2021-11-22,342.05,342.28,342.05,342.25,1257
2021-11-22,342.23,342.23,342.1,342.1,2062
2021-11-22,342.08,342.285,342.08,342.285,1873
2021-11-22,342.23,342.32,341.91,341.95,3901
2021-11-22,341.96,342,341.925,342,1200
2021-11-22,341.94,341.98,341.84,341.98,1497
2021-11-22,341.98,341.98,341.76,341.91,633
2021-11-22,341.89,341.965,341.85,341.91,2672
2021-11-22,342.01,342.22,342.01,342.15,1188
2021-11-22,342.24,342.28,342.16,342.28,1068
2021-11-22,342.28,342.37,342.27,342.32,1255
2021-11-22,342.41,342.43,342.38,342.43,523
2021-11-22,342.27,342.27,342.2,342.2,481
2021-11-22,342.11,342.34,342.11,342.34,489
2021-11-22,342.29,342.29,342.25,342.27,1428
2021-11-22,342.18,342.18,341.99,341.99,734
2021-11-22,342.07,342.07,342.07,342.07,451
2021-11-22,342.24,342.24,342.24,342.24,185
2021-11-22,342.37,342.41,342.35,342.41,1159
2021-11-22,342.46,342.51,342.45,342.45,1334
2021-11-22,342.53,342.53,342.39,342.39,508
2021-11-22,342.46,342.46,342.46,342.46,301
2021-11-22,342.79,342.79,342.79,342.79,112
2021-11-22,342.85,342.99,342.85,342.99,1065
2021-11-22,342.96,342.96,342.9,342.96,640
2021-11-22,342.88,342.88,342.88,342.88,537
2021-11-22,342.89,342.9,342.89,342.9,330
2021-11-22,342.87,342.88,342.76,342.76,636
2021-11-22,342.67,342.7,342.57,342.7,780
2021-11-22,342.71,342.71,342.595,342.61,1122
2021-11-22,342.66,342.68,342.66,342.68,783
2021-11-22,342.53,342.62,342.48,342.62,602
2021-11-22,342.64,342.65,342.64,342.64,615
2021-11-22,342.69,342.72,342.68,342.68,532
2021-11-22,342.68,342.78,342.68,342.78,202
2021-11-22,342.76,342.77,342.76,342.77,205
2021-11-22,342.77,342.8,342.77,342.8,254
2021-11-22,342.75,342.75,342.68,342.71,1814
2021-11-22,342.74,342.74,342.57,342.63,1054
2021-11-22,342.65,342.66,342.52,342.63,3733
2021-11-22,342.65,342.69,342.65,342.685,1695
2021-11-22,342.89,342.9,342.8,342.85,953
2021-11-22,342.97,342.995,342.97,342.995,384
2021-11-22,343,343.04,343,343,604
2021-11-22,342.98,343.06,342.92,342.92,670
2021-11-22,342.97,342.98,342.97,342.98,239
2021-11-22,342.98,342.99,342.955,342.955,705
2021-11-22,342.9,342.9,342.86,342.86,304
2021-11-22,342.93,342.93,342.9,342.915,315
2021-11-22,342.825,342.825,342.825,342.825,133
2021-11-22,342.925,342.925,342.89,342.89,959
2021-11-22,342.91,343.04,342.89,343.04,1333
2021-11-22,342.99,342.99,342.82,342.82,1156
2021-11-22,342.82,342.82,342.63,342.64,1392
2021-11-22,342.62,342.645,342.62,342.645,332
2021-11-22,342.55,342.55,342.55,342.55,103
2021-11-22,342.85,342.85,342.85,342.85,273
2021-11-22,342.97,343.12,342.97,343.12,769
2021-11-22,343.15,343.15,343.09,343.09,547
2021-11-22,343.07,343.07,342.99,342.99,804
2021-11-22,342.98,342.98,342.98,342.98,561
2021-11-22,342.88,342.88,342.88,342.88,206
2021-11-22,342.85,342.85,342.85,342.85,102
2021-11-22,342.85,342.85,342.68,342.68,476
2021-11-22,342.74,342.81,342.74,342.81,259
2021-11-22,342.69,342.73,342.69,342.73,201
2021-11-22,342.74,342.9,342.74,342.9,703
2021-11-22,342.83,342.83,342.78,342.8,1558
2021-11-22,342.8,342.9,342.78,342.89,1420
2021-11-22,342.75,342.87,342.725,342.79,2974
2021-11-22,342.835,342.86,342.8,342.85,1607
2021-11-22,342.85,342.9,342.85,342.875,1927
2021-11-22,342.87,342.87,342.83,342.85,1643
2021-11-22,342.86,342.87,342.855,342.855,529
2021-11-22,342.875,342.94,342.865,342.94,407
2021-11-22,342.91,342.91,342.755,342.805,4349
2021-11-22,342.88,342.88,342.88,342.88,106
2021-11-22,342.885,342.89,342.87,342.87,665
2021-11-22,342.97,342.97,342.93,342.96,572
2021-11-22,342.76,342.76,342.655,342.665,1524
2021-11-22,342.715,342.73,342.715,342.73,304
2021-11-22,342.715,342.77,342.715,342.77,306
2021-11-22,342.8,342.8,342.8,342.8,182
2021-11-22,342.87,342.98,342.87,342.98,508
2021-11-22,343.07,343.22,343.07,343.22,2202
2021-11-22,343.29,343.33,343.28,343.3,950
2021-11-22,343.25,343.285,343.22,343.22,354
2021-11-22,343.11,343.11,343.04,343.1,826
2021-11-22,343.08,343.25,343.08,343.25,430
2021-11-22,343.15,343.26,343.15,343.26,267
2021-11-22,343.27,343.31,343.27,343.3,907
2021-11-22,343.32,343.35,343.31,343.35,488
2021-11-22,343.38,343.38,343.38,343.38,232
2021-11-22,343.52,343.52,343.33,343.33,1721
2021-11-22,343.31,343.47,343.31,343.47,527
2021-11-22,343.4,343.42,343.4,343.42,251
2021-11-22,343.41,343.41,343.39,343.39,489
2021-11-22,343.41,343.41,343.33,343.39,608
2021-11-22,343.48,343.48,343.48,343.48,413
2021-11-22,343.48,343.59,343.48,343.59,842
2021-11-22,343.55,343.61,343.55,343.6,2196
2021-11-22,343.76,343.81,343.725,343.725,1531
2021-11-22,343.78,343.825,343.77,343.825,1571
2021-11-22,343.83,343.83,343.81,343.81,311
2021-11-22,343.76,343.76,343.72,343.72,668
2021-11-22,343.56,343.56,343.49,343.49,1397
2021-11-22,343.435,343.5,343.435,343.5,1416
2021-11-22,343.57,343.57,343.455,343.455,657
2021-11-22,343.44,343.44,343.4,343.4,669
2021-11-22,343.495,343.495,343.47,343.47,357
2021-11-22,343.47,343.47,343.33,343.335,1357
2021-11-22,343.31,343.31,343.21,343.21,882
2021-11-22,343.26,343.26,343.16,343.16,1471
2021-11-22,343.14,343.3,343.14,343.3,1051
2021-11-22,343.25,343.44,343.25,343.44,520
2021-11-22,343.43,343.47,343.43,343.47,469
2021-11-22,343.42,343.57,343.42,343.57,1025
2021-11-22,343.52,343.525,343.48,343.5,1064
2021-11-22,343.445,343.445,343.445,343.445,138
2021-11-22,343.51,343.51,343.45,343.49,582
2021-11-22,343.59,343.59,343.55,343.55,412
2021-11-22,343.55,343.69,343.55,343.69,600
2021-11-22,343.73,343.84,343.73,343.84,612
2021-11-22,343.82,343.82,343.73,343.76,1081
2021-11-22,343.58,343.63,343.58,343.63,629
2021-11-22,343.61,343.67,343.61,343.64,581
2021-11-22,343.67,343.69,343.67,343.67,798
2021-11-22,343.58,343.6,343.58,343.6,681
2021-11-22,343.57,343.59,343.57,343.59,561
2021-11-22,343.595,343.595,343.39,343.42,2102
2021-11-22,343.62,343.62,343.615,343.615,1339
2021-11-22,343.6,343.6,343.6,343.6,221
2021-11-22,343.64,343.64,343.48,343.48,908
2021-11-22,343.53,343.57,343.53,343.56,771
2021-11-22,343.47,343.47,343.34,343.34,1175
2021-11-22,343.46,343.46,343.39,343.39,626
2021-11-22,343.34,343.43,343.34,343.43,709
2021-11-22,343.36,343.36,343.36,343.36,211
2021-11-22,343.29,343.29,343.13,343.13,1116
2021-11-22,343.24,343.24,343.21,343.22,805
2021-11-22,343.21,343.23,343.17,343.17,715
2021-11-22,343.18,343.31,343.18,343.31,1166
2021-11-22,343.215,343.32,343.215,343.32,1786
2021-11-22,343.29,343.305,343.145,343.15,1631
2021-11-22,343.13,343.13,343.105,343.105,334
2021-11-22,343.13,343.13,343.1,343.1,590
2021-11-22,343.04,343.09,342.91,342.95,1029
2021-11-22,342.95,343.02,342.84,342.84,1114
2021-11-22,342.85,342.85,342.81,342.81,1049
2021-11-22,342.83,342.95,342.83,342.87,616
2021-11-22,342.87,343.03,342.87,343.01,1345
2021-11-22,343.01,343.01,342.92,342.92,374
2021-11-22,342.86,342.92,342.82,342.88,1900
2021-11-22,342.77,342.77,342.72,342.72,929
2021-11-22,342.63,342.63,342.22,342.22,952
2021-11-22,342.35,342.43,342.27,342.31,1678
2021-11-22,342.45,342.66,342.43,342.66,2240
2021-11-22,342.58,342.74,342.58,342.73,1005
2021-11-22,342.605,342.605,342.29,342.29,2246
2021-11-22,342.18,342.19,342.09,342.095,1321
2021-11-22,342.23,342.26,342.06,342.06,3808
2021-11-22,342.06,342.14,341.82,341.94,943
2021-11-22,341.88,341.9,341.6,341.63,2902
2021-11-22,341.59,341.69,341.41,341.67,2890
2021-11-22,341.675,341.675,340.99,340.99,2105
2021-11-22,340.88,341.095,340.8,340.84,3909
2021-11-22,340.49,340.49,340.16,340.16,4195
2021-11-22,340.29,340.54,340.23,340.47,5111
2021-11-22,340.49,340.49,340.325,340.33,3499
2021-11-22,340.26,340.26,339.59,339.59,8277
2021-11-22,339.67,339.67,339.67,339.67,103
2021-11-22,339.73,339.74,339.73,339.74,200
2021-11-23,336.71,337.33,336.385,337.33,3768
2021-11-23,337.38,337.43,336.35,336.72,1903
2021-11-23,336.67,336.67,335.77,335.79,3989
2021-11-23,336.01,336.01,335.16,335.2,3089
2021-11-23,335.44,335.44,334.38,335.055,3727
2021-11-23,334.775,334.96,334.61,334.955,4221
2021-11-23,334.62,335.69,334.57,335.69,3691
2021-11-23,335.73,336.45,335.73,336.45,2744
2021-11-23,336.48,336.5,336.18,336.315,7355
2021-11-23,336.17,336.715,336.17,336.64,14124
2021-11-23,336.595,336.62,336.455,336.59,1442
2021-11-23,336.19,336.54,336.19,336.54,2949
2021-11-23,336.82,337.08,336.67,336.91,4572
2021-11-23,336.95,337.09,336.88,337.09,5572
2021-11-23,337.27,337.3,336.61,336.71,3696
2021-11-23,336.7,336.77,336.46,336.725,2877
2021-11-23,336.8,337.1,336.8,337.1,742
2021-11-23,337.3,337.3,337.14,337.14,505
2021-11-23,337.08,337.41,337.08,337.19,1323
2021-11-23,337.23,337.39,337.125,337.39,2158
2021-11-23,337.1,337.27,337.1,337.12,6386
2021-11-23,336.93,337.17,336.93,337.16,3654
2021-11-23,337.15,337.36,337.12,337.34,1410
2021-11-23,337.41,337.675,337.27,337.675,781
2021-11-23,337.83,338.15,337.705,338.12,2308
2021-11-23,338.04,338.58,338.04,338.58,2376
2021-11-23,338.58,338.91,338.58,338.89,3527
2021-11-23,338.99,339.18,338.93,339.18,3162
2021-11-23,339.16,339.2,339.04,339.08,2445
2021-11-23,339.06,339.27,338.95,338.95,3469
2021-11-23,338.98,339.11,338.5,338.5,3447
2021-11-23,338.11,338.55,338.11,338.55,4071
2021-11-23,338.41,338.51,338.24,338.24,2323
2021-11-23,338.25,338.34,338.24,338.24,1151
2021-11-23,338.13,338.29,338.035,338.23,2653
2021-11-23,338.16,338.255,338.08,338.16,9921
2021-11-23,338.14,338.14,337.255,337.26,5270
2021-11-23,337.41,337.665,337.41,337.61,11859
2021-11-23,337.58,337.815,337.57,337.64,6821
2021-11-23,337.6,337.61,337.21,337.235,8313
2021-11-23,337.28,337.29,336.94,336.95,1937
2021-11-23,336.96,336.96,336.01,336.01,1554
2021-11-23,336.14,336.39,336.14,336.22,3349
2021-11-23,336.075,336.075,335.6,335.65,2716
2021-11-23,335.7,336.025,335.68,335.9,6946
2021-11-23,335.88,336.35,335.88,336.35,6479
2021-11-23,336.21,336.275,335.66,335.78,2860
2021-11-23,336.05,336.05,335.7,335.7,875
2021-11-23,335.8,335.955,335.52,335.52,10156
2021-11-23,335.53,335.87,335.53,335.8,1674
2021-11-23,335.95,335.95,335.7,335.71,888
2021-11-23,335.56,335.8,335.51,335.64,1691
2021-11-23,335.62,335.68,335.56,335.58,1434
2021-11-23,335.58,335.7,335.51,335.7,1531
2021-11-23,335.66,335.675,335.66,335.675,711
2021-11-23,335.69,335.81,335.6,335.65,1291
2021-11-23,335.24,335.28,335.16,335.26,1488
2021-11-23,335,335,334.675,334.755,1433
2021-11-23,334.65,334.79,334.37,334.39,1529
2021-11-23,334.47,334.59,334.16,334.16,2281
2021-11-23,334.17,334.52,334.17,334.29,2824
2021-11-23,334.38,334.66,334.38,334.66,2579
2021-11-23,334.6,334.61,334.39,334.515,2076
2021-11-23,334.39,334.49,334.265,334.49,1415
2021-11-23,334.55,334.55,334.43,334.485,1732
2021-11-23,334.62,334.62,334.41,334.44,3351
2021-11-23,334.39,334.59,334.295,334.555,2861
2021-11-23,334.63,334.63,334.47,334.47,3421
2021-11-23,334.355,334.39,334.33,334.345,3308
2021-11-23,334.36,334.48,334.36,334.48,1552
2021-11-23,334.47,334.48,333.98,334.12,1951
2021-11-23,334.24,334.28,334.21,334.21,562
2021-11-23,334.05,334.05,333.935,333.935,1523
2021-11-23,333.87,333.87,333.66,333.71,1398
2021-11-23,333.63,333.77,333.6,333.75,1677
2021-11-23,333.79,334.2,333.79,334.12,2324
2021-11-23,334.19,334.24,334.14,334.14,2972
2021-11-23,334.245,334.39,334.245,334.39,1437
2021-11-23,334.33,334.395,334.33,334.395,469
2021-11-23,334.26,334.31,334.26,334.31,296
2021-11-23,334.33,334.47,334.32,334.47,1450
2021-11-23,334.47,334.59,334.44,334.59,1592
2021-11-23,334.61,334.64,334.27,334.27,1417
2021-11-23,334.28,334.37,334.28,334.37,449
2021-11-23,334.155,334.29,334.155,334.21,1225
2021-11-23,334.22,334.29,334.22,334.29,1191
2021-11-23,334.31,334.34,334.1,334.34,1324
2021-11-23,334.545,334.59,334.545,334.59,436
2021-11-23,334.47,334.47,334.27,334.38,1129
2021-11-23,334.38,334.68,334.38,334.68,3173
2021-11-23,334.44,334.44,334.27,334.29,1312
2021-11-23,334.24,334.24,333.95,334.01,2466
2021-11-23,334.06,334.33,334.06,334.1,1822
2021-11-23,334.11,334.63,334.11,334.63,4629
2021-11-23,334.6,334.89,334.6,334.89,1449
2021-11-23,334.84,334.91,334.76,334.8,1085
2021-11-23,334.81,334.94,334.61,334.61,2708
2021-11-23,334.63,335.04,334.61,335.04,1512
2021-11-23,335.03,335.35,335.02,335.35,1268
2021-11-23,335.35,335.665,335.35,335.665,1471
2021-11-23,335.75,335.75,335.58,335.585,1856
2021-11-23,335.59,335.61,335.59,335.61,740
2021-11-23,335.6,335.65,335.6,335.62,1212
2021-11-23,335.65,335.65,335.45,335.45,407
2021-11-23,335.39,335.46,335.23,335.46,762
2021-11-23,335.33,335.69,335.33,335.68,897
2021-11-23,335.81,335.93,335.81,335.93,1062
2021-11-23,335.68,335.68,335.68,335.68,451
2021-11-23,335.66,335.68,335.66,335.68,396
2021-11-23,335.55,335.625,335.55,335.59,704
2021-11-23,335.55,335.55,335.55,335.55,224
2021-11-23,335.48,335.52,335.46,335.46,642
2021-11-23,335.4,335.42,335.4,335.42,410
2021-11-23,335.645,335.84,335.645,335.84,833
2021-11-23,335.81,336.03,335.81,336.03,890
2021-11-23,336.22,336.225,336.2,336.21,718
2021-11-23,335.97,335.97,335.79,335.79,651
2021-11-23,335.8,335.8,335.62,335.64,735
2021-11-23,335.87,335.87,335.84,335.84,500
2021-11-23,335.43,335.43,335.43,335.43,121
2021-11-23,335.485,335.55,335.4,335.4,1397
2021-11-23,335.425,335.44,335.295,335.295,2584
2021-11-23,335.35,335.525,335.35,335.38,1904
2021-11-23,335.33,335.41,335.23,335.24,2023
2021-11-23,335.28,335.79,335.28,335.79,1033
2021-11-23,335.69,335.72,335.61,335.61,1344
2021-11-23,335.7,335.7,335.59,335.63,680
2021-11-23,335.44,335.45,335.4,335.45,526
2021-11-23,335.63,335.63,335.55,335.625,1442
2021-11-23,335.625,335.9,335.6,335.845,1422
2021-11-23,335.81,335.94,335.8,335.94,1499
2021-11-23,335.56,335.56,335.38,335.38,773
2021-11-23,335.26,335.59,335.12,335.56,1557
2021-11-23,335.67,335.71,335.67,335.71,311
2021-11-23,335.73,336.26,335.73,336.26,1502
2021-11-23,336.05,336.1,336.04,336.09,1319
2021-11-23,336.28,336.36,336.28,336.36,519
2021-11-23,336.33,336.33,336.33,336.33,160
2021-11-23,336.06,336.08,335.975,335.99,1181
2021-11-23,335.9,335.99,335.89,335.985,915
2021-11-23,335.85,335.85,335.58,335.62,969
2021-11-23,335.63,335.63,335.57,335.58,1054
2021-11-23,335.78,335.78,335.75,335.75,538
2021-11-23,335.8,335.9,335.72,335.72,1003
2021-11-23,335.83,335.89,335.735,335.81,1322
2021-11-23,335.715,335.76,335.71,335.74,1063
2021-11-23,335.54,335.54,335.54,335.54,234
2021-11-23,335.51,335.51,335.51,335.51,240
2021-11-23,335.44,335.44,335.3,335.3,271
2021-11-23,335.18,335.18,335.08,335.08,826
2021-11-23,335.05,335.06,334.93,334.93,478
2021-11-23,334.95,334.95,334.72,334.79,1265
2021-11-23,334.74,334.81,334.69,334.79,889
2021-11-23,334.83,335.04,334.83,335.035,2367
2021-11-23,335.21,335.21,335.21,335.21,359
2021-11-23,335.15,335.15,335.04,335.04,393
2021-11-23,334.98,334.98,334.98,334.98,103
2021-11-23,335.02,335.11,335.02,335.11,304
2021-11-23,334.98,335.02,334.98,335.02,516
2021-11-23,334.9,334.94,334.75,334.75,593
2021-11-23,334.62,334.72,334.62,334.65,675
2021-11-23,334.48,334.48,334.37,334.39,1355
2021-11-23,334.485,334.485,334.355,334.355,726
2021-11-23,334.465,334.715,334.465,334.715,1773
2021-11-23,334.67,334.74,334.67,334.74,509
2021-11-23,334.69,334.725,334.56,334.56,1871
2021-11-23,334.67,334.67,334.62,334.62,471
2021-11-23,334.58,334.84,334.58,334.79,1322
2021-11-23,334.83,334.83,334.74,334.81,507
2021-11-23,334.79,334.79,334.77,334.78,308
2021-11-23,334.855,334.96,334.855,334.96,375
2021-11-23,334.99,335.035,334.99,335.035,266
2021-11-23,335.18,335.21,335.18,335.21,202
2021-11-23,335.21,335.24,335.195,335.24,649
2021-11-23,335.03,335.03,335.03,335.03,106
2021-11-23,335.19,335.22,335.09,335.09,369
2021-11-23,335.33,335.42,335.33,335.42,301
2021-11-23,335.28,335.39,335.28,335.3,601
2021-11-23,335.01,335.01,335.01,335.01,322
2021-11-23,335.025,335.03,335.01,335.02,404
2021-11-23,334.84,334.93,334.84,334.93,1142
2021-11-23,334.92,335.04,334.89,334.89,404
2021-11-23,335.1,335.19,335.07,335.12,2270
2021-11-23,335.1,335.15,335.01,335.01,708
2021-11-23,335.21,335.22,335.21,335.22,305
2021-11-23,335.23,335.23,335.09,335.09,510
2021-11-23,335.14,335.15,335.14,335.15,613
2021-11-23,334.88,334.88,334.87,334.87,336
2021-11-23,334.75,334.75,334.69,334.69,877
2021-11-23,334.57,334.59,334.57,334.59,202
2021-11-23,334.59,334.59,334.49,334.57,465
2021-11-23,334.58,334.83,334.58,334.79,1059
2021-11-23,334.83,334.9,334.83,334.85,309
2021-11-23,334.95,334.95,334.95,334.95,122
2021-11-23,334.89,334.89,334.85,334.85,306
2021-11-23,334.86,334.86,334.85,334.85,603
2021-11-23,334.88,334.97,334.85,334.97,544
2021-11-23,334.92,334.99,334.92,334.99,493
2021-11-23,334.83,334.86,334.83,334.86,341
2021-11-23,334.57,334.68,334.57,334.63,804
2021-11-23,334.72,334.73,334.58,334.58,841
2021-11-23,334.525,334.525,334.47,334.485,1240
2021-11-23,334.415,334.43,334.25,334.25,1236
2021-11-23,334.43,334.54,334.42,334.54,753
2021-11-23,334.47,334.47,334.37,334.37,355
2021-11-23,334.44,334.56,334.44,334.56,706
2021-11-23,334.75,334.95,334.75,334.85,1891
2021-11-23,334.8,334.87,334.8,334.87,339
2021-11-23,334.75,334.76,334.75,334.76,202
2021-11-23,334.69,334.69,334.69,334.69,258
2021-11-23,334.93,334.93,334.9,334.9,692
2021-11-23,334.9,334.9,334.79,334.79,304
2021-11-23,334.86,334.86,334.86,334.86,147
2021-11-23,334.76,334.76,334.76,334.76,102
2021-11-23,334.74,334.77,334.58,334.77,1806
2021-11-23,334.83,334.83,334.56,334.64,1006
2021-11-23,334.66,334.7,334.66,334.7,408
2021-11-23,334.68,334.69,334.68,334.69,213
2021-11-23,334.765,334.77,334.71,334.72,682
2021-11-23,334.805,334.82,334.7,334.81,1183
2021-11-23,334.73,334.86,334.73,334.86,238
2021-11-23,334.8,334.8,334.7,334.7,657
2021-11-23,334.65,334.65,334.63,334.63,353
2021-11-23,334.59,334.59,334.47,334.47,1611
2021-11-23,334.57,334.84,334.57,334.82,902
2021-11-23,334.89,334.89,334.71,334.71,623
2021-11-23,334.75,334.99,334.75,334.95,869
2021-11-23,335.01,335.06,335,335.06,731
2021-11-23,335.09,335.09,334.94,334.94,314
2021-11-23,334.895,335.19,334.895,335.19,703
2021-11-23,335.065,335.1,335.045,335.1,600
2021-11-23,335.11,335.11,335,335.04,575
2021-11-23,334.68,334.71,334.68,334.71,508
2021-11-23,334.63,334.64,334.475,334.64,572
2021-11-23,334.61,334.71,334.61,334.71,582
2021-11-23,334.65,334.65,334.53,334.53,517
2021-11-23,334.45,334.45,334.45,334.45,405
2021-11-23,334.53,334.53,334.48,334.48,465
2021-11-23,334.64,334.64,334.64,334.64,352
2021-11-23,334.57,334.57,334.57,334.57,151
2021-11-23,334.75,334.83,334.75,334.83,513
2021-11-23,334.72,334.83,334.72,334.83,443
2021-11-23,334.83,334.83,334.81,334.81,445
2021-11-23,334.775,334.775,334.74,334.74,221
2021-11-23,334.76,334.86,334.71,334.86,962
2021-11-23,334.9,334.94,334.9,334.94,903
2021-11-23,335.12,335.24,335.1,335.24,866
2021-11-23,335.3,335.6,335.3,335.55,885
2021-11-23,335.46,335.46,335.43,335.43,612
2021-11-23,335.68,335.68,335.68,335.68,524
2021-11-23,335.76,335.76,335.76,335.76,319
2021-11-23,335.77,335.97,335.77,335.92,1335
2021-11-23,335.88,336,335.88,336,2908
2021-11-23,335.99,336,335.99,336,713
2021-11-23,336.12,336.15,336.12,336.15,331
2021-11-23,336.2,336.2,335.81,335.83,546
2021-11-23,335.95,335.95,335.76,335.76,671
2021-11-23,335.7,335.7,335.61,335.63,533
2021-11-23,335.71,335.71,335.71,335.71,103
2021-11-23,335.73,335.73,335.73,335.73,391
2021-11-23,335.75,335.75,335.75,335.75,159
2021-11-23,335.78,335.78,335.56,335.57,845
2021-11-23,335.61,335.775,335.61,335.71,925
2021-11-23,335.63,335.66,335.46,335.48,1273
2021-11-23,335.44,335.46,335.44,335.46,427
2021-11-23,335.44,335.51,335.41,335.41,1319
2021-11-23,335.425,335.425,335.35,335.35,478
2021-11-23,335.25,335.25,335.25,335.25,175
2021-11-23,335.27,335.27,335.27,335.27,301
2021-11-23,335.21,335.33,335.21,335.33,726
2021-11-23,335.24,335.24,335.24,335.24,201
2021-11-23,335.22,335.29,335.22,335.26,1530
2021-11-23,335.31,335.4,335.31,335.4,1278
2021-11-23,335.19,335.25,334.97,334.985,2047
2021-11-23,334.84,334.91,334.84,334.91,650
2021-11-23,334.96,334.96,334.67,334.67,963
2021-11-23,334.87,334.87,334.87,334.87,426
2021-11-23,334.7,334.77,334.7,334.72,818
2021-11-23,334.84,334.84,334.84,334.84,200
2021-11-23,334.81,334.87,334.81,334.87,457
2021-11-23,334.83,335.04,334.83,335.04,943
2021-11-23,335.14,335.31,335.14,335.29,1786
2021-11-23,335.325,335.325,335.17,335.17,703
2021-11-23,335.14,335.28,335.14,335.28,595
2021-11-23,335.21,335.46,335.21,335.46,640
2021-11-23,335.42,335.42,335.27,335.36,1753
2021-11-23,335.37,335.37,335.36,335.36,301
2021-11-23,335.31,335.35,335.31,335.35,259
2021-11-23,335.49,335.62,335.49,335.62,874
2021-11-23,335.43,335.43,335.27,335.27,1040
2021-11-23,335.11,335.14,335.11,335.14,398
2021-11-23,335.105,335.18,335.105,335.18,601
2021-11-23,335.19,335.28,335.15,335.2,501
2021-11-23,335.3,335.3,335.15,335.15,473
2021-11-23,335.15,335.32,335.15,335.28,714
2021-11-23,335.5,335.51,335.46,335.48,643
2021-11-23,335.37,335.37,335.37,335.37,214
2021-11-23,335.37,335.45,335.35,335.4,1571
2021-11-23,335.35,335.37,335.22,335.22,509
2021-11-23,335.27,335.27,335.27,335.27,156
2021-11-23,335.34,335.34,335.31,335.31,526
2021-11-23,335.33,335.43,335.33,335.43,959
2021-11-23,335.44,335.7,335.44,335.67,1168
2021-11-23,335.685,335.97,335.685,335.97,1014
2021-11-23,335.91,336,335.89,336,1838
2021-11-23,335.98,336.31,335.98,336.27,1434
2021-11-23,336.2,336.2,336.03,336.2,561
2021-11-23,336.22,336.22,336.15,336.15,208
2021-11-23,336.1,336.16,336.1,336.16,709
2021-11-23,336.2,336.32,336.2,336.32,864
2021-11-23,336.34,336.63,336.34,336.63,970
2021-11-23,336.63,336.65,336.63,336.64,662
2021-11-23,336.64,336.66,336.42,336.42,943
2021-11-23,336.41,336.41,336.11,336.11,471
2021-11-23,336.05,336.13,336.05,336.13,327
2021-11-23,336.26,336.26,336.26,336.26,202
2021-11-23,336.22,336.22,336.22,336.22,279
2021-11-23,336.28,336.29,336.13,336.13,715
2021-11-23,336.09,336.11,336.09,336.11,384
2021-11-23,335.97,335.97,335.97,335.97,260
2021-11-23,335.98,336.08,335.94,336.08,1629
2021-11-23,336.24,336.32,336.23,336.32,1012
2021-11-23,336.43,336.46,336.38,336.46,860
2021-11-23,336.43,336.43,336.33,336.33,525
2021-11-23,336.61,336.62,336.4,336.47,1678
2021-11-23,336.625,336.625,336.32,336.595,2516
2021-11-23,336.61,336.665,336.53,336.53,956
2021-11-23,336.48,336.59,336.48,336.56,3391
2021-11-23,336.53,336.53,336.44,336.44,1307
2021-11-23,336.42,336.43,336.42,336.43,354
2021-11-23,336.52,336.62,336.48,336.48,1401
2021-11-23,336.21,336.22,336.17,336.17,617
2021-11-23,336.26,336.28,336.26,336.26,651
2021-11-23,336.33,336.33,336.17,336.19,750
2021-11-23,336.195,336.195,336.06,336.1,762
2021-11-23,336.24,336.26,336.02,336.02,1669
2021-11-23,336.24,336.25,336.24,336.25,587
2021-11-23,336.34,336.36,336.34,336.36,604
2021-11-23,336.35,336.35,336.16,336.26,606
2021-11-23,336.38,336.4,336.28,336.28,864
2021-11-23,336.29,336.48,336.29,336.43,1246
2021-11-23,336.51,336.88,336.51,336.87,1203
2021-11-23,336.83,336.83,336.67,336.67,656
2021-11-23,336.65,336.65,336.45,336.45,1210
2021-11-23,336.44,336.44,336.35,336.35,1951
2021-11-23,336.38,336.85,336.38,336.68,8483
2021-11-23,336.65,336.69,336.57,336.66,3867
2021-11-23,336.64,336.68,336.64,336.68,209
2021-11-23,336.71,336.72,336.61,336.61,714
2021-11-23,336.52,336.52,336.5,336.5,483
2021-11-23,336.6,336.66,336.56,336.56,1013
2021-11-23,336.57,336.86,336.57,336.86,1144
2021-11-23,336.89,337.045,336.79,336.79,1457
2021-11-23,336.83,337.15,336.81,337.15,1544
2021-11-23,337.15,337.16,337.02,337.02,990
2021-11-23,337.11,337.23,337.1,337.21,877
2021-11-23,337.05,337.05,336.8,336.82,749
2021-11-23,336.79,336.99,336.79,336.98,868
2021-11-23,336.64,336.7486,336.45,336.47,720.0
