Date,Open,High,Low,Close,Volume,OpenInterest,sma
2017-11-22,196.58,196.75,193.63,196.32,3848691,0.0,0.0
2017-11-24,196.65,196.9,195.33,195.72,1496330,0.0,0.0
2017-11-27,195.56,195.85,194.0,195.05,2219891,0.0,0.0
2017-11-28,195.34,199.68,194.01,199.22,5375876,0.0,0.0
2017-11-29,198.91,199.02900000000002,184.32,188.13,10943501,0.0,0.0
2017-11-30,190.31,190.86,186.68,187.53,4639959,0.0,0.0
2017-12-01,186.99,189.8,185.0,186.83,4645479,0.0,0.0
2017-12-04,189.37,189.72,178.38,184.04,6664650,0.0,0.0
2017-12-05,183.6,188.14,181.19,184.23,4013395,0.0,0.0
2017-12-06,183.38,186.4844,182.88,185.31,3851456,0.0,0.0
2017-12-07,185.71,187.34,183.22,185.2,3600251,0.0,0.0
2017-12-08,186.5,189.42,186.3,188.53,3905214,0.0,0.0
2017-12-11,187.99,189.42,185.91,186.21,3687244,0.0,0.0
2017-12-12,186.01,187.85,184.8183,185.73,3207937,0.0,0.0
2017-12-13,186.1,188.69,185.41,187.87,3175095,0.0,0.0
2017-12-14,187.98,192.64,187.2,189.62,5251499,0.0,0.0
2017-12-15,189.0,191.43,188.01,190.07,4785961,0.0,0.0
2017-12-18,191.2,191.65,188.9,190.41,3861230,0.0,0.0
2017-12-19,190.18,190.2981,185.75,187.03,4456896,0.0,0.0
2017-12-20,187.94,189.11,185.26,188.82,2993487,0.0,0.0
2017-12-21,189.44,190.95,187.58,188.62,2685318,0.0,0.0
2017-12-22,188.33,190.95,186.8,189.95,2923085,0.0,0.0
2017-12-26,189.78,189.8,186.4,187.76,2288349,0.0,0.0
2017-12-27,187.97,188.1,185.22,186.23,2985217,0.0,0.0
2017-12-28,187.18,194.49,186.85,192.71,8353359,0.0,0.0
2017-12-29,192.51,193.95,191.22,192.06,3997320,0.0,0.0
2018-01-02,195.92,201.65,195.42,201.09,8644684,0.0,0.0
2018-01-03,202.05,206.21,201.5,205.05,6757139,0.0,0.0
2018-01-04,206.11,207.05,204.0006,205.63,4556322,0.0,0.0
2018-01-05,207.25,210.02,205.59,209.81,5372100,0.0,0.0
2018-01-08,210.02,212.5,208.44,212.04,3956428,0.0,0.0
2018-01-09,212.23,212.98,208.59,209.31,4129979,0.0,0.0
2018-01-10,208.04,213.64,206.91,212.52,3913333,0.0,0.0
2018-01-11,214.29,217.75,213.35,217.24,5417190,0.0,0.0
2018-01-12,217.18,222.55,216.0,221.23,6184044,0.0,0.0
2018-01-16,224.24,226.07,217.2,221.5,7361909,0.0,0.0
2018-01-17,221.0,221.15,216.32,217.49,5834146,0.0,0.0
2018-01-18,220.21,220.58,216.55,220.33,4796467,0.0,0.0
2018-01-19,222.75,223.49,218.5,220.449,7033095,0.0,0.0
2018-01-22,222.0,227.785,221.2,227.58,10235544,0.0,0.0
2018-01-23,255.05,257.71,248.0,250.28,20145820,0.0,0.0
2018-01-24,250.88,261.71,249.31099999999998,261.31,13412191,0.0,0.0
2018-01-25,262.96,272.3,260.23,269.69,12189390,0.0,0.0
2018-01-26,271.485,274.6,268.76,274.56,8564070,0.0,0.0
2018-01-29,274.05,286.81,273.92,284.58,13268470,0.0,0.0
2018-01-30,277.0,282.73,272.7,278.8,9227976,0.0,0.0
2018-01-31,281.94,282.289,269.58,270.45,8613887,0.0,0.0
2018-02-01,266.41,271.95,263.38,265.07,6691876,0.0,0.0
2018-02-02,262.92,270.62,262.71,267.39,6922374,0.0,0.0
2018-02-05,262.0,267.899,250.03,254.27,8815906,0.0,211.93738000000002
2018-02-06,247.7,266.7,245.0,265.75,9141526,0.0,213.32598000000002
2018-02-07,266.45,272.45,264.325,264.619,6326803,0.0,214.70396000000005
2018-02-08,267.08,267.62,250.0,250.1,6647142,0.0,215.80496000000005
2018-02-09,253.6,255.7999,236.11,249.28,13466991,0.0,216.8061600000001
2018-02-12,252.46,259.15,249.0,257.96,6427392,0.0,218.2027600000001
2018-02-13,256.86,261.41,254.7,258.3,5077997,0.0,219.61816000000007
2018-02-14,260.34,269.88,260.33,266.0,7943174,0.0,221.20156000000006
2018-02-15,270.03,280.5,267.63,280.31,8138495,0.0,223.12696000000003
2018-02-16,278.85,281.96,275.69,278.52,6256324,0.0,225.01276000000004
2018-02-20,277.74,285.812,276.25,278.54,5695590,0.0,226.87736000000007
2018-02-21,282.0,286.64,280.01,280.91,6685154,0.0,228.79156000000006
2018-02-22,283.9,284.5,274.45,278.14,6353513,0.0,230.58376000000004
2018-02-23,281.0,286.0,277.81,285.93,5550673,0.0,232.57816000000005
2018-02-26,288.75,295.6475,287.01,294.2,7786666,0.0,234.74756000000008
2018-02-27,294.77,297.36,290.59,290.59,6787725,0.0,236.80196000000007
2018-02-28,293.1,295.75,290.78,291.4,5544048,0.0,238.83756000000005
2018-03-01,292.75,295.25,283.83,290.24,8738411,0.0,240.84096000000005
2018-03-02,284.65,301.18,283.23,301.03,10143551,0.0,243.05336000000005
2018-03-05,302.8,316.91,297.6,315.0,14187061,0.0,245.61276000000007
2018-03-06,319.88,325.79,316.5,325.22,14580740,0.0,248.34076000000005
2018-03-07,320.0,323.74,314.55,321.15,13264674,0.0,250.99136000000001
2018-03-08,322.2,322.9176,314.13,316.99,8746416,0.0,253.53216
2018-03-09,321.11,331.44,320.23,331.4099,10903491,0.0,256.40515800000003
2018-03-12,333.72,333.98,318.6,321.3,14515516,0.0,259.106558
2018-03-13,323.81,325.8409,313.278,315.87,9907499,0.0,261.56975800000004
2018-03-14,318.16,323.88,317.7,321.54900000000004,7902331,0.0,264.15953800000005
2018-03-15,323.17,323.4,318.14,321.11,3871792,0.0,266.5599380000001
2018-03-16,321.42,324.11,318.37,318.45,4890724,0.0,268.82793800000013
2018-03-19,315.8,317.0,307.34,313.48,6642500,0.0,270.9849380000001
2018-03-20,313.31,319.5,312.8,317.5,4318120,0.0,273.1387380000001
2018-03-21,316.35,319.4,314.51099999999997,316.43,3453103,0.0,275.2265380000001
2018-03-22,312.99,314.12,305.66,306.63,5575022,0.0,277.1729380000001
2018-03-23,307.55,310.73,300.36,300.94,6467855,0.0,278.9413380000001
2018-03-26,309.36,321.03,302.0,320.42,8409217,0.0,281.0049380000001
2018-03-27,322.59,322.9,297.0,300.76,8601331,0.0,282.59553800000015
2018-03-28,298.39,298.8,281.61,285.82,14454321,0.0,283.8819380000001
2018-03-29,287.15,295.19,275.9,294.89,14359699,0.0,285.4299380000001
2018-04-02,291.94,292.87,275.05,280.22,9982209,0.0,286.6277380000001
2018-04-03,285.45,291.25,278.01,283.78,9768372,0.0,287.8943580000001
2018-04-04,274.48,290.31,271.2239,288.91,9336833,0.0,289.1209580000001
2018-04-05,293.36,299.16,289.11,293.96,8198737,0.0,289.9945580000001
2018-04-06,289.1,298.85,285.65,288.76,8310615,0.0,290.5435580000001
2018-04-09,291.77,299.55,289.12,289.93,7310698,0.0,290.9483580000001
2018-04-10,297.13,298.95,291.69,298.05,8285655,0.0,291.41815800000006
2018-04-11,302.8847,311.64,301.82,303.68,11453107,0.0,291.80015800000007
2018-04-12,309.7187,311.13,306.75,309.26,7522754,0.0,292.4093580000001
2018-04-13,317.1,317.49,308.23,311.64,9186881,0.0,293.23315800000006
2018-04-16,315.92,316.1,304.0,307.61,12080268,0.0,294.0839580000001
2018-04-17,329.57,338.62,323.77,336.11,24312814,0.0,295.4583580000001
2018-04-18,336.28,338.82,331.1,334.53,8700697,0.0,297.0635580000001
2018-04-19,332.88,335.31,326.77,332.69,6513218,0.0,298.4023580000001
2018-04-20,332.22,336.51,326.0,327.77,7155565,0.0,299.66537800000015
2018-04-23,329.1499,331.22,317.08,318.67,6888173,0.0,301.03677800000014
2018-04-24,319.2168,328.76,288.94,307.02,10846888,0.0,302.1915780000001
2018-04-25,306.37,309.98,292.615,305.73,11593825,0.0,303.1469780000001
2018-04-26,310.24,316.63,305.58,314.0,6957788,0.0,304.26097800000014
2018-04-27,316.25,317.45,306.5,311.77,5441505,0.0,305.17637800000017
2018-04-30,311.26,317.88,310.118,312.46,4490503,0.0,305.81937800000014
2018-05-01,310.36,313.48,306.69,313.3,4406949,0.0,306.5149780000001
2018-05-02,312.1,317.1,310.4034,313.36,3686886,0.0,307.21137800000014
2018-05-03,312.59,312.59,305.73,311.62,4196871,0.0,307.8255780000001
2018-05-04,308.94,320.98,307.67,320.09,5640410,0.0,308.6645780000001
2018-05-07,322.04,329.0234,319.34,326.21,4783601,0.0,309.47017800000015
2018-05-08,325.83,327.348,323.05,326.88,3106116,0.0,310.1237780000001
2018-05-09,328.79,331.95,327.51,330.1,3810268,0.0,310.9139780000001
2018-05-10,331.5,332.055,327.3438,329.7,3921826,0.0,311.6799780000001
2018-05-11,329.65,331.26,324.87,326.37,2961414,0.0,312.4025780000001
2018-05-14,327.25,330.5038,327.04,328.52,2666256,0.0,312.9523780000001
2018-05-15,325.94,326.94,322.434,326.13,3211903,0.0,313.1749780000001
2018-05-16,326.29,329.72,325.14,328.32,2488091,0.0,313.23697800000014
2018-05-17,327.53,330.45,323.1734,325.22,3392596,0.0,313.3183780000001
2018-05-18,324.89,326.42,322.8,324.18,2119594,0.0,313.4621780000001
2018-05-21,327.11,331.88,325.45,331.82,4486863,0.0,313.4703800000001
2018-05-22,334.05,336.63,331.15,331.63,4524138,0.0,313.6769800000001
2018-05-23,329.04,345.0,328.09,344.72,7685384,0.0,314.25398000000007
2018-05-24,344.34,354.0,341.12,349.3,10584232,0.0,314.809
2018-05-25,349.95,354.36,348.83,351.31,5952805,0.0,315.413
2018-05-29,351.5,356.1,346.71,349.73,7434744,0.0,316.03860000000003
2018-05-30,352.37,354.0,349.26,353.54,4095219,0.0,316.8398
2018-05-31,353.53,355.53,350.21,351.63,4366340,0.0,317.5224
2018-06-01,353.88,359.99,352.82,359.93,5193409,0.0,318.3924
2018-06-04,362.6847,363.0,355.51,361.98,5772789,0.0,319.49940000000004
2018-06-05,363.05,369.83,361.4124,365.8,6395869,0.0,320.7966
2018-06-06,367.7848,369.6799,363.33,367.5,4873402,0.0,321.7382
2018-06-07,368.7,368.7,357.8,361.4,6166519,0.0,322.951
2018-06-08,357.88,362.39,356.25,360.56,3647237,0.0,324.4458
2018-06-11,361.7,365.67,360.91,361.45,3257968,0.0,325.77700000000004
2018-06-12,363.6,365.98,362.0,363.93,2883035,0.0,327.4512000000001
2018-06-13,367.4,384.2537,364.11,379.91,14209381,0.0,329.37380000000013
2018-06-14,384.27,395.03,383.25,392.87,11294218,0.0,331.4530000000001
2018-06-15,390.48,398.86,387.51,392.0,9732959,0.0,333.4138000000001
2018-06-18,387.76,393.16,386.5,390.39,4974108,0.0,335.44640000000015
2018-06-19,389.5,405.29,388.5,404.96,12674808,0.0,337.7470000000001
2018-06-20,415.59,419.4675,409.6,416.7,12480577,0.0,340.1200000000001
2018-06-21,421.19,423.2056,406.3701,415.43,13916781,0.0,342.35500000000013
2018-06-22,419.99,420.5,409.651,411.09,7356487,0.0,344.39160000000015
2018-06-25,404.69,405.99,378.75,384.49,16919785,0.0,345.8486000000002
2018-06-26,393.2,404.78,389.05,399.42,11408186,0.0,347.68480000000017
2018-06-27,407.56,411.5865,390.0,390.3879,12433954,0.0,348.7703580000002
2018-06-28,395.0,396.9,387.1,395.4,8851303,0.0,349.98775800000027
2018-06-29,398.93,401.3299,390.55,391.32,6448914,0.0,351.16035800000026
2018-07-02,385.8,398.38,380.0,398.18,5476382,0.0,352.5685580000003
2018-07-03,399.49,399.98,389.5,390.37,3794784,0.0,354.0025580000003
2018-07-05,393.8003,399.24,390.86,398.45,6156618,0.0,355.8311580000003
2018-07-06,397.45,408.6495,395.5225,408.36,6284463,0.0,357.8837580000003
2018-07-09,415.96,419.12,411.1,418.94,8429031,0.0,359.98255800000027
2018-07-10,417.07,419.44,413.08,415.61,6862597,0.0,362.05935800000026
2018-07-11,411.15,419.77,410.6,418.66,7194585,0.0,364.1833580000003
2018-07-12,415.1553,416.79,407.8,413.49,9522575,0.0,366.18715800000035
2018-07-13,409.04,410.0,395.08099999999996,395.76,11316212,0.0,367.8351580000003
2018-07-16,398.46,403.355,391.75,400.39,13714746,0.0,369.6105580000003
2018-07-17,346.95,385.0,344.0,379.49,45895488,0.0,370.79855800000036
2018-07-18,381.38,383.13,372.3552,375.13,15084559,0.0,371.7769580000004
2018-07-19,371.06,375.749,363.0,364.1501,13411491,0.0,372.52236000000033
2018-07-20,364.92,370.5,360.14,361.22,11562839,0.0,373.14476000000036
2018-07-23,359.4,363.9,353.6,362.66,8983278,0.0,373.80396000000036
2018-07-24,366.94,367.4,354.56,357.3,10324609,0.0,374.4225600000004
2018-07-25,357.57,363.28,355.65,362.84,6209441,0.0,375.10896000000037
2018-07-26,357.85,365.54,356.625,363.14,4968637,0.0,375.8491600000003
2018-07-27,366.85,367.0,351.65,355.2,6626603,0.0,376.3867600000004
2018-07-30,351.93,352.03,334.0201,334.97,13870944,0.0,376.5817600000004
2018-07-31,331.53,342.5,328.0,337.43,10702607,0.0,376.84676000000036
2018-08-01,335.85,344.41,334.02,338.41,5798530,0.0,376.97856000000036
2018-08-02,337.23,345.0,334.71,344.5,5291303,0.0,377.2359600000003
2018-08-03,347.75,347.86,338.4768,343.09,5878553,0.0,377.2033600000003
2018-08-06,342.41,351.98,341.74,350.91,6128037,0.0,377.2355600000003
2018-08-07,353.23,357.31,349.01,351.83,6057692,0.0,377.24596000000037
2018-08-08,352.21,352.97,346.61,347.59,4007924,0.0,377.20316000000037
2018-08-09,347.92,352.439,345.8157,349.37,3418917,0.0,377.1197600000003
2018-08-10,346.85,349.1,344.4233,345.79,3050974,0.0,377.0029600000003
2018-08-13,339.96,347.19,339.08,341.32,4919717,0.0,376.6307600000003
2018-08-14,342.09,342.41,336.25,337.48,4177175,0.0,376.1407600000003
2018-08-15,334.03,335.4962,321.0,326.44,8523569,0.0,375.3535600000003
2018-08-16,329.9,331.17,321.2138,322.44,4856904,0.0,374.4523600000003
2018-08-17,319.01,324.365,312.96,316.78,7899426,0.0,373.5599600000002
2018-08-20,314.36,331.6,310.928,327.75,10428398,0.0,372.9037600000002
2018-08-21,331.0,341.5,329.7,338.04,9599421,0.0,372.4355600000002
2018-08-22,338.49,346.21,337.406,344.44,6962522,0.0,372.04576000000014
2018-08-23,348.01,350.08,337.65,339.15,8284904,0.0,371.2305600000002
2018-08-24,346.0,359.15,344.541,358.84,11095969,0.0,370.5499600000002
2018-08-27,367.0,374.49,360.0,364.59,13131146,0.0,370.0017600000002
2018-08-28,367.23,369.99,360.38,368.48,6986873,0.0,369.5635600000002
2018-08-29,367.2,369.86,362.91,368.14,6019634,0.0,368.8271600000002
2018-08-30,365.09,376.8085,363.54,371.08,8860323,0.0,367.91476000000023
2018-08-31,370.66,376.0,367.0766,367.73,5686365,0.0,366.9607600000002
2018-09-04,366.65,368.88,361.26,363.49,5924580,0.0,366.0087600000003
2018-09-05,360.75,363.39,335.83,341.19,10050571,0.0,365.1427600000002
2018-09-06,347.13,356.0,341.99,346.62,9890770,0.0,364.0867600000002
2018-09-07,342.39,355.75,341.25,348.72,7171600,0.0,363.2534020000002
2018-09-10,352.45,352.5,343.08,348.42,3994096,0.0,362.3138020000001
2018-09-11,344.78,356.15,343.9001,356.01,4538019,0.0,361.6076020000001
2018-09-12,359.08,370.43,356.24,369.95,7457713,0.0,361.0430020000001
2018-09-13,372.0,374.09,366.84,368.17,5940969,0.0,360.5990020000001
2018-09-14,368.55,371.09,363.46,364.54,3112547,0.0,359.9208020000001
2018-09-17,364.22,367.33,349.57,350.38,5015178,0.0,358.76120200000014
2018-09-18,353.67,368.15,351.56,367.65,7731494,0.0,357.7354020000002
2018-09-19,373.95,377.61,359.17,366.89300000000003,8736252,0.0,356.76106200000015
2018-09-20,370.06,370.26,363.17,365.35,4535687,0.0,355.6948620000001
2018-09-21,366.47,372.22,360.74,360.98,6316681,0.0,354.6446620000001
2018-09-24,359.0,373.64,354.33,369.59,6828043,0.0,354.1212620000001
2018-09-25,370.1,371.34,364.49199999999996,369.3,4759607,0.0,353.4994620000001
2018-09-26,373.59,382.0,370.88,378.0,9902716,0.0,353.4696620000001
2018-09-27,379.97,383.2,376.0,380.69,5322378,0.0,353.580862
2018-09-28,379.24,380.8,373.73,374.35,4702286,0.0,353.78486000000004
2018-10-01,375.85,386.11,375.54,381.43,5843796,0.0,354.18906000000004
2018-10-02,384.46,386.7999,373.83,377.19,6343742,0.0,354.47966
2018-10-03,378.55,380.93,374.881,377.01,3757455,0.0,354.87386
2018-10-04,375.88,375.92,360.4,363.5,6448663,0.0,354.88705999999996
2018-10-05,359.77,363.5,343.0,351.36,10073193,0.0,354.65146
2018-10-08,345.65,352.945,338.11,349.07,9577094,0.0,354.52886
2018-10-09,348.49,358.72,347.09,355.7,6528822,0.0,354.94345999999996
2018-10-10,353.52,355.15,325.39,325.89,12982056,0.0,354.71265999999997
2018-10-11,324.84,334.2,315.81,321.22,12024300,0.0,354.36886
2018-10-12,339.63,341.3,328.9,339.58,11113259,0.0,354.27046
2018-10-15,337.63,339.2057,326.93,333.14,8483113,0.0,354.07146
2018-10-16,337.24,347.95,330.555,346.59,11180427,0.0,353.98506000000003
2018-10-17,378.19,380.0,356.5,364.71,24750326,0.0,354.24265999999994
2018-10-18,360.673,362.2,346.05,346.7,14199648,0.0,354.22486
2018-10-19,351.0,355.8,332.2,332.55,11866474,0.0,353.88845999999995
2018-10-22,332.73,335.8,320.34,329.53,12873502,0.0,353.56325999999996
2018-10-23,318.28,336.58,316.77,333.1,11667442,0.0,353.3988599999999
2018-10-24,332.56,333.0,300.73,301.775,14213860,0.0,352.6847599999999
2018-10-25,307.3,319.94,305.25,312.89,9215227,0.0,352.41375999999997
2018-10-26,300.64,313.99,292.3,299.85,14870683,0.0,351.96196
2018-10-29,305.26,307.89,275.4,285.2401,17368228,0.0,351.33116199999995
2018-10-30,275.16,290.525,271.2093,285.82,18828972,0.0,350.49256199999996
2018-10-31,297.52,311.5,295.05,301.79,15877182,0.0,349.76756199999994
2018-11-01,304.59,318.45,296.67,317.35,11767406,0.0,349.225762
2018-11-02,318.0,321.88,308.33,309.09,10534308,0.0,348.6245619999999
2018-11-05,311.1,317.53,303.74,315.22,9904103,0.0,347.75216199999994
2018-11-06,314.76,320.22,305.3,310.58,9312474,0.0,346.671962
2018-11-07,312.9,328.64,311.0,327.5,12811841,0.0,345.85236199999997
2018-11-08,328.44,332.0499,316.6103,317.89,8536060,0.0,344.847362
2018-11-09,311.07,312.98,298.01,303.46,10501760,0.0,343.49496199999993
2018-11-12,300.0,302.49,290.63,294.21,8234067,0.0,342.02456199999995
2018-11-13,295.0,303.55,289.1,294.4,9473196,0.0,340.64276199999995
2018-11-14,300.4,301.84,278.2969,286.7,16430110,0.0,339.552962
2018-11-15,285.51,292.5,282.16,290.13,9428924,0.0,338.423162
2018-11-16,287.14,291.72,281.0,286.23,8755528,0.0,337.173362
2018-11-19,283.79,285.09,269.15,270.64,12089707,0.0,335.617762
2018-11-20,254.63,276.34,250.0,267.05,15704167,0.0,333.838562
2018-11-21,274.42,275.34,261.51,262.13,9966685,0.0,331.682162
2018-11-23,260.11,265.5,256.84,258.84,5132258,0.0,329.49556200000006
2018-11-26,260.55,266.25,253.8,261.60900000000004,11642171,0.0,327.43694200000004
2018-11-27,259.24,269.08,256.14,266.68,10691521,0.0,325.76294200000007
2018-11-28,271.98,284.0,263.34,282.78,14317276,0.0,324.0655420000001
2018-11-29,282.32,290.49,275.5,288.76,14607428,0.0,322.5028820000001
2018-11-30,288.0,290.81,282.36,286.1,10234409,0.0,320.9178820000001
2018-12-03,293.19,298.72,284.58,290.39,13352654,0.0,319.50608200000005
2018-12-04,288.13,295.74,274.72,275.33,12204257,0.0,317.62088200000005
2018-12-06,268.33,283.22,267.14,282.95,12179675,0.0,315.8938820000001
2018-12-07,282.48,284.209,263.38,265.14,11999841,0.0,313.63668200000006
2018-12-10,264.19,271.18,260.6094,269.7,9305497,0.0,311.4168820000001
2018-12-11,274.08,274.5,262.76,265.45,9534720,0.0,309.2388820000001
2018-12-12,267.66,281.7695,266.48,274.88,11033359,0.0,307.1078820000001
2018-12-13,277.64,279.32,271.85,276.02,8177476,0.0,305.08448200000004
2018-12-14,271.81,277.6665,265.0,266.71,9496063,0.0,302.878482
2018-12-17,266.51,272.98,261.075,262.96,14825237,0.0,300.867682
2018-12-18,263.3,275.75,263.29,270.96,9803580,0.0,299.259682
2018-12-19,269.96,280.87,263.77,266.68,13223958,0.0,297.611882
2018-12-20,264.64,269.9,251.88,260.58,16220609,0.0,295.709482
2018-12-21,263.83,264.5,241.29,246.2,18792685,0.0,294.115682
2018-12-24,242.0,250.65,233.68,234.15,9161444,0.0,292.374282
2018-12-26,233.92,254.5,231.23,253.54,13683008,0.0,290.65348200000005
2018-12-27,250.11,255.5,240.1,255.5,11655163,0.0,289.10068200000006
2018-12-28,257.94,261.9144,249.8,255.97,10727771,0.0,287.28828200000004
2018-12-31,260.16,270.1001,260.0,266.3142,12633985,0.0,285.3203660000001
2019-01-02,259.28,269.7499,256.58,267.67,10715228,0.0,283.73976600000003
2019-01-03,270.2,275.79,264.43,271.91,13801524,0.0,282.5269660000001
2019-01-04,281.88,297.8,278.54,297.47,18127036,0.0,281.88576600000005
2019-01-07,302.1,316.8,301.65,316.63,17137501,0.0,281.556366
2019-01-08,319.98,320.51,308.01,320.39,14085038,0.0,281.928666
2019-01-09,317.71,323.3508,313.5,320.0,12574007,0.0,282.070866
2019-01-10,314.57,325.37,312.5,324.74,12476511,0.0,282.568666
2019-01-11,330.84,341.09,328.52,337.9254,18241211,0.0,283.62237200000004
2019-01-14,334.24,335.48,329.13,332.67,9580536,0.0,284.55937200000005
2019-01-15,349.6,357.22,347.0,354.32,19496381,0.0,285.609972
2019-01-16,354.0,358.85,348.11,350.7639,14108264,0.0,286.27825
2019-01-17,349.5,355.79,346.41,353.82,13413692,0.0,287.17285
2019-01-18,351.97,353.0,336.73,338.92,24643106,0.0,287.64685000000003
2019-01-22,334.89,336.88,321.03,324.5401,16718058,0.0,287.926052
2019-01-23,328.25,331.75,318.6,321.59,12481519,0.0,287.807852
2019-01-24,320.6,331.8,319.0,326.8881,10475217,0.0,287.987814
2019-01-25,328.72,340.0,328.51,337.94,10469177,0.0,288.67741400000006
2019-01-28,334.7,336.3,328.88,335.53,7732010,0.0,289.5038140000001
2019-01-29,335.87,338.22,328.151,329.2,7075520,0.0,290.1998140000001
2019-01-30,332.75,341.78,330.8,340.8901,7890146,0.0,291.2836160000001
2019-01-31,339.68,345.99,338.0919,339.57,7470759,0.0,292.27241600000013
2019-02-01,337.0,346.84,336.5,339.21,8504260,0.0,293.3320160000001
2019-02-04,342.6,352.0,341.3,351.0,8180214,0.0,294.9392160000001
2019-02-05,353.2,360.0,352.9,355.07,8431842,0.0,296.6996160000001
2019-02-06,357.0,357.04,347.19,352.03,6325863,0.0,298.49761600000016
2019-02-07,348.46,348.75,339.02,344.3599,7318278,0.0,300.20801400000016
2019-02-08,338.0,348.0,338.0,347.4,7031801,0.0,301.9238340000001
2019-02-11,350.0,352.87,344.81,345.84,4818110,0.0,303.50703400000015
2019-02-12,348.09,359.69,346.52,359.62,9469281,0.0,305.0438340000001
2019-02-13,357.3,359.6,350.28,351.67,9639751,0.0,306.3020340000001
2019-02-14,351.75,360.45,348.33,359.66,8616853,0.0,307.7732340000001
2019-02-15,358.47,364.4,355.5,356.5161,8575970,0.0,309.09575600000016
2019-02-19,355.8,365.0,355.32,362.1,6739016,0.0,310.83115600000014
2019-02-20,364.85,366.71,356.7,359.99,7655654,0.0,312.3719560000001
2019-02-21,360.03,362.85,353.88,356.91,5954159,0.0,314.2073560000001
2019-02-22,360.34,366.13,360.05,363.01,6615591,0.0,316.0735560000001
2019-02-25,367.01,371.49,363.79,363.92,7085610,0.0,318.0429560000001
2019-02-26,363.0,365.7,359.33,364.96,4556516,0.0,319.8445560000001
2019-02-27,363.5,368.03,359.8,362.8,5299637,0.0,321.5801560000001
2019-02-28,362.47,366.39,357.709,357.9,5355626,0.0,323.4039560000001
2019-03-01,362.26,362.87,354.6915,357.16,5147012,0.0,325.2879560000001
2019-03-04,359.72,362.25,348.0436,351.2,6442582,0.0,326.89275600000013
2019-03-05,351.25,356.17,348.25,354.18,5570180,0.0,328.64275600000013
2019-03-06,353.6,359.88,351.7,359.5,5851831,0.0,330.6211560000001
2019-03-07,360.16,362.86,350.5,352.62,5733334,0.0,332.7495560000001
2019-03-08,345.75,349.92,342.47,349.58,6355135,0.0,335.0581560000001
2019-03-11,352.0,358.98,350.04,358.86,4648908,0.0,337.16455600000006
2019-03-12,358.78,360.13,353.8,356.28,4415584,0.0,339.18015600000007
2019-03-13,355.81,362.48,352.765,361.18,6065574,0.0,341.28435600000006
2019-03-14,360.5,363.84,358.1008,358.68,4799192,0.0,343.13167200000004
2019-03-15,362.12,364.0,359.54,361.78,5194515,0.0,345.01387200000005
2019-03-18,362.47,370.9705,361.86,363.44,6544056,0.0,346.844472
2019-03-19,366.4,366.96,356.8,359.06,6678733,0.0,348.076272
2019-03-20,358.67,375.9,357.01,375.22,10287618,0.0,349.24807200000004
2019-03-21,373.82,379.0,370.61,377.92,7744879,0.0,350.39867200000003
2019-03-22,375.53,376.43,360.04,361.02,8083699,0.0,351.21907200000004
2019-03-25,359.0,367.0399,357.44,366.26,7956675,0.0,352.0494719999999
2019-03-26,367.87,368.38,358.02,360.1,6400989,0.0,352.4929639999999
2019-03-27,361.0,362.47,350.37,353.28,7186983,0.0,352.90516399999996
2019-03-28,354.485,355.94,349.2,354.61,4170523,0.0,352.9109639999999
2019-03-29,357.16,358.25,353.71,356.56,4021938,0.0,353.02688599999993
2019-04-01,359.0,367.8,358.51,366.96,2710737,0.0,353.2896859999999
2019-04-02,366.25,368.42,362.22,367.72,4582529,0.0,353.865686
2019-04-03,369.26,373.4105,366.19,369.58,5030212,0.0,354.76648400000005
2019-04-04,370.07,372.05,362.4,367.84,4417823,0.0,355.69148400000006
2019-04-05,369.0,369.8,364.66,365.61,3589148,0.0,356.4659220000001
2019-04-08,365.11,365.94,359.93,361.34,4175971,0.0,356.9339220000001
2019-04-09,360.54,366.74,359.0,364.73,5040285,0.0,357.5179220000001
2019-04-10,365.79,368.8481,362.25,363.95,4303760,0.0,358.2129220000001
2019-04-11,365.0,370.12,360.81,367.65,6111437,0.0,358.74812000000014
2019-04-12,360.69,361.75,349.36,351.14,14323643,0.0,358.9795200000001
2019-04-15,350.71,352.21,342.27,348.8851,8309396,0.0,359.1730220000001
2019-04-16,355.0,364.4787,352.72,359.61,14364530,0.0,359.34522200000015
2019-04-17,365.05,368.764,350.6,354.84,16085405,0.0,359.34062200000017
2019-04-18,354.95,360.41,351.64,360.35,8049911,0.0,359.5070220000001
2019-04-22,359.7,377.69,359.0,377.36,11282629,0.0,360.16702400000014
2019-04-23,375.45,384.8,374.7069,381.88,9304333,0.0,360.8566240000002
2019-04-24,381.07,381.9,373.2698,374.19,6111210,0.0,361.42362400000013
2019-04-25,374.49,374.76,365.7,368.34,5871934,0.0,361.5980240000001
2019-04-26,368.35,375.14,366.24,375.02,4810395,0.0,362.0650240000002
2019-04-29,373.68,374.5753,369.115,371.71,3560763,0.0,362.3060240000002
2019-04-30,369.99,374.5,368.348,370.51,3467914,0.0,362.58590200000015
2019-05-01,374.0,385.99,373.1746,378.81,8709382,0.0,362.9201020000002
2019-05-02,378.0,383.5,374.51,379.05,5034699,0.0,363.30130200000013
2019-05-03,381.53,385.03,378.2717,385.03,4706870,0.0,363.8637020000001
2019-05-06,377.69,381.35,376.0,378.73,5316892,0.0,364.17810200000014
2019-05-07,377.0,379.91,365.81,370.66,6426859,0.0,364.3129020000002
2019-05-08,367.92,369.0,361.36,364.39,6110079,0.0,364.3015020000002
2019-05-09,360.9,364.2,352.75,362.67,5583331,0.0,364.29890200000017
2019-05-10,361.62,365.2578,353.06,360.9325,5384688,0.0,364.3595520000001
2019-05-13,352.29,354.26,343.1,345.14,7504074,0.0,364.1191520000001
2019-05-14,348.71,349.95,342.5,345.5542,4955965,0.0,364.00623600000006
2019-05-15,343.34,356.5,341.39,354.99,5865241,0.0,364.0224360000001
2019-05-16,356.37,364.0,353.935,359.24,6063486,0.0,364.01723600000014
2019-05-17,356.39,359.62,353.785,354.43,4601589,0.0,364.05343600000015
2019-05-20,351.23,352.418,345.4,348.05,4300557,0.0,364.0228360000001
2019-05-21,350.95,356.425,349.93,354.3,3641465,0.0,363.9316360000001
2019-05-22,358.01,370.46,357.3,359.74,5864352,0.0,364.0008360000001
2019-05-23,355.5,357.42,347.7,352.23,5169430,0.0,363.82183600000013
2019-05-24,355.51,359.44,353.791,354.39,3612717,0.0,363.73603600000007
2019-05-28,354.39,361.2,353.64,354.61,3703586,0.0,363.59263600000014
2019-05-29,353.6,353.8476,345.9,349.21,5164094,0.0,363.30803600000013
2019-05-30,350.55,354.21,348.3,351.83,3721735,0.0,363.16343600000016
2019-05-31,347.22,349.34,342.92,343.25,4504506,0.0,362.52403600000014
2019-06-03,343.56,347.66,332.65,336.63,7355610,0.0,361.6982360000002
2019-06-04,345.0,353.61,343.25,353.4,7322078,0.0,361.5458360000002
2019-06-05,354.38,357.88,348.71,355.8,4660793,0.0,361.3366360000002
2019-06-06,354.84,358.21,352.09,357.28,3405233,0.0,361.28023600000023
2019-06-07,357.39,365.15,355.69,360.8,4235419,0.0,361.4306360000002
2019-06-10,363.65,367.1,349.285,352.01,7366867,0.0,361.3786360000002
2019-06-11,355.0,357.58,348.5,351.27,5032305,0.0,361.27283600000015
2019-06-12,351.82,353.61,343.23,345.54,4294097,0.0,360.8444360000002
2019-06-13,347.23,348.5,339.25,343.57,11773444,0.0,360.3614360000002
2019-06-14,341.63,343.4,336.155,339.73,9348337,0.0,359.76443600000016
2019-06-17,342.69,351.77,342.06,350.61,4985978,0.0,359.41983600000015
2019-06-18,355.56,361.5,353.75,356.99,4972707,0.0,359.24743600000016
2019-06-19,361.72,364.74,356.12,363.49,5218969,0.0,359.29043600000017
2019-06-20,365.91,370.12,361.215,365.07,5257914,0.0,359.29723600000017
2019-06-21,365.0,371.45,365.0,368.88,6256562,0.0,359.3958360000002
2019-06-24,370.27,375.0,370.2,371.04,4224559,0.0,359.4636360000002
2019-06-25,370.75,370.9994,358.29,360.41,4985746,0.0,359.6490360000002
2019-06-26,361.65,366.79,361.6,362.09,3085663,0.0,359.9131340000002
2019-06-27,363.2,370.85,363.2,370.02,3854010,0.0,360.1213340000002
2019-06-28,371.4086,371.5448,364.87,367.67,3511983,0.0,360.37793400000015
2019-07-01,373.21,376.66,372.0,374.6,4547169,0.0,360.6629340000002
2019-07-02,374.89,376.0,370.31,375.69,3351491,0.0,360.62953400000015
2019-07-03,376.69,381.99,375.84,381.915,3514684,0.0,360.63023400000014
2019-07-05,378.29,381.4,375.555,380.55,3550068,0.0,360.75743400000016
2019-07-08,378.13,378.25,375.36,376.0413,2744441,0.0,360.91146000000015
2019-07-09,379.06,384.76,377.5,379.81,6510059,0.0,361.00726000000014
2019-07-10,382.77,384.3399,362.68,380.99,5435147,0.0,361.1928600000002
2019-07-11,381.1,384.54,378.8,379.42,4017198,0.0,361.3710600000002
2019-07-12,378.68,379.7375,372.7917,373.24,6156766,0.0,361.2596600000002
2019-07-15,372.94,373.68,362.3,366.62,7476719,0.0,361.0110600000002
2019-07-16,370.09,371.34,364.92,365.98,5556296,0.0,360.63006000000024
2019-07-17,366.25,366.5,361.75,362.65,7889259,0.0,360.30846000000025
2019-07-18,323.76,329.85,320.3,325.21,29178463,0.0,359.39946000000026
2019-07-19,323.4,325.85,314.23,315.1,15706969,0.0,358.4136600000002
2019-07-22,312.0,314.54,305.81,310.62,16895056,0.0,357.3726600000002
2019-07-23,311.44,313.5,306.0,307.31,8681808,0.0,356.3002100000003
2019-07-24,310.51,319.99,307.25,317.82,11158651,0.0,355.7538100000003
2019-07-25,318.86,327.69,316.3,326.61,10227817,0.0,355.37492600000036
2019-07-26,328.79,336.0,327.5,335.87,10159258,0.0,354.9925260000003
2019-07-29,335.98,336.4,328.77,332.7,5360075,0.0,354.4617260000003
2019-07-30,329.2,329.65,323.23,325.99,5610886,0.0,353.8929260000003
2019-07-31,325.16,331.77,318.53,322.99,5820788,0.0,353.39172600000035
2019-08-01,324.25,328.58,318.735,319.57,6209410,0.0,352.69712600000037
2019-08-02,317.49,319.41,311.8,319.06,4978308,0.0,351.88352600000036
2019-08-05,310.96,313.4179,304.677,307.61,7863381,0.0,350.99112600000035
2019-08-06,310.58,311.88,305.3,310.11,5433740,0.0,350.1055260000004
2019-08-07,302.56,305.0,296.8126,304.23,8599509,0.0,349.09792600000037
2019-08-08,311.03,316.3648,306.63,315.83,5213760,0.0,348.43032600000043
2019-08-09,313.74,316.64,305.68,309.0,4803269,0.0,347.57372600000036
2019-08-12,305.46,312.89,303.24,310.82,5667308,0.0,346.9251260000004
2019-08-13,309.77,316.43,308.16,312.33,4560893,0.0,346.4391260000004
2019-08-14,308.01,308.41,298.005,299.11,6652428,0.0,345.3533260000004
2019-08-15,299.5,300.63,288.0,295.91,9178448,0.0,344.1555260000004
2019-08-16,298.86,303.55,296.27,302.75,6466722,0.0,343.0649260000004
2019-08-19,306.25,311.75,304.75,309.41,4461351,0.0,342.0371260000004
2019-08-20,304.57,305.0,297.6811,299.03,6612010,0.0,340.9775260000004
2019-08-21,301.61,302.88,296.2,297.81,5263605,0.0,339.90832600000044
2019-08-22,298.65,300.33,293.15,296.86,4565567,0.0,338.93472600000047
2019-08-23,295.0,299.01,290.32,291.54,5548652,0.0,337.8941260000005
2019-08-26,295.24,296.95,292.5,295.11,4093942,0.0,337.0017260000005
2019-08-27,294.94,296.77,287.1968,291.0,5496267,0.0,335.80952600000046
2019-08-28,289.2,292.82,287.75,291.81,3399172,0.0,334.5059260000005
2019-08-29,295.0,299.93,294.99,296.78,4016448,0.0,333.17172600000043
2019-08-30,298.93,298.94,290.85,293.72,3804863,0.0,331.74472600000047
2019-09-03,290.82,293.9,288.06,289.21,3217476,0.0,330.1513260000004
2019-09-04,291.25,292.38,286.51,291.52,4293993,0.0,328.5609260000004
2019-09-05,285.32,293.97,282.785,293.25,8279115,0.0,327.2177260000004
2019-09-06,293.09,293.35,287.03,290.11,4555028,0.0,325.7781260000004
2019-09-09,294.81,301.55,290.6,294.34,6978354,0.0,324.2645260000004
2019-09-10,291.16,297.17,282.6629,288.24,11297560,0.0,322.67592600000046
2019-09-11,285.7,292.65,284.61,288.24,6480157,0.0,320.9487260000004
2019-09-12,288.1,292.73,287.57,288.86,4515817,0.0,319.2121260000004
2019-09-13,290.61,296.62,290.04,294.07,6104903,0.0,317.4552260000004
2019-09-16,294.23,297.43,289.78,294.33,4937537,0.0,315.73082600000043
2019-09-17,294.5,299.15,291.79,298.55,4470773,0.0,314.1810000000004
2019-09-18,294.99,296.05,287.45,291.67,7304154,0.0,312.4182000000004
2019-09-19,291.56,293.81,283.4,286.58,7805755,0.0,310.5300000000004
2019-09-20,280.26,282.5,266.0,270.75,22337245,0.0,308.3566000000004
2019-09-23,268.17,273.39,261.89,265.87,12693105,0.0,306.2092000000004
2019-09-24,262.5,265.0,252.28,254.58,15368904,0.0,303.96840000000043
2019-09-25,255.61,266.6,253.7,264.75,10778121,0.0,301.9438000000004
2019-09-26,266.42,268.05,260.2,263.34,7176045,0.0,299.9576000000004
2019-09-27,266.175,267.44,260.39,263.09,6752140,0.0,298.71520000000044
2019-09-30,264.0,268.88,262.78,267.63,5254867,0.0,297.7658000000004
2019-10-01,267.35,272.2,264.04,269.58,8075505,0.0,296.9450000000004
2019-10-02,263.61,269.35,262.19,268.06,6910425,0.0,296.1600000000004
2019-10-03,267.78,268.843,257.01,268.28,8418905,0.0,295.16920000000044
2019-10-04,268.2,275.4846,266.47,272.73,17570819,0.0,294.0916000000004
2019-10-07,271.99,276.68,271.28,274.47,12062551,0.0,292.86360000000036
2019-10-08,273.03,275.53,270.6427,270.73,11067212,0.0,291.62420000000037
2019-10-09,270.02,271.0,264.57,267.52,12593464,0.0,290.4548000000004
2019-10-10,265.97,280.53,265.0337,280.5,20404108,0.0,289.60500000000036
2019-10-11,284.76,287.87,282.3438,282.77,16683073,0.0,288.86900000000037
2019-10-14,283.93,286.93,282.0,285.47,10160503,0.0,288.19720000000035
2019-10-15,283.2,285.87,279.4,284.27,13772252,0.0,287.7304000000004
2019-10-16,283.23,288.17,280.7431,286.6207,22951678,0.0,287.2606140000004
2019-10-17,304.49,308.75,288.3001,293.3091,70376981,0.0,287.0421960000004
2019-10-18,289.36,290.9,273.36,275.28,45593076,0.0,286.2311960000004
2019-10-21,274.235,279.9399,269.0,278.05,11598665,0.0,285.6121960000004
2019-10-22,271.159,275.41,265.8,266.69,11029467,0.0,284.72959600000036
2019-10-23,268.06,273.92,266.63,271.26,6789676,0.0,283.9081960000004
2019-10-24,271.81,274.02,268.8,271.49,4352131,0.0,283.3557960000004
2019-10-25,270.68,277.77,270.18,276.88,4248928,0.0,282.9751960000004
2019-10-28,278.05,285.75,277.35,281.93,5916130,0.0,282.55879600000037
2019-10-29,281.87,284.41,277.545,281.2,4050973,0.0,281.9945960000004
2019-10-30,284.34,293.49,283.0,291.45,8937016,0.0,281.84299600000037
2019-10-31,291.0,291.45,284.78,287.44,4622291,0.0,281.6355960000004
2019-11-01,288.7,289.12,283.02,286.975,5129507,0.0,281.4378960000004
2019-11-04,288.0,295.39,287.16,292.99,5110430,0.0,281.46689600000036
2019-11-05,289.99,291.19,286.31,288.03,3685414,0.0,281.3252960000004
2019-11-06,288.19,290.56,285.84,288.59,2950826,0.0,281.27709600000037
2019-11-07,290.7,298.19,288.2679,289.58,5518868,0.0,281.23249600000037
2019-11-08,288.73,293.99,287.505,291.57,3882499,0.0,281.1282960000004
2019-11-11,289.16,296.36,288.5,294.18,3608028,0.0,281.1374960000004
2019-11-12,295.32,295.345,288.7,291.9,5471614,0.0,281.1912960000004
2019-11-13,291.03,293.41,281.14,283.02,8859834,0.0,281.0212960000004
2019-11-14,283.31,290.63,283.22,289.66,6162245,0.0,280.9494960000004
2019-11-15,290.59,295.8186,287.568,295.0,6080455,0.0,281.0472960000004
2019-11-18,295.81,304.99,293.28,302.62,7959540,0.0,281.2128960000004
2019-11-19,304.01,305.6699,298.5201,302.54,5245156,0.0,281.4988960000004
2019-11-20,301.01,308.25,301.0,305.29,4655478,0.0,281.83989600000046
2019-11-21,305.9,312.69,304.2622,311.7,7140056,0.0,282.29669600000045
2019-11-22,309.1,311.4,304.41,310.49,5690157,0.0,282.62509600000044
2019-11-25,308.83,315.73,305.25,315.68,7288534,0.0,283.05209600000046
2019-11-26,315.0,316.5,311.69,312.02,3923312,0.0,283.3214960000005
2019-11-27,313.5,316.82,312.75,315.93,3752029,0.0,283.8066960000005
2019-11-29,315.78,316.62,313.34,314.71,2132215,0.0,284.3692960000005
2019-12-02,314.39,314.39,303.75,310.02,5615521,0.0,285.15469600000046
2019-12-03,302.22,307.36,301.88,306.13,4468516,0.0,285.95989600000047
2019-12-04,308.43,308.43,303.2727,304.28,3311043,0.0,286.95389600000044
2019-12-05,305.27,306.48,298.81,302.87,4356286,0.0,287.71629600000045
2019-12-06,304.7,307.8495,302.6,307.27,4082452,0.0,288.59489600000046
2019-12-09,307.35,311.49,302.44,302.4795,5221077,0.0,289.3826860000005
2019-12-10,296.12,298.94,292.02,293.33,9961504,0.0,289.8966860000005
2019-12-11,294.35,299.43,294.2,298.86,5013366,0.0,290.4822860000005
2019-12-12,295.67,299.165,295.06,298.44,4352852,0.0,291.0898860000005
2019-12-13,298.5,301.8,297.25,298.5,3562853,0.0,291.6942860000005
2019-12-16,300.85,305.71,298.63,304.1,4193124,0.0,292.3216860000005
2019-12-17,307.36,316.8,306.6,315.41,9205110,0.0,293.1404860000005
2019-12-18,316.21,325.36,315.6,320.4,9533982,0.0,294.13388600000053
2019-12-19,324.5,332.83,324.18,332.22,9055967,0.0,295.4278860000005
2019-12-20,335.0,338.0,330.6,336.97,8646252,0.0,296.5572860000005
2019-12-23,337.76,337.95,331.0201,333.1,4865402,0.0,297.5638860000005
2019-12-24,334.01,335.7,331.6,333.28,1887333,0.0,298.5200860000005
2019-12-26,334.6,336.4623,332.01,332.62,3268244,0.0,299.48708600000055
2019-12-27,332.96,333.82,326.01,329.09,4620963,0.0,300.3364720000005
2019-12-30,329.08,329.185,322.86,323.31,3879738,0.0,300.9364900000005
2019-12-31,322.0,324.916,321.09,323.53,3228786,0.0,301.90149000000054
2020-01-02,326.32,329.98,324.78,329.82,3966616,0.0,302.9368900000005
2020-01-03,326.78,329.8599,325.53,325.9,3453110,0.0,304.1210900000005
2020-01-06,323.12,336.36,321.2,335.83,5216762,0.0,305.4124900000005
2020-01-07,336.47,336.7,330.3,330.775,4064861,0.0,306.5981900000005
2020-01-08,331.49,342.7,331.05,339.14,6591467,0.0,307.8433900000005
2020-01-09,342.0,343.4196,334.6101,335.6448,4213754,0.0,308.9176860000005
2020-01-10,337.13,338.5,327.27,329.09,4279731,0.0,309.8754860000005
2020-01-13,331.8,340.85,331.51,338.94,5485620,0.0,310.82528600000046
2020-01-14,344.3,345.38,335.52,338.73,6678976,0.0,311.85108600000046
2020-01-15,338.68,343.17,336.6,339.19,4134366,0.0,312.8953860000005
2020-01-16,343.33,343.555,335.85,338.76,4068341,0.0,313.81078600000046
2020-01-17,341.0,341.57,337.38,339.65,4262830,0.0,314.84318600000046
2020-01-21,340.23,341.0,332.59,338.33,19848895,0.0,315.83798600000046
2020-01-22,332.55,336.3,323.6,326.0,40184334,0.0,316.5663860000005
2020-01-23,326.04,349.88,325.01,349.6,33975904,0.0,317.72698600000047
2020-01-24,348.19,359.85,345.88,353.14,33263025,0.0,318.90618600000045
2020-01-27,345.95,351.9,341.02,342.99,6784033,0.0,319.92798600000043
2020-01-28,345.88,352.4,342.78,348.52,5880342,0.0,321.23798600000043
2020-01-29,348.88,349.4,338.55,343.23,7057499,0.0,322.3093860000005
2020-01-30,341.1,348.2,339.25,347.7,4261719,0.0,323.36338600000045
2020-01-31,347.39,347.39,340.98,345.05,4506778,0.0,324.2119860000004
2020-02-03,347.24,359.63,346.28,357.79,5788805,0.0,325.3169860000004
2020-02-04,361.0,369.57,356.0964,368.95,6102369,0.0,326.5901860000004
2020-02-05,375.125,375.25,362.3,369.72,5647099,0.0,327.7505860000004
2020-02-06,369.6,371.5499,362.505,367.12,3646260,0.0,328.88318600000036
2020-02-07,365.04,371.8,363.57,366.77,3538534,0.0,329.90498600000035
2020-02-10,365.0,374.8,362.52,371.2301,4078144,0.0,331.0891880000004
2020-02-11,373.55,378.11,369.72,373.72,4409526,0.0,332.2449880000004
2020-02-12,377.18,380.62,375.88,380.12,4375226,0.0,333.5531880000004
2020-02-13,376.96,385.37,376.51,381.27,4142820,0.0,334.9781880000004
2020-02-14,381.47,385.15,379.4342,380.4,3403125,0.0,336.46358800000036
2020-02-18,379.3,389.54,379.19,387.77,4876911,0.0,338.1333880000004
2020-02-19,388.3,392.95,384.9,386.37,4604644,0.0,339.80338800000044
2020-02-20,386.56,389.7,376.68,386.0,3864989,0.0,341.3779880000004
2020-02-21,385.33,387.32,377.9008,379.94,3612847,0.0,342.9271980000004
2020-02-24,364.76,372.82,361.0,368.67,5734458,0.0,344.43399800000026
2020-02-25,372.0,375.65,357.72,360.09,5899938,0.0,345.65859800000027
2020-02-26,366.31,382.0,365.0,379.23,8152778,0.0,347.2743980000003
2020-02-27,371.46,391.5624,370.5962,371.54,10234348,0.0,348.7351980000003
2020-02-28,365.0,376.77,356.8,369.91,10015456,0.0,350.05139800000035
2020-03-02,373.11,381.36,364.50199999999995,381.26,6306678,0.0,351.3683980000003
2020-03-03,381.4,393.52,367.4,368.96,7812638,0.0,352.33959800000025
2020-03-04,377.16,384.01,370.51,383.99,5015773,0.0,353.3749980000003
2020-03-05,381.0,391.4,368.6401,372.78,10905823,0.0,354.09119800000025
2020-03-06,367.7,371.31,356.85,368.9,7508021,0.0,354.80719800000026
2020-03-09,344.9899,357.47,342.0,346.03,6360040,0.0,355.0621980000003
2020-03-10,356.54,364.54,347.85,364.27,6855306,0.0,355.6951980000003
2020-03-11,358.92,362.98,344.79,349.59,10635590,0.0,356.1051980000003
2020-03-12,326.5,335.72,307.32,312.63,11237950,0.0,355.89159800000033
2020-03-13,330.51,336.42,307.39,336.3,8573710,0.0,356.14699800000034
2020-03-16,306.12,334.35,294.75,296.84,19517344,0.0,355.4873980000003
2020-03-17,306.19,322.9,290.25,319.7401,9447411,0.0,355.36420000000027
2020-03-18,302.395,331.5794,300.0,317.33,10419458,0.0,354.99420000000026
2020-03-19,324.33,348.51,316.82,331.885,19901158,0.0,355.0164000000002
2020-03-20,342.31,350.49,332.0,332.7,10723540,0.0,354.88760000000025
2020-03-23,347.89,366.11,340.8838,360.06,12674135,0.0,355.3759040000003
2020-03-24,369.99,372.93,353.0301,359.39,10276641,0.0,355.98190400000027
2020-03-25,361.02,362.0,339.17,342.56,8077095,0.0,356.05430400000034
2020-03-26,344.0,363.84,341.73,363.14,6138714,0.0,356.54250400000035
2020-03-27,359.09,368.56,353.0,357.12,7219372,0.0,356.9011040000003
2020-03-30,363.0,377.8,361.17,370.53,15467670,0.0,357.5365040000004
2020-03-31,367.93,383.01,366.44,375.36,7581515,0.0,358.2507040000003
2020-04-01,376.05,380.233,361.02,364.21,6279332,0.0,358.7683040000003
2020-04-02,364.08,370.99,360.06,370.13,4214034,0.0,359.6509040000003
2020-04-03,367.47,370.9,357.51,361.76,4185304,0.0,359.8941040000003
2020-04-06,363.75,380.29,361.71,379.92,14414040,0.0,360.4297040000003
2020-04-07,380.0,381.33,369.34,372.28,13419838,0.0,361.0155040000002
2020-04-08,374.01,378.39,368.31,371.24,6183593,0.0,361.46990400000027
2020-04-09,371.06,372.1,363.03,370.89,6707359,0.0,362.0231040000002
2020-04-13,371.31,400.51,367.7003,396.56,21767019,0.0,363.00030400000026
2020-04-14,397.5,417.82,394.8468,413.39,21916072,0.0,364.36710400000027
2020-04-15,413.0,434.98,412.25,426.75,38652951,0.0,365.74630400000024
2020-04-16,437.0,449.52,431.61,439.17,57742461,0.0,367.1507040000002
2020-04-17,431.0,432.0,414.695,423.05,34187211,0.0,368.2173040000001
2020-04-20,435.17,444.49,430.56,437.38,35040674,0.0,369.62250400000016
2020-04-21,444.77,447.0,425.6,434.31,68320146,0.0,370.9733040000002
2020-04-22,429.725,433.0,413.0,420.19,57019774,0.0,371.95250200000015
2020-04-23,419.26,438.413,419.26,426.7,52494681,0.0,373.01210200000014
2020-04-24,425.0,427.17,415.88,424.99,23368812,0.0,373.9095020000002
2020-04-27,425.0,429.0,420.84,421.35,11542246,0.0,374.71110200000015
2020-04-28,419.99,421.0,402.9101,403.79,9553251,0.0,375.17890200000016
2020-04-29,399.53,415.86,393.6,411.52,8834977,0.0,375.6539020000002
2020-04-30,410.31,424.44,408.0,420.02,13668180,0.0,376.3269020000002
2020-05-01,415.1,427.97,411.73,415.26,7709982,0.0,376.9121020000002
2020-05-04,417.78,428.54,414.87,427.97,13917854,0.0,377.87270200000023
2020-05-05,427.555,431.0,421.56,424.52,5904913,0.0,378.98970200000025
2020-05-06,429.3,439.77,426.385,434.2,12691906,0.0,380.4719020000003
2020-05-07,436.89,438.88,430.66,436.54,10247558,0.0,381.6181020000003
2020-05-08,434.14,442.0,433.6389,435.66,4425145,0.0,382.90050200000024
2020-05-11,436.33,444.8899,435.56,440.2,9999649,0.0,384.3063020000003
2020-05-12,442.0,444.17,431.36,431.83,4337625,0.0,385.31770200000034
2020-05-13,435.69,447.0,427.27,438.13,13488632,0.0,386.7011020000004
2020-05-14,444.9,452.38,432.82,442.13,17029185,0.0,387.8639020000004
2020-05-15,440.7,455.0,437.51,454.43,13341102,0.0,389.49690200000043
2020-05-18,451.16,456.36,443.35,452.58,7078158,0.0,391.1705020000004
2020-05-19,453.3965,458.97,450.465,451.03,4521934,0.0,393.2705020000004
2020-05-20,454.25,455.81,444.02,447.88,10640522,0.0,394.94270200000045
2020-05-21,448.56,448.96,430.25,436.34,8427215,0.0,396.6777020000004
2020-05-22,437.0,439.09,427.18,429.08,4990470,0.0,399.0067020000004
2020-05-26,427.77,428.5,413.14,414.93,7065859,0.0,400.57930200000044
2020-05-27,410.38,420.02,397.86,419.81,10039184,0.0,403.0387020000005
2020-05-28,417.24,422.3717,411.5,413.44,10538901,0.0,404.9127000000005
2020-05-29,417.46,420.295,411.85,419.28,4297006,0.0,406.9517000000004
2020-06-01,418.83,426.72,415.98,425.92,3461610,0.0,408.8324000000004
2020-06-02,425.87,427.59,419.46,427.49,6045300,0.0,410.7282000000004
2020-06-03,426.95,427.1,418.05,421.83,4044788,0.0,411.96360000000044
2020-06-04,422.39,428.71,410.03,414.67,9439184,0.0,413.0692000000004
2020-06-05,407.29,420.2392,404.25,419.67,9106004,0.0,414.61140000000034
2020-06-08,416.0,420.8,406.5,419.58,10912212,0.0,415.7402000000004
2020-06-09,421.65,434.73,420.31,434.01,12152418,0.0,417.2780000000004
2020-06-10,436.0,439.69,430.55,434.28,4327076,0.0,418.5530000000004
2020-06-11,428.2,445.57,424.1601,425.25,13330626,0.0,419.5508000000004
2020-06-12,429.0,434.06,423.04,423.11,1491300,0.0,420.72880000000043
2020-06-15,421.4,426.49,415.4238,425.63,3742202,0.0,421.8388000000004
2020-06-16,425.76,437.96,425.18,436.14,4801834,0.0,423.32640000000043
2020-06-17,441.82,450.46,439.22,447.77,5558962,0.0,424.68340000000046
2020-06-18,448.73,452.76,442.8,449.71,7790596,0.0,426.2320000000005
2020-06-19,449.12,453.97,445.6,453.3961,8588759,0.0,427.8751220000005
2020-06-22,455.01,468.59,454.21,468.08,5774011,0.0,429.81892200000055
2020-06-23,466.5,474.01,464.5,465.94,5089073,0.0,431.20652200000046
2020-06-24,468.54,472.36,454.0,457.65,4411545,0.0,432.0917220000005
2020-06-25,458.86,467.01,454.0,466.14,3573784,0.0,432.8795220000005
2020-06-26,466.39,468.03,442.24,443.39,5748408,0.0,432.96392200000054
2020-06-29,445.23,447.67,432.14,447.42,3981095,0.0,433.4513220000005
2020-06-30,450.02,457.59,447.0,454.75,3510310,0.0,433.7987220000005
2020-07-01,454.0,488.23,454.0,485.58,9186237,0.0,434.8241220000005
2020-07-02,485.64,492.28,475.5258,477.22,5986249,0.0,435.96472200000056
2020-07-06,480.77,499.5,479.8,493.81,7335742,0.0,437.30692200000055
2020-07-07,497.3105,504.82,490.83,493.05,5386598,0.0,438.6681220000005
2020-07-08,498.5755,505.1,493.81,502.68,5299138,0.0,440.29472200000055
2020-07-09,508.4,510.0,495.78,507.62,5478061,0.0,442.37132200000053
2020-07-10,519.73,555.8799,511.28,548.7,20937484,0.0,445.1149220000005
2020-07-13,567.98,575.37,520.96,525.5,17158906,0.0,447.2245220000005
2020-07-14,517.08,525.5,490.49,525.12,14428338,0.0,449.4217220000005
2020-07-15,516.3,529.0,510.18,523.45,9648810,0.0,451.3313220000005
2020-07-16,526.48,535.54,504.3627,526.1,18355429,0.0,453.3629220000005
2020-07-17,494.87,503.59,484.14,493.18,23341613,0.0,454.5425220000005
2020-07-20,489.14,504.5,484.2001,502.35,11299608,0.0,455.8587220000004
2020-07-21,506.0,506.22,488.61,490.1,8595439,0.0,456.9475220000004
2020-07-22,492.19,497.2,487.2,489.63,6226091,0.0,457.9361220000004
2020-07-23,491.13,491.9,474.77,477.69,4473567,0.0,458.85332200000033
2020-07-24,468.77,487.17,467.54,480.45,7488414,0.0,459.69972200000035
2020-07-27,484.51,496.92,482.31,495.7,7363295,0.0,460.77112200000033
2020-07-28,496.02,497.7927,487.7601,488.45,5481319,0.0,461.45152200000035
2020-07-29,492.25,494.92,484.13,484.48,5853532,0.0,462.0895220000003
2020-07-30,480.7072,488.35,477.5101,485.69,6058624,0.0,462.78272200000026
2020-07-31,488.29,494.8,484.5,489.27,5370995,0.0,463.6105220000003
2020-08-03,490.86,503.09,490.23,498.62,3955162,0.0,464.85612200000025
2020-08-04,498.65,510.4436,498.65,509.87,5110171,0.0,466.4719220000002
2020-08-05,508.68,510.1021,501.2,502.11,3899092,0.0,468.2155220000002
2020-08-06,504.11,510.82,498.7,509.05,3446502,0.0,470.00032200000015
2020-08-07,505.45,508.29,486.68,494.98,5673738,0.0,471.6311220000002
2020-08-10,489.665,490.9999,478.6269,483.0,3910532,0.0,472.9055220000002
2020-08-11,479.75,480.92,466.55,466.63,6610608,0.0,473.7197220000003
2020-08-12,471.34,482.49,470.18,475.47,4893258,0.0,474.67932200000024
2020-08-13,478.4,484.45,476.45,481.23,2806669,0.0,475.86732200000023
2020-08-14,482.82,488.325,480.21,482.57,2704864,0.0,477.22532200000023
2020-08-17,484.19,486.24,479.1,482.58,2093747,0.0,478.4835220000003
2020-08-18,484.35,495.3,482.8,492.1,3287233,0.0,479.9339220000002
2020-08-19,493.93,494.4985,483.5,484.54,2851384,0.0,480.9445220000003
2020-08-20,484.69,498.94,483.89,498.26,5014602,0.0,482.2241220000003
2020-08-21,496.46,498.13,490.0,492.31,3410275,0.0,483.5653220000003
2020-08-24,495.4383,501.0,483.16,488.92,3712174,0.0,484.88152200000025
2020-08-25,488.19,492.47,485.09,490.58,4613657,0.0,486.1805220000003
2020-08-26,492.5,549.04,492.075,547.37,19786489,0.0,488.4051220000003
2020-08-27,537.775,541.0,521.2471,526.59,8803813,0.0,489.98152200000027
2020-08-28,532.0,539.0,522.0,523.89,4116404,0.0,491.4651220000003
2020-08-31,521.16,531.99,517.58,529.05,4364749,0.0,492.97820000000024
2020-09-01,532.6,557.3895,532.45,556.99,9170004,0.0,494.7564000000002
2020-09-02,553.78,556.5,537.369,552.85,5500649,0.0,496.4946000000002
2020-09-03,545.0,554.0,521.32,525.75,8261759,0.0,497.8566000000002
2020-09-04,520.18,527.36,485.98,515.77,7604215,0.0,498.8492000000002
2020-09-08,498.4,522.0,495.0,507.02,4624054,0.0,500.12180000000023
2020-09-09,519.21,520.0,492.5743,500.19,6300234,0.0,501.17720000000025
2020-09-10,505.6,506.29,478.84,480.78,4863279,0.0,501.6978000000002
2020-09-11,486.485,493.73,476.81,482.44,4636480,0.0,501.63500000000016
2020-09-14,480.62,488.99,471.3001,476.1,6639162,0.0,501.6126000000001
2020-09-15,484.0,497.47,481.63,496.3,4982491,0.0,501.66240000000005
2020-09-16,499.99,504.66,483.31,483.51,4103531,0.0,501.4716
2020-09-17,475.16,478.4,463.27,470.245,4854789,0.0,500.8229
2020-09-18,472.51,479.4,458.6,469.97,5844176,0.0,500.0699000000001
2020-09-21,467.6923,487.775,466.32,487.51,5037102,0.0,498.8461
2020-09-22,489.01,491.82,479.26,491.16,3175937,0.0,498.15930000000003
2020-09-23,491.04,491.04,469.0,470.6,3250429,0.0,497.0689
2020-09-24,470.53,477.0,467.82,473.09,3385139,0.0,496.0617
2020-09-25,474.39,484.87,468.0258,482.65,2608185,0.0,495.19270000000006
2020-09-28,489.1094,492.0,477.88,490.64,3804961,0.0,495.1419
2020-09-29,489.51,496.2868,486.53,493.56,3147713,0.0,494.9661000000001
2020-09-30,492.74,504.63,489.2704,499.72,3581680,0.0,495.1585000000001
2020-10-01,506.03,529.55,503.6,527.71,7371333,0.0,495.9201000000001
2020-10-02,516.32,526.3714,502.7,503.32,5343847,0.0,496.4327000000001
2020-10-05,506.62,520.99,501.6997,520.7,3485643,0.0,497.23770000000013
2020-10-06,518.305,521.82,504.16,505.87,3328556,0.0,497.44110000000006
2020-10-07,518.0,536.49,515.815,534.545,7219646,0.0,498.36300000000006
2020-10-08,533.48,535.0,524.15,531.79,4890215,0.0,499.30920000000003
2020-10-09,537.8339,544.28,535.0,539.45,4297249,0.0,500.3844000000001
2020-10-12,548.81,551.81,538.24,539.7,4584154,0.0,501.3930000000001
2020-10-13,540.56,557.65,537.2,554.08,4676321,0.0,502.50220000000013
2020-10-14,562.61,572.49,541.0,541.26,8586409,0.0,503.13000000000017
2020-10-15,545.07,551.22,535.1,542.09,4520529,0.0,503.92960000000016
2020-10-16,549.5,554.33,530.03,530.7,5209713,0.0,504.36260000000016
2020-10-19,537.07,541.8,525.38,530.92,5556418,0.0,505.08140000000014
2020-10-20,528.14,533.78,522.26,525.4,6971961,0.0,505.92940000000016
2020-10-21,501.03,506.85,488.25,489.07,15331838,0.0,506.37820000000016
2020-10-22,495.0,495.14,482.0,485.2899,6308694,0.0,506.5745980000001
2020-10-23,488.335,490.06,481.35,488.27,4412793,0.0,506.7153980000001
2020-10-26,487.025,496.82,478.9,488.4503,5012604,0.0,506.83300400000013
2020-10-27,490.01,490.49,482.93,488.97,3211983,0.0,506.9608040000001
2020-10-28,486.36,494.0,483.28,485.94,5259484,0.0,506.8376040000001
2020-10-29,488.48,513.8999,479.34,504.28,10276489,0.0,507.2324040000001
2020-10-30,502.01,505.88,472.21,475.79,6747337,0.0,506.7830040000001
2020-11-02,478.9,486.3,475.0,484.1201,3722699,0.0,506.61920600000013
2020-11-03,484.93,495.305,478.76,487.22,3091485,0.0,506.5852060000002
2020-11-04,495.5,507.73,493.98,496.96,4324918,0.0,506.7128060000001
2020-11-05,506.56,518.7337,503.45,513.65,4625973,0.0,506.0384060000002
2020-11-06,515.0,515.21,502.51,514.86,3357746,0.0,505.8038060000002
2020-11-09,485.54,495.85,467.26,470.79,8851467,0.0,504.7418060000002
2020-11-10,470.95,484.6,463.41,480.26,7336817,0.0,503.7660060000002
2020-11-11,483.0,491.66,478.26,490.76,4467737,0.0,502.44140600000014
2020-11-12,491.0,496.52,480.4255,486.77,4479208,0.0,501.11980600000015
2020-11-13,486.77,488.94,477.8,482.82,2351521,0.0,500.2612060000002
2020-11-16,480.0,485.58,477.83,478.04,2445558,0.0,499.50660600000015
2020-11-17,480.12,487.51,478.8525,480.63,3157817,0.0,498.9788060000002
2020-11-18,481.95,488.61,477.7212,481.9,3304195,0.0,498.61300600000027
2020-11-19,482.0,487.8,480.47,484.66,2002733,0.0,498.6906060000003
2020-11-20,485.22,494.76,481.57,488.13,4027645,0.0,498.8044060000003
2020-11-23,490.46,491.15,475.84,476.56,4893107,0.0,498.8136060000004
2020-11-24,478.84,484.05,475.89,482.78,3104525,0.0,498.54320600000034
2020-11-25,485.13,486.9,478.91900000000004,484.8,2811579,0.0,498.5690060000004
2020-11-27,486.58,493.25,481.845,491.34,2655548,0.0,498.9909060000004
2020-11-30,490.08,492.55,481.2678,490.7,2485724,0.0,499.4055060000004
2020-12-01,492.3404,509.47,491.9812,504.58,4646526,0.0,499.7469060000005
2020-12-02,501.62,506.795,493.5,503.35,2737774,0.0,499.99070600000044
2020-12-03,502.99,508.77,496.04,497.72,2478127,0.0,500.5331060000005
2020-12-04,497.5,504.5,493.64,498.38,2941641,0.0,501.0389060000005
2020-12-07,500.01,517.76,497.77,515.96,3759477,0.0,501.70510600000046
2020-12-08,517.9,521.4909,505.55,512.67,3308123,0.0,502.1457060000004
2020-12-09,510.53,514.5,491.29,493.6,3429988,0.0,502.1465060000004
2020-12-10,494.56,503.77,492.91,501.09,2418697,0.0,502.17390600000033
2020-12-11,495.0,503.34,494.85,503.22,3181532,0.0,501.6841060000004
2020-12-14,505.44,524.1603,501.18,522.1,4767006,0.0,502.05970600000035
2020-12-15,518.5,524.7,513.56,519.77,3047575,0.0,502.04110600000035
2020-12-16,520.11,527.38,517.69,524.8,2927855,0.0,502.41970600000036
2020-12-17,529.0,535.49,526.44,533.16,2798856,0.0,502.3920060000004
2020-12-18,533.2,536.37,526.02,534.0,2764203,0.0,502.43620600000037
2020-12-21,530.05,532.62,521.15,529.0,3258657,0.0,502.22720600000036
2020-12-22,527.69,530.4,520.5,527.45,1665622,0.0,501.98220600000036
2020-12-23,524.76,526.32,514.2,514.47,2127476,0.0,501.1900060000004
2020-12-24,515.12,519.345,512.2104,513.96,1054254,0.0,500.6440060000004
2020-12-28,516.43,523.66,507.13,519.01,2522090,0.0,500.18240600000036
2020-12-29,519.9,536.5478,515.4801,530.87,3875808,0.0,500.1858060000003
2020-12-30,530.13,533.2575,523.69,524.61,1687066,0.0,500.0596060000004
2020-12-31,525.53,545.5,523.1502,540.71,5033990,0.0,500.3658060000003
2021-01-04,539.0,540.8,515.085,522.67,3929500,0.0,501.0378060000003
2021-01-05,521.55,526.78,515.89,520.78,2741141,0.0,501.74760800000024
2021-01-06,511.97,513.0998,499.5,500.26,4863098,0.0,501.9874080000002
2021-01-07,508.28,516.44,506.42,508.79,3057417,0.0,502.39420200000023
2021-01-08,511.31,513.24,504.51,510.42,2474653,0.0,502.82320200000015
2021-01-11,507.84,510.725,497.95,499.1,3212365,0.0,503.08640200000013
2021-01-12,500.0,501.09,485.6701,494.25,5729324,0.0,502.8858020000002
2021-01-13,495.5012,512.3542,493.01,507.79,4541962,0.0,503.52580200000017
2021-01-14,507.35,514.5,499.58,500.28,3435600,0.0,503.84900000000016
2021-01-15,500.0,506.32,495.1,498.0,5275134,0.0,504.06460000000015
2021-01-19,501.0,509.25,493.5427,502.0,6736483,0.0,504.16540000000015
2021-01-20,565.42,593.2877,556.86,586.25,30266939,0.0,505.61740000000015
2021-01-21,582.45,588.75,570.4,579.84,11001271,0.0,506.91700000000014
2021-01-22,582.1,583.99,564.35,564.91,7136871,0.0,508.7994000000001
2021-01-25,567.0,569.75,548.65,556.63,6863685,0.0,510.32680000000016
2021-01-26,554.73,567.99,554.06,561.94,4770582,0.0,511.7504000000001
2021-01-27,550.71,556.4187,515.73,522.8,8021203,0.0,512.4710000000001
2021-01-28,535.88,553.1482,530.74,538.59,5436605,0.0,513.5864000000001
2021-01-29,538.0,541.0,530.18,532.39,3762380,0.0,514.6734000000001
2021-02-01,536.79,545.06,531.73,538.71,3085304,0.0,515.835
2021-02-02,542.01,555.48,538.935,548.17,3460524,0.0,517.1604
2021-02-03,550.17,550.48,538.243,539.3,2659710,0.0,518.2532
2021-02-04,539.81,559.48,537.51,552.37,4953678,0.0,519.538
2021-02-05,552.26,554.44,545.4778,550.73,2134955,0.0,521.0214
2021-02-08,555.0,555.0,543.7,548.01,2423927,0.0,522.3259999999999
2021-02-09,546.0,566.0,543.0,558.91,3486850,0.0,523.8081999999999
2021-02-10,562.5,566.65,553.4630000000001,563.89,3591507,0.0,525.2592
2021-02-11,564.442,565.93,554.22,557.71,2387400,0.0,526.5993999999998
2021-02-12,556.94,561.2499,550.85,556.57,1927164,0.0,527.6391999999998
2021-02-16,557.286,563.63,552.73,557.29,2168296,0.0,528.7179999999998
2021-02-17,550.99,555.25,543.03,551.34,1898998,0.0,529.7903999999999
2021-02-18,549.0,550.0,538.2265,548.18,2200654,0.0,530.7863999999998
2021-02-19,548.0,548.99,538.8132,540.47,2541385,0.0,531.2765999999999
2021-02-22,534.99,541.79,530.79,533.72,2726146,0.0,531.6976
2021-02-23,525.0035,548.54,518.28,546.16,3817687,0.0,532.7488
2021-02-24,539.8,556.8499,539.065,553.41,2911986,0.0,533.7952
2021-02-25,550.27,556.48,535.75,546.79,3671577,0.0,534.6666
2021-02-26,546.51,553.09,538.0,538.2,3204855,0.0,534.9886
2021-03-01,545.5734,552.14,542.0,550.7,2631334,0.0,535.6072
2021-03-02,553.34,556.99,546.02,547.58,2683898,0.0,536.0628
2021-03-03,545.93,548.005,517.81,520.71,4992620,0.0,535.8138
2021-03-04,521.5,531.5,507.68,511.03,4601911,0.0,535.3544
2021-03-05,511.98,517.76,498.7901,516.38,4571736,0.0,535.1020000000001
2021-03-08,514.46,518.84,492.85,492.99,3318677,0.0,534.4128000000001
2021-03-09,507.31,513.11,503.8221,506.4,2595436,0.0,534.2514000000001
2021-03-10,513.5,518.97,504.25,504.54,3204022,0.0,534.0630000000001
2021-03-11,512.2048,530.235,510.71,523.07,4056036,0.0,534.1442000000002
2021-03-12,512.5,526.51,506.59,518.27,3709530,0.0,533.8922000000001
2021-03-15,516.32,520.729,508.03,520.44,3115668,0.0,533.8088000000001
2021-03-16,524.47,533.42,523.21,523.98,2941943,0.0,533.4742000000001
2021-03-17,522.0,528.3654,514.3,524.74,2522758,0.0,533.5156000000002
2021-03-18,516.3959,517.9,503.85,504.66,3517474,0.0,533.1932000000002
2021-03-19,504.96,513.19,501.63,512.46,3267132,0.0,533.4372000000002
2021-03-22,509.13,529.31,509.13,522.88,2721915,0.0,533.7190000000003
2021-03-23,530.01,543.12,529.4,535.09,4903767,0.0,534.2124000000002
2021-03-24,533.78,534.42,520.0,520.73,3610578,0.0,534.6450000000003
2021-03-25,516.7,518.53,497.0,502.61,4558829,0.0,534.8122000000003
2021-03-26,502.82,508.72,496.68,508.35,3005163,0.0,534.8234000000002
2021-03-29,504.5,518.0,504.4,514.33,2917068,0.0,535.1044000000003
2021-03-30,510.505,514.41,506.91,513.55,1884549,0.0,535.4154000000003
2021-03-31,515.84,528.13,515.44,522.23,2871715,0.0,535.8200000000003
2021-04-01,530.0,540.5,527.03,539.49,3565138,0.0,534.8848000000003
2021-04-05,540.01,542.85,529.23,540.64,2735358,0.0,534.1008000000003
2021-04-06,544.83,554.165,543.3,544.425,2913487,0.0,533.6911000000003
2021-04-07,543.02,549.64,541.45,547.03,1755185,0.0,533.4991000000002
2021-04-08,551.13,556.899,547.57,554.755,4052928,0.0,533.3554000000003
2021-04-09,552.69,556.9,547.11,555.28,2466537,0.0,534.0050000000003
2021-04-12,550.32,557.98,549.58,552.78,2704279,0.0,534.2888000000003
2021-04-13,557.3,559.75,550.3,553.73,2452149,0.0,534.7156000000002
2021-04-14,554.87,554.87,538.53,540.21,3248353,0.0,534.7456000000003
2021-04-15,544.17,553.49,542.66,549.24,2719359,0.0,534.7670000000003
2021-04-16,551.57,551.98,539.51,546.68,2766696,0.0,534.9146000000004
2021-04-19,546.91,556.44,545.53,554.35,3536645,0.0,534.9542000000004
2021-04-20,553.54,563.56,546.3,549.44,6044262,0.0,534.9284000000004
2021-04-21,508.0,515.46,503.6001,508.9,20970341,0.0,534.1462000000004
2021-04-22,513.93,513.96,500.55,509.41,8480600,0.0,533.1562000000004
2021-04-23,508.93,509.7,500.7,505.52,6928683,0.0,531.9888000000004
2021-04-26,506.72,510.48,503.0,510.37,3655453,0.0,531.0420000000004
2021-04-27,512.47,512.99,504.5808,505.55,3454844,0.0,530.0216000000004
2021-04-28,505.12,508.395,503.34,506.58,2948565,0.0,529.0074000000004
2021-04-29,507.43,509.29,499.0,509.05,4632849,0.0,528.1616000000004
2021-04-30,505.58,514.55,505.0,513.8,3800622,0.0,527.4740000000004
2021-05-03,512.8,518.95,505.2,509.13,3806362,0.0,526.8472000000004
2021-05-04,510.34,511.63,496.79,503.18,3802386,0.0,526.2364000000003
2021-05-05,505.06,507.7843,494.63,496.21,2834867,0.0,525.2374000000003
2021-05-06,495.97,499.55,491.37,499.48,3398142,0.0,524.1588000000004
2021-05-07,504.64,508.55,501.12,503.8,2812665,0.0,523.2990000000003
2021-05-10,501.7,503.15,486.11,486.67,4599903,0.0,522.2684000000003
2021-05-11,479.85,497.99,478.63,495.08,3712735,0.0,521.1560000000003
2021-05-12,487.8,493.54,482.7,484.98,3633974,0.0,519.9040000000002
2021-05-13,489.13,490.775,482.71,486.82,2413711,0.0,519.2262000000003
2021-05-14,487.5,494.85,486.59,493.14,2401202,0.0,518.8684000000003
2021-05-17,486.2,492.71,482.81,489.09,2394646,0.0,518.3226000000002
2021-05-18,488.395,493.4778,486.1895,486.28,1942188,0.0,518.1884000000002
2021-05-19,481.67,488.57,478.54,487.42,2850741,0.0,517.8088000000001
2021-05-20,489.52,502.7,488.975,501.74,3081257,0.0,517.7528000000001
2021-05-21,503.18,505.4,497.26,497.89,2612735,0.0,517.2492000000001
2021-05-24,501.5,504.25,499.51,502.88,1934694,0.0,516.9414000000002
2021-05-25,505.69,506.365,499.22,501.33,1966801,0.0,516.5592000000001
2021-05-26,501.97,504.14,500.5,502.4,1737964,0.0,516.1276000000003
2021-05-27,501.3,505.1,498.54,504.26,2076361,0.0,515.7180000000002
2021-05-28,504.4,511.76,502.53,502.8,2533740,0.0,515.6808000000002
2021-06-01,504.51,505.41,497.7443,499.13,2037545,0.0,515.4142000000002
2021-06-02,499.82,503.22,495.82,499.31,1974798,0.0,514.9428000000003
2021-06-03,495.49,496.66,487.25,489.44,3399285,0.0,514.0298000000001
2021-06-04,492.02,501.86,490.95,494.73,2578043,0.0,513.5098000000002
2021-06-07,492.99,496.7,490.55,494.59,2486568,0.0,513.3494000000002
2021-06-08,496.75,498.82,489.37,492.31,2074627,0.0,513.0286000000002
2021-06-09,494.03,496.09,484.65,485.81,2550837,0.0,512.4582000000003
2021-06-10,486.69,490.21,482.14,487.25,4089933,0.0,511.93220000000025
2021-06-11,490.53,491.41,487.78,488.75,2893830,0.0,511.26260000000025
2021-06-14,489.6,503.5,486.91,500.07,3672223,0.0,510.4742000000002
2021-06-15,501.02,501.34,490.4,492.07,2683529,0.0,509.5028000000002
2021-06-16,494.5,496.46,486.28,492.6,3229506,0.0,508.4663000000002
2021-06-17,490.54,501.8,490.01,498.18,2802885,0.0,507.48930000000024
2021-06-18,497.48,504.49,495.24,500.77,3868989,0.0,506.4096000000002
2021-06-21,501.5,502.05,492.28,497.15,4665696,0.0,505.24700000000024
2021-06-22,498.25,513.55,495.795,508.82,5313899,0.0,504.3678000000003
2021-06-23,508.59,516.63,508.2,512.74,3114921,0.0,503.54800000000034
2021-06-24,517.96,520.96,514.4001,517.87,2977008,0.0,503.1012000000003
2021-06-25,529.03,533.06,525.0,527.07,4379626,0.0,502.6578000000003
2021-06-28,528.19,533.9399,524.56,533.02,2529235,0.0,502.38460000000026
2021-06-29,533.02,536.13,528.57,533.49,2000561,0.0,501.96740000000034
2021-06-30,533.46,534.38,526.82,528.24,2188517,0.0,501.5434000000004
2021-07-01,525.92,537.04,525.33,533.56,2269701,0.0,502.0366000000004
2021-07-02,535.5,538.5351,529.39,533.88,1671303,0.0,502.5260000000004
2021-07-06,532.63,542.86,533.0,541.63,2505398,0.0,503.24820000000045
2021-07-07,544.49,544.64,531.66,535.98,2416341,0.0,503.76040000000046
2021-07-08,530.74,535.5,529.09,531.12,2060973,0.0,504.27180000000044
2021-07-09,530.7,538.26,528.58,535.98,1767828,0.0,504.8598000000004
2021-07-12,540.0,540.6497,532.92,537.32,1539496,0.0,505.4252000000004
2021-07-13,535.99,545.33,535.51,540.87,2408940,0.0,505.9666000000004
2021-07-14,541.01,554.1,541.01,547.9,4041953,0.0,506.7420000000004
2021-07-15,554.01,557.5399,538.2,543.09,5283725,0.0,507.5402000000004
2021-07-16,541.46,544.06,527.05,530.4,2988391,0.0,508.22400000000044
2021-07-19,526.5,534.913,522.2401,532.28,3293114,0.0,508.88000000000045
2021-07-20,526.98,536.64,520.3,531.05,4281562,0.0,509.4250000000004
2021-07-21,526.33,530.99,505.61,513.88,11130786,0.0,509.9692000000005
2021-07-22,510.54,513.68,507.0,511.63,4106888,0.0,510.3002000000005
2021-07-23,511.6,517.41,504.66,515.24,3570316,0.0,510.9054000000005
2021-07-26,514.78,521.13,509.0101,516.65,1992041,0.0,511.5020000000006
2021-07-27,516.71,521.95,512.05,518.92,2509621,0.0,512.0176000000006
2021-07-28,521.86,524.47,516.98,519.32,1974650,0.0,512.6222000000005
2021-07-29,519.96,520.7799,513.7927,514.39,1540725,0.0,513.1844000000006
2021-07-30,512.69,519.79,510.9642,517.79,2166365,0.0,513.7918000000005
2021-08-02,519.0,519.85,510.51,514.96,1731427,0.0,514.0562000000006
2021-08-03,515.32,515.63,505.37,510.83,2293633,0.0,514.3150000000006
2021-08-04,513.0,517.98,510.37,517.23,1744042,0.0,514.6020000000005
2021-08-05,517.13,525.41,514.02,524.89,2326349,0.0,515.0732000000005
2021-08-06,523.75,526.84,519.39,520.54,1577927,0.0,515.4360000000005
2021-08-09,522.42,522.6699,517.99,519.98,1191314,0.0,515.7504000000005
2021-08-10,519.51,520.79,512.965,515.84,1743464,0.0,516.0112000000005
2021-08-11,516.77,519.57,509.77,512.4,1479122,0.0,516.2766000000006
2021-08-12,512.27,513.0,507.2014,510.53,1367650,0.0,516.5010000000005
2021-08-13,512.64,521.44,511.51,515.91,1906340,0.0,517.0304000000006
2021-08-16,515.17,523.38,512.3,517.97,1748869,0.0,517.4952000000005
2021-08-17,514.42,520.79,514.2,519.0,1941850,0.0,517.9834000000005
2021-08-18,519.94,526.38,518.65,521.91,2251777,0.0,518.5754000000005
2021-08-19,521.87,548.39,521.87,543.71,7305630,0.0,519.7334000000005
2021-08-20,544.47,551.3883,539.1,546.69,3352287,0.0,520.9222000000004
2021-08-23,546.38,555.55,543.74,553.42,2190002,0.0,522.2156000000004
2021-08-24,552.0,555.3141,549.27,553.2,1879894,0.0,523.2782000000004
2021-08-25,550.89,552.84,545.45,547.64,1787686,0.0,524.3896000000004
2021-08-26,546.16,552.604,545.9,550.12,1400614,0.0,525.5400000000004
2021-08-27,551.24,564.17,549.25,558.89,2903856,0.0,526.7542000000004
2021-08-30,557.25,567.1648,556.45,566.18,2070471,0.0,528.0624000000004
2021-08-31,566.12,569.48,561.611,569.28,1903591,0.0,529.5050000000003
2021-09-01,569.0,591.0,568.99,582.07,5332026,0.0,530.9700000000004
2021-09-02,584.3,598.7567,583.68,588.56,5777962,0.0,532.4864000000003
2021-09-03,585.8,591.8783,583.14,590.35,2402177,0.0,533.9360000000004
2021-09-07,595.0,613.85,593.99,606.71,5399986,0.0,535.5288000000004
2021-09-08,604.15,615.6,595.7601,606.07,5075778,0.0,536.9898000000003
2021-09-09,605.91,609.44,596.55,597.44,2664116,0.0,538.2688000000003
2021-09-10,597.29,609.45,593.67,599.0,3634535,0.0,539.6840000000002
2021-09-13,598.57,598.57,582.775,589.26,2797573,0.0,540.7980000000002
2021-09-14,585.03,587.28,575.56,577.79,3106356,0.0,541.6762000000002
2021-09-15,578.17,584.62,575.37,582.74,2385539,0.0,542.4984000000002
2021-09-16,584.0,587.48,577.72,586.52,1492311,0.0,543.5092000000002
2021-09-17,586.91,590.28,580.8501,589.36,2948994,0.0,544.6740000000002
2021-09-20,586.79,591.53,568.08,575.63,2994969,0.0,545.4670000000002
2021-09-21,578.1,581.88,569.37,573.0454,2030592,0.0,546.1815080000002
2021-09-22,579.51,595.65,579.51,590.6,3600144,0.0,547.1761080000002
2021-09-23,590.11,599.32,589.1301,593.4,2287443,0.0,548.0861080000002
2021-09-24,592.5,592.98,583.64,592.7,1884132,0.0,549.0783080000002
2021-09-27,586.51,593.58,576.93,592.64,2248078,0.0,550.3231080000002
2021-09-28,589.01,599.5353,580.16,583.85,3934109,0.0,551.3545080000002
2021-09-29,589.02,609.8799,588.01,599.05,5810562,0.0,552.7145080000003
2021-09-30,608.05,619.0,608.05,610.04,6029485,0.0,554.6377080000002
2021-10-01,604.72,614.99,597.505,613.15,3692773,0.0,556.6681080000002
2021-10-04,613.51,626.125,594.68,603.63,4473761,0.0,558.4359080000002
2021-10-05,605.77,640.39,605.77,634.81,8923152,0.0,560.7991080000002
2021-10-06,628.28,639.8699,626.36,639.13,4203163,0.0,563.2033080000002
2021-10-07,641.51,646.84,630.45,631.85,3204195,0.0,565.4539080000002
2021-10-08,633.57,643.8,630.86,632.66,2985951,0.0,567.8193080000002
2021-10-11,633.51,639.42,626.78,626.82,2592977,0.0,569.9999080000002
2021-10-12,633.02,637.655,621.99,624.94,2978188,0.0,572.1995080000002
2021-10-13,630.65,632.1791,622.1,629.88,2036706,0.0,574.5805080000002
2021-10-14,633.51,636.88,626.79,633.8,2422148,0.0,576.9119080000002
2021-10-15,638.01,639.42,625.16,628.49,3690074,0.0,578.9839080000003
2021-10-18,632.23,638.41,620.5901,638.12,3930282,0.0,581.3355080000002
2021-10-19,637.01,641.0,632.3,639.46,5122338,0.0,583.7251080000002
2021-10-20,625.84,637.4,617.15,625.37,9803268,0.0,585.9157080000001
2021-10-21,628.65,654.01,628.65,653.17,7891752,0.0,588.7311080000001
2021-10-22,652.08,665.46,651.81,664.8,5457519,0.0,591.8165080000001
2021-10-25,662.91,675.88,657.07,671.97,3327690,0.0,594.9377080000002
2021-10-26,673.37,676.4899,662.77,668.52,2471228,0.0,597.9487080000001
2021-10-27,668.21,671.41,661.85,662.92,1899467,0.0,600.8271080000001
2021-10-28,671.61,676.8,668.03,674.05,2550714,0.0,603.8699080000001
2021-10-29,673.11,690.9699,671.24,690.5,3191781,0.0,606.8057080000001
2021-11-01,689.19,689.97,676.54,681.17,2657978,0.0,609.495308
2021-11-02,682.85,687.68,673.82,677.72,3639475,0.0,611.9813080000001
2021-11-03,676.59,689.39,677.27,688.38,1981386,0.0,614.6849080000002
2021-11-04,685.99,686.0,665.5,668.4,4412848,0.0,617.1001080000002
2021-11-05,663.94,665.64,645.01,645.72,4721020,0.0,619.0121080000002
2021-11-08,650.87,656.0,643.79,651.44,2491396,0.0,620.8631080000002
2021-11-09,652.86,660.5,650.52,655.94,2151420,0.0,622.6583080000001
2021-11-10,653.01,660.3306,642.11,646.91,2066050,0.0,624.2109080000002
2021-11-11,649.59,665.82,649.49,664.72,1677898,0.0,625.8639080000003
