Date,Open,High,Low,Close,Volume
2021-11-19,38.89,38.89,38.89,38.89,379
2021-11-19,38.86,38.88,38.86,38.88,2660
2021-11-19,38.87,38.87,38.78,38.78,3266
2021-11-19,38.8,38.8,38.78,38.78,251
2021-11-19,38.8,38.8,38.78,38.78,4206
2021-11-19,38.76,38.76,38.76,38.76,3858
2021-11-19,38.75,38.78,38.75,38.78,1175
2021-11-19,38.78,38.78,38.78,38.78,100
2021-11-19,38.77,38.77,38.76,38.76,3580
2021-11-19,38.74,38.74,38.74,38.74,300
2021-11-19,38.75,38.75,38.75,38.75,700
2021-11-19,38.74,38.745,38.74,38.745,340
2021-11-19,38.77,38.79,38.77,38.785,1030
2021-11-19,38.785,38.83,38.775,38.825,1488
2021-11-19,38.825,38.825,38.76,38.79,2056
2021-11-19,38.8,38.8,38.8,38.8,1556
2021-11-19,38.79,38.79,38.79,38.79,800
2021-11-19,38.76,38.765,38.74,38.74,1015
2021-11-19,38.755,38.755,38.755,38.755,282
2021-11-19,38.745,38.745,38.74,38.74,9800
2021-11-19,38.78,38.78,38.78,38.78,100
2021-11-19,38.77,38.795,38.77,38.795,1739
2021-11-19,38.82,38.835,38.81,38.835,310
2021-11-19,38.83,38.845,38.83,38.845,744
2021-11-19,38.84,38.84,38.84,38.84,548
2021-11-19,38.86,38.89,38.86,38.875,2802
2021-11-19,38.875,38.885,38.875,38.885,2061
2021-11-19,38.87,38.91,38.87,38.87,1232
2021-11-19,38.875,38.91,38.87,38.91,3565
2021-11-19,38.91,38.92,38.91,38.91,2703
2021-11-19,38.895,38.9,38.88,38.9,2553
2021-11-19,38.91,38.92,38.91,38.91,4031
2021-11-19,38.92,38.94,38.92,38.94,2916
2021-11-19,38.93,38.93,38.93,38.93,797
2021-11-19,38.93,38.94,38.92,38.92,516
2021-11-19,38.92,38.92,38.92,38.92,100
2021-11-19,38.935,38.95,38.935,38.95,900
2021-11-19,38.945,38.945,38.91,38.91,3120
2021-11-19,38.91,38.93,38.91,38.93,1512
2021-11-19,38.94,38.955,38.94,38.94,2216
2021-11-19,38.94,38.94,38.92,38.92,1523
2021-11-19,38.93,38.93,38.93,38.93,188
2021-11-19,38.96,38.96,38.96,38.96,901
2021-11-19,38.965,38.965,38.965,38.965,429
2021-11-19,38.975,39.01,38.975,39,5613
2021-11-19,39.005,39.03,39,39.02,9056
2021-11-19,39.01,39.01,39.01,39.01,160
2021-11-19,38.98,38.98,38.98,38.98,610
2021-11-19,39.01,39.06,39.01,39.06,2029
2021-11-19,39.06,39.06,38.99,38.99,641
2021-11-19,38.99,38.99,38.97,38.97,427
2021-11-19,38.98,38.98,38.975,38.975,2200
2021-11-19,38.93,38.94,38.9,38.92,1792
2021-11-19,38.97,38.98,38.97,38.98,1313
2021-11-19,38.95,38.97,38.95,38.97,1106
2021-11-19,38.98,38.98,38.96,38.96,1318
2021-11-19,38.95,38.96,38.95,38.96,1107
2021-11-19,38.96,39.04,38.96,39.04,541
2021-11-19,39.035,39.04,39.035,39.04,310
2021-11-19,39.04,39.04,39.035,39.04,468
2021-11-19,39.07,39.09,39.07,39.07,929
2021-11-19,39.055,39.055,39.04,39.04,538
2021-11-19,39.04,39.04,39.04,39.04,393
2021-11-19,39.06,39.06,39.06,39.06,376
2021-11-19,39.02,39.04,39.015,39.04,1499
2021-11-19,39.05,39.05,39.05,39.05,395
2021-11-19,39.06,39.06,39.06,39.06,102
2021-11-19,39.06,39.06,39.06,39.06,307
2021-11-19,39.03,39.03,39.03,39.03,102
2021-11-19,39.025,39.025,39.01,39.01,1211
2021-11-19,39.015,39.015,39,39,1304
2021-11-19,39.04,39.04,39.03,39.03,303
2021-11-19,39.01,39.01,39,39,1591
2021-11-19,39.02,39.02,38.99,38.99,1997
2021-11-19,38.995,38.995,38.98,38.98,467
2021-11-19,38.98,38.99,38.98,38.98,803
2021-11-19,38.99,38.99,38.98,38.98,6901
2021-11-19,38.97,38.975,38.96,38.96,2301
2021-11-19,38.96,38.96,38.95,38.95,1952
2021-11-19,38.93,38.96,38.93,38.96,2609
2021-11-19,38.94,38.94,38.925,38.925,2516
2021-11-19,38.89,38.94,38.89,38.93,2907
2021-11-19,38.92,38.92,38.87,38.88,1310
2021-11-19,38.82,38.85,38.82,38.85,3875
2021-11-19,38.85,38.85,38.83,38.84,1300
2021-11-19,38.88,38.88,38.86,38.86,400
2021-11-19,38.83,38.83,38.83,38.83,114
2021-11-19,38.79,38.79,38.78,38.78,1184
2021-11-19,38.78,38.78,38.775,38.775,2286
2021-11-19,38.79,38.8,38.78,38.79,528
2021-11-19,38.79,38.79,38.79,38.79,133
2021-11-19,38.8,38.8,38.8,38.8,300
2021-11-19,38.8,38.8,38.8,38.8,1450
2021-11-19,38.77,38.78,38.77,38.77,559
2021-11-19,38.76,38.76,38.76,38.76,115
2021-11-19,38.76,38.76,38.76,38.76,703
2021-11-19,38.78,38.78,38.73,38.74,8996
2021-11-19,38.68,38.7,38.66,38.7,4058
2021-11-19,38.74,38.74,38.73,38.73,540
2021-11-19,38.76,38.76,38.75,38.75,4007
2021-11-19,38.76,38.8,38.76,38.8,435
2021-11-19,38.8,38.84,38.8,38.84,439
2021-11-19,38.83,38.835,38.825,38.83,2426
2021-11-19,38.83,38.83,38.8,38.805,1223
2021-11-19,38.825,38.825,38.82,38.82,200
2021-11-19,38.78,38.79,38.78,38.78,1047
2021-11-19,38.74,38.75,38.72,38.75,3015
2021-11-19,38.7,38.7,38.67,38.69,1605
2021-11-19,38.71,38.71,38.71,38.71,533
2021-11-19,38.72,38.72,38.72,38.72,2106
2021-11-19,38.7,38.7,38.7,38.7,123
2021-11-19,38.71,38.735,38.71,38.735,466
2021-11-19,38.7,38.73,38.7,38.725,1510
2021-11-19,38.74,38.74,38.74,38.74,890
2021-11-19,38.67,38.68,38.64,38.64,4300
2021-11-19,38.67,38.67,38.65,38.65,1462
2021-11-19,38.71,38.71,38.71,38.71,100
2021-11-19,38.73,38.74,38.73,38.74,1654
2021-11-19,38.73,38.77,38.73,38.77,2940
2021-11-19,38.775,38.775,38.775,38.775,101
2021-11-19,38.77,38.77,38.77,38.77,317
2021-11-19,38.77,38.77,38.76,38.76,2465
2021-11-19,38.76,38.76,38.76,38.76,100
2021-11-19,38.77,38.78,38.77,38.77,2076
2021-11-19,38.76,38.76,38.72,38.72,6524
2021-11-19,38.74,38.74,38.74,38.74,124
2021-11-19,38.74,38.74,38.74,38.74,100
2021-11-19,38.725,38.725,38.72,38.72,378
2021-11-19,38.735,38.735,38.735,38.735,200
2021-11-19,38.7,38.71,38.69,38.69,588
2021-11-19,38.7,38.7,38.7,38.7,149
2021-11-19,38.75,38.75,38.75,38.75,101
2021-11-19,38.75,38.755,38.75,38.755,442
2021-11-19,38.755,38.755,38.755,38.755,100
2021-11-19,38.765,38.765,38.74,38.755,1623
2021-11-19,38.755,38.78,38.755,38.78,3877
2021-11-19,38.79,38.79,38.79,38.79,1463
2021-11-19,38.81,38.82,38.81,38.82,323
2021-11-19,38.82,38.86,38.82,38.86,233
2021-11-19,38.875,38.875,38.875,38.875,110
2021-11-19,38.92,38.92,38.92,38.92,381
2021-11-19,38.93,38.935,38.925,38.925,697
2021-11-19,38.92,38.93,38.92,38.93,2371
2021-11-19,38.93,38.97,38.93,38.97,4053
2021-11-19,38.96,38.96,38.93,38.93,1482
2021-11-19,38.93,38.93,38.91,38.91,4682
2021-11-19,38.88,38.88,38.88,38.88,224
2021-11-19,38.84,38.87,38.84,38.87,1706
2021-11-19,38.82,38.82,38.81,38.81,5016
2021-11-19,38.81,38.84,38.81,38.84,1083
2021-11-19,38.87,38.87,38.835,38.835,4963
2021-11-19,38.825,38.84,38.825,38.84,512
2021-11-19,38.8,38.82,38.8,38.82,4132
2021-11-19,38.83,38.83,38.81,38.81,1128
2021-11-19,38.86,38.865,38.86,38.865,305
2021-11-19,38.9,38.93,38.9,38.92,1984
2021-11-19,38.94,38.94,38.94,38.94,141
2021-11-19,38.87,38.88,38.87,38.88,415
2021-11-19,38.88,38.9,38.88,38.9,500
2021-11-19,38.89,38.89,38.87,38.88,1720
2021-11-19,38.87,38.875,38.87,38.87,622
2021-11-19,38.9,38.9,38.9,38.9,317
2021-11-19,38.92,38.94,38.915,38.925,2074
2021-11-19,38.925,38.93,38.925,38.93,1123
2021-11-19,38.915,38.95,38.905,38.95,1345
2021-11-19,38.945,38.945,38.93,38.935,2533
2021-11-19,38.95,38.95,38.935,38.935,1540
2021-11-19,38.945,38.945,38.935,38.935,1487
2021-11-19,38.94,38.94,38.935,38.94,1722
2021-11-19,38.955,38.955,38.945,38.945,476
2021-11-19,38.945,38.955,38.925,38.925,1305
2021-11-19,38.925,38.925,38.845,38.92,611
2021-11-19,38.925,38.925,38.905,38.905,1341
2021-11-19,38.905,38.905,38.895,38.895,1270
2021-11-19,38.895,38.895,38.86,38.865,5673
2021-11-19,38.87,38.875,38.845,38.86,2685
2021-11-19,38.88,38.895,38.88,38.885,877
2021-11-19,38.905,38.915,38.885,38.91,3920
2021-11-19,38.895,38.895,38.865,38.865,4928
2021-11-19,38.865,38.875,38.855,38.855,4243
2021-11-19,38.845,38.845,38.815,38.815,1661
2021-11-19,38.82,38.82,38.805,38.81,735
2021-11-19,38.775,38.775,38.775,38.775,877
2021-11-19,38.765,38.785,38.765,38.785,541
2021-11-19,38.795,38.795,38.795,38.795,17626
2021-11-19,38.765,38.765,38.755,38.755,2989
2021-11-19,38.755,38.765,38.75,38.765,3234
2021-11-19,38.755,38.755,38.69,38.7,13849
2021-11-19,38.71,38.725,38.71,38.725,1169
2021-11-19,38.72,38.73,38.71,38.73,1161
2021-11-19,38.75,38.76,38.75,38.75,3898
2021-11-19,38.74,38.74,38.74,38.74,332
2021-11-19,38.77,38.77,38.77,38.77,335
2021-11-19,38.745,38.745,38.745,38.745,1522
2021-11-19,38.705,38.745,38.705,38.725,2866
2021-11-19,38.715,38.73,38.715,38.725,4061
2021-11-19,38.73,38.735,38.73,38.735,1237
2021-11-19,38.735,38.735,38.715,38.715,558
2021-11-19,38.705,38.705,38.685,38.695,10388
2021-11-19,38.675,38.675,38.655,38.665,3620
2021-11-19,38.675,38.675,38.665,38.675,1722
2021-11-19,38.675,38.695,38.67,38.695,5626
2021-11-19,38.69,38.695,38.67,38.675,2480
2021-11-19,38.67,38.71,38.67,38.68,3308
2021-11-19,38.675,38.675,38.63,38.63,5560
2021-11-19,38.635,38.635,38.635,38.635,810
2021-11-19,38.63,38.63,38.59,38.6,1117
2021-11-19,38.605,38.605,38.58,38.605,3399
2021-11-19,38.6,38.605,38.58,38.58,3380
2021-11-19,38.605,38.605,38.59,38.59,9648
2021-11-19,38.58,38.59,38.57,38.57,6384
2021-11-19,38.55,38.56,38.55,38.56,1243
2021-11-19,38.585,38.585,38.585,38.585,140
2021-11-19,38.6,38.605,38.6,38.605,1030
2021-11-19,38.605,38.63,38.605,38.62,2219
2021-11-19,38.62,38.62,38.59,38.59,2755
2021-11-19,38.6,38.6,38.595,38.6,946
2021-11-19,38.6,38.615,38.57,38.59,1521
2021-11-19,38.56,38.58,38.56,38.575,1431
2021-11-19,38.575,38.575,38.555,38.565,4943
2021-11-19,38.565,38.595,38.565,38.585,3683
2021-11-19,38.605,38.615,38.575,38.595,3042
2021-11-19,38.595,38.645,38.595,38.605,6060
2021-11-19,38.615,38.615,38.59,38.595,7410
2021-11-19,38.595,38.595,38.56,38.565,2180
2021-11-19,38.565,38.595,38.565,38.585,8418
2021-11-19,38.585,38.62,38.575,38.615,7327
2021-11-19,38.615,38.645,38.605,38.645,17671
2021-11-19,38.645,38.65,38.625,38.645,21172
2021-11-19,38.645,38.68,38.635,38.675,21032
2021-11-19,38.675,38.68,38.675,38.675,23151
2021-11-19,38.675,38.69,38.65,38.65,4079
2021-11-22,40.37,40.91,40.34,40.89,33753
2021-11-22,40.89,41.26,40.88,41.135,13885
2021-11-22,41.15,41.32,41.145,41.29,11479
2021-11-22,41.32,41.57,41.32,41.55,6724
2021-11-22,41.595,41.6,41.345,41.345,14982
2021-11-22,41.36,41.48,41.08,41.1,10237
2021-11-22,41.1,41.14,40.91,41.1,8121
2021-11-22,41.1,41.39,41.1,41.34,2804
2021-11-22,41.5,41.5,41.26,41.26,1895
2021-11-22,41.31,41.46,41.31,41.41,3298
2021-11-22,41.5,41.59,41.34,41.54,5947
2021-11-22,41.56,41.58,41.46,41.56,4531
2021-11-22,41.58,41.58,41.4,41.4,1721
2021-11-22,41.38,41.55,41.33,41.54,2978
2021-11-22,41.51,41.525,41.47,41.52,1333
2021-11-22,41.59,41.81,41.59,41.77,3500
2021-11-22,41.755,41.9,41.755,41.9,6046
2021-11-22,41.9,41.97,41.83,41.95,4737
2021-11-22,41.925,41.94,41.88,41.89,4614
2021-11-22,41.9,41.92,41.875,41.92,2505
2021-11-22,41.91,41.91,41.72,41.76,5446
2021-11-22,41.84,41.88,41.83,41.88,2559
2021-11-22,41.92,41.945,41.89,41.92,10530
2021-11-22,41.94,42.2,41.94,42.2,11149
2021-11-22,42.2,42.28,42.185,42.235,12209
2021-11-22,42.23,42.25,42.1,42.115,5941
2021-11-22,42.165,42.165,42.08,42.12,4857
2021-11-22,42.09,42.13,42.01,42.07,11947
2021-11-22,42.1,42.1,41.78,41.78,11195
2021-11-22,41.81,41.995,41.8,41.98,10512
2021-11-22,41.975,42.1,41.905,42.1,8998
2021-11-22,42.085,42.145,42.03,42.07,11165
2021-11-22,42.085,42.15,42.06,42.105,12324
2021-11-22,42.12,42.25,42.07,42.25,7430
2021-11-22,42.235,42.33,42.22,42.22,11581
2021-11-22,42.24,42.4,42.24,42.38,8959
2021-11-22,42.39,42.39,42.28,42.31,9943
2021-11-22,42.29,42.33,42.22,42.31,6456
2021-11-22,42.3,42.4,42.27,42.27,12983
2021-11-22,42.265,42.33,42.22,42.22,10613
2021-11-22,42.23,42.24,42.03,42.15,11547
2021-11-22,42.19,42.32,42.175,42.19,6776
2021-11-22,42.2,42.26,42.1,42.26,9108
2021-11-22,42.27,42.33,42.235,42.32,5844
2021-11-22,42.31,42.38,42.3,42.36,7890
2021-11-22,42.36,42.42,42.345,42.355,5605
2021-11-22,42.35,42.45,42.335,42.4,6384
2021-11-22,42.4,42.52,42.39,42.52,8863
2021-11-22,42.525,42.54,42.485,42.51,8200
2021-11-22,42.505,42.52,42.455,42.52,6150
2021-11-22,42.5,42.6,42.49,42.59,7951
2021-11-22,42.6,42.72,42.57,42.695,18960
2021-11-22,42.71,42.815,42.68,42.815,4883
2021-11-22,42.79,42.82,42.71,42.725,27203
2021-11-22,42.76,42.84,42.76,42.81,9827
2021-11-22,42.81,42.82,42.78,42.785,7287
2021-11-22,42.77,42.77,42.565,42.565,9146
2021-11-22,42.59,42.595,42.505,42.57,6902
2021-11-22,42.55,42.575,42.46,42.46,7606
2021-11-22,42.455,42.455,42.33,42.33,7673
2021-11-22,42.35,42.485,42.335,42.37,8782
2021-11-22,42.32,42.465,42.32,42.465,3663
2021-11-22,42.49,42.49,42.26,42.32,3703
2021-11-22,42.27,42.27,42.13,42.2,6244
2021-11-22,42.27,42.28,42.21,42.26,4044
2021-11-22,42.29,42.295,42.24,42.24,4333
2021-11-22,42.21,42.21,42.07,42.07,4037
2021-11-22,42.07,42.085,41.99,41.99,4440
2021-11-22,41.995,42.09,41.995,42.03,5478
2021-11-22,42,42,41.9,41.9,4623
2021-11-22,41.88,42.08,41.88,42.08,4252
2021-11-22,42.06,42.12,42.06,42.085,3036
2021-11-22,42.155,42.185,42.15,42.15,2306
2021-11-22,42.165,42.17,42.015,42.05,2649
2021-11-22,42.065,42.23,42.055,42.17,6051
2021-11-22,42.17,42.205,42.16,42.18,2092
2021-11-22,42.2,42.29,42.2,42.24,3287
2021-11-22,42.325,42.345,42.275,42.345,6743
2021-11-22,42.315,42.315,42.25,42.25,2253
2021-11-22,42.22,42.325,42.15,42.15,11986
2021-11-22,42.135,42.23,42.135,42.205,1610
2021-11-22,42.2,42.225,42.18,42.21,3211
2021-11-22,42.19,42.285,42.11,42.285,2471
2021-11-22,42.32,42.32,42.2,42.265,4577
2021-11-22,42.25,42.25,42.18,42.2,3158
2021-11-22,42.205,42.22,42.19,42.22,1817
2021-11-22,42.195,42.195,42.08,42.08,4486
2021-11-22,42.07,42.12,42.02,42.02,4152
2021-11-22,42,42,41.83,41.89,10520
2021-11-22,41.89,42.01,41.88,41.99,6301
2021-11-22,42.055,42.06,42.05,42.05,1462
2021-11-22,42.065,42.065,41.945,41.945,2903
2021-11-22,41.93,41.93,41.885,41.885,2785
2021-11-22,41.84,41.84,41.62,41.645,4012
2021-11-22,41.68,41.73,41.66,41.66,3441
2021-11-22,41.62,41.625,41.595,41.605,5085
2021-11-22,41.71,41.76,41.71,41.71,1353
2021-11-22,41.725,41.78,41.725,41.78,700
2021-11-22,41.785,41.82,41.76,41.82,1509
2021-11-22,41.83,41.88,41.74,41.74,3010
2021-11-22,41.74,41.775,41.71,41.775,852
2021-11-22,41.795,41.795,41.73,41.73,310
2021-11-22,41.705,41.705,41.66,41.66,788
2021-11-22,41.72,41.775,41.705,41.74,2205
2021-11-22,41.71,41.85,41.71,41.74,840
2021-11-22,41.835,41.835,41.77,41.8,930
2021-11-22,41.805,41.825,41.79,41.79,1131
2021-11-22,41.82,41.82,41.75,41.755,1900
2021-11-22,41.75,41.785,41.705,41.785,1481
2021-11-22,41.78,41.8,41.77,41.795,2520
2021-11-22,41.78,41.78,41.74,41.77,1915
2021-11-22,41.765,41.795,41.75,41.795,1335
2021-11-22,41.75,41.75,41.68,41.685,1937
2021-11-22,41.72,41.74,41.7,41.74,991
2021-11-22,41.78,41.81,41.78,41.81,1528
2021-11-22,41.8,41.805,41.76,41.76,1335
2021-11-22,41.76,41.76,41.71,41.71,1527
2021-11-22,41.715,41.715,41.53,41.53,1777
2021-11-22,41.54,41.56,41.5,41.5,3514
2021-11-22,41.51,41.52,41.49,41.52,1338
2021-11-22,41.57,41.605,41.555,41.59,1870
2021-11-22,41.64,41.645,41.525,41.525,1585
2021-11-22,41.555,41.585,41.54,41.55,3678
2021-11-22,41.515,41.515,41.41,41.41,2755
2021-11-22,41.44,41.44,41.375,41.375,1481
2021-11-22,41.43,41.5,41.39,41.5,2751
2021-11-22,41.475,41.475,41.36,41.37,2356
2021-11-22,41.385,41.385,41.31,41.31,1589
2021-11-22,41.3,41.35,41.29,41.325,2881
2021-11-22,41.315,41.315,41.25,41.25,1523
2021-11-22,41.255,41.255,41.195,41.225,5327
2021-11-22,41.26,41.285,41.23,41.23,2894
2021-11-22,41.215,41.215,41.14,41.14,1463
2021-11-22,41.115,41.115,41.025,41.025,820
2021-11-22,41.02,41.025,40.98,41,3128
2021-11-22,41.015,41.04,40.98,40.98,3269
2021-11-22,40.94,40.955,40.84,40.875,13169
2021-11-22,40.86,40.865,40.725,40.725,3722
2021-11-22,40.685,40.84,40.68,40.84,2410
2021-11-22,40.87,40.87,40.825,40.825,1257
2021-11-22,40.855,40.86,40.82,40.82,2168
2021-11-22,40.79,40.79,40.65,40.65,3450
2021-11-22,40.69,40.69,40.64,40.68,3134
2021-11-22,40.68,40.68,40.57,40.57,1422
2021-11-22,40.575,40.6,40.55,40.57,2511
2021-11-22,40.58,40.585,40.495,40.585,2984
2021-11-22,40.565,40.565,40.505,40.505,805
2021-11-22,40.48,40.485,40.43,40.43,1771
2021-11-22,40.33,40.515,40.305,40.515,3071
2021-11-22,40.55,40.67,40.55,40.67,2294
2021-11-22,40.7,40.78,40.685,40.775,2123
2021-11-22,40.82,40.86,40.82,40.83,2710
2021-11-22,40.82,40.835,40.7,40.7,3834
2021-11-22,40.71,40.74,40.58,40.62,1242
2021-11-22,40.605,40.805,40.605,40.8,1345
2021-11-22,40.81,40.81,40.79,40.8,621
2021-11-22,40.81,40.84,40.76,40.76,727
2021-11-22,40.84,40.84,40.79,40.81,679
2021-11-22,40.81,40.81,40.7,40.73,2000
2021-11-22,40.72,40.725,40.505,40.52,1842
2021-11-22,40.51,40.74,40.51,40.74,1445
2021-11-22,40.755,40.85,40.755,40.825,1200
2021-11-22,40.78,40.855,40.78,40.855,400
2021-11-22,40.905,40.93,40.885,40.93,1500
2021-11-22,40.99,41.015,40.95,41.015,697
2021-11-22,41.03,41.03,40.985,40.985,1250
2021-11-22,41.03,41.045,40.96,41.045,900
2021-11-22,41.02,41.11,41.02,41.11,963
2021-11-22,41.125,41.175,41.09,41.175,2701
2021-11-22,41.19,41.22,41.19,41.2,1026
2021-11-22,41.315,41.315,41.23,41.23,617
2021-11-22,41.22,41.24,41.155,41.155,1081
2021-11-22,41.125,41.125,41.11,41.12,500
2021-11-22,41.16,41.24,41.16,41.24,411
2021-11-22,41.21,41.225,41.21,41.225,200
2021-11-22,41.26,41.34,41.25,41.34,862
2021-11-22,41.315,41.44,41.315,41.42,1000
2021-11-22,41.445,41.465,41.445,41.465,712
2021-11-22,41.48,41.51,41.47,41.51,1202
2021-11-22,41.495,41.495,41.43,41.44,630
2021-11-22,41.47,41.51,41.47,41.48,1650
2021-11-22,41.5,41.6,41.5,41.59,1906
2021-11-22,41.6,41.645,41.58,41.645,550
2021-11-22,41.62,41.66,41.62,41.645,523
2021-11-22,41.65,41.65,41.64,41.64,700
2021-11-22,41.625,41.625,41.57,41.57,441
2021-11-22,41.56,41.57,41.56,41.57,555
2021-11-22,41.605,41.63,41.59,41.63,700
2021-11-22,41.66,41.68,41.65,41.655,871
2021-11-22,41.635,41.635,41.595,41.595,350
2021-11-22,41.65,41.73,41.65,41.73,1703
2021-11-22,41.78,41.78,41.69,41.705,2496
2021-11-22,41.71,41.71,41.69,41.71,1461
2021-11-22,41.69,41.715,41.68,41.715,1110
2021-11-22,41.685,41.73,41.68,41.73,642
2021-11-22,41.69,41.76,41.69,41.74,2030
2021-11-22,41.715,41.715,41.67,41.67,439
2021-11-22,41.735,41.83,41.71,41.82,1772
2021-11-22,41.79,41.8,41.705,41.705,653
2021-11-22,41.725,41.74,41.725,41.74,356
2021-11-22,41.7,41.74,41.7,41.735,1100
2021-11-22,41.695,41.695,41.585,41.59,671
2021-11-22,41.62,41.64,41.6,41.64,507
2021-11-22,41.63,41.65,41.61,41.65,500
2021-11-22,41.59,41.59,41.545,41.545,1075
2021-11-22,41.54,41.54,41.47,41.485,2442
2021-11-22,41.47,41.58,41.46,41.58,2100
2021-11-22,41.695,41.725,41.695,41.725,325
2021-11-22,41.73,41.73,41.69,41.69,600
2021-11-22,41.76,41.76,41.675,41.695,700
2021-11-22,41.665,41.665,41.57,41.57,302
2021-11-22,41.655,41.655,41.64,41.64,907
2021-11-22,41.685,41.685,41.65,41.66,815
2021-11-22,41.67,41.685,41.67,41.685,300
2021-11-22,41.685,41.685,41.665,41.665,215
2021-11-22,41.685,41.685,41.66,41.665,357
2021-11-22,41.56,41.625,41.56,41.62,840
2021-11-22,41.655,41.655,41.63,41.635,400
2021-11-22,41.665,41.665,41.655,41.655,225
2021-11-22,41.615,41.62,41.615,41.62,400
2021-11-22,41.66,41.72,41.655,41.72,1771
2021-11-22,41.66,41.695,41.66,41.695,1300
2021-11-22,41.655,41.68,41.645,41.66,952
2021-11-22,41.695,41.7,41.69,41.69,600
2021-11-22,41.76,41.795,41.73,41.795,725
2021-11-22,41.83,41.85,41.83,41.85,362
2021-11-22,41.835,41.835,41.83,41.83,412
2021-11-22,41.83,41.88,41.83,41.88,424
2021-11-22,41.875,41.905,41.875,41.88,541
2021-11-22,41.885,41.915,41.885,41.915,771
2021-11-22,41.905,41.94,41.905,41.935,822
2021-11-22,41.94,41.94,41.91,41.91,430
2021-11-22,41.96,42,41.96,42,810
2021-11-22,42.05,42.07,42.045,42.07,3443
2021-11-22,42.045,42.1,42.045,42.1,981
2021-11-22,42.1,42.11,42.07,42.085,1300
2021-11-22,42.025,42.025,42.025,42.025,225
2021-11-22,41.985,41.985,41.985,41.985,225
2021-11-22,41.975,41.975,41.93,41.94,940
2021-11-22,41.95,41.95,41.9,41.945,3100
2021-11-22,41.96,41.965,41.96,41.96,516
2021-11-22,41.955,41.955,41.95,41.95,321
2021-11-22,42.025,42.05,42.025,42.045,800
2021-11-22,42.02,42.09,42.015,42.09,1265
2021-11-22,42.06,42.08,42.055,42.055,1150
2021-11-22,42.045,42.055,42.04,42.04,1000
2021-11-22,42.04,42.045,42.01,42.01,430
2021-11-22,42.005,42.01,41.985,41.985,1257
2021-11-22,41.94,41.995,41.915,41.995,1407
2021-11-22,41.96,41.97,41.945,41.97,622
2021-11-22,41.945,41.95,41.85,41.86,1013
2021-11-22,41.855,41.895,41.82,41.895,1025
2021-11-22,41.89,41.905,41.87,41.9,1238
2021-11-22,41.995,42,41.935,41.95,600
2021-11-22,41.97,41.975,41.92,41.92,730
2021-11-22,41.905,41.915,41.9,41.9,1462
2021-11-22,41.9,41.9,41.89,41.89,873
2021-11-22,41.875,41.905,41.875,41.905,546
2021-11-22,41.87,41.885,41.87,41.885,208
2021-11-22,41.885,41.885,41.885,41.885,694
2021-11-22,41.935,41.945,41.935,41.945,300
2021-11-22,41.895,41.9,41.855,41.9,1716
2021-11-22,41.905,41.935,41.905,41.935,212
2021-11-22,41.975,41.975,41.975,41.975,133
2021-11-22,41.97,41.975,41.965,41.975,348
2021-11-22,41.94,41.945,41.905,41.92,802
2021-11-22,41.92,41.96,41.895,41.96,1300
2021-11-22,41.91,41.915,41.88,41.88,674
2021-11-22,41.9,41.9,41.785,41.81,2041
2021-11-22,41.76,41.825,41.76,41.8,400
2021-11-22,41.82,41.895,41.82,41.87,1834
2021-11-22,41.98,42.01,41.98,42.005,1130
2021-11-22,42.04,42.11,42.005,42.11,775
2021-11-22,42.105,42.12,42.095,42.12,1342
2021-11-22,42.14,42.195,42.105,42.195,958
2021-11-22,42.19,42.19,42.135,42.135,846
2021-11-22,42.11,42.11,42.09,42.1,1332
2021-11-22,42.115,42.115,42.09,42.09,403
2021-11-22,42.09,42.12,42.09,42.12,648
2021-11-22,42.07,42.095,42.06,42.095,516
2021-11-22,42.06,42.06,42.06,42.06,310
2021-11-22,42.15,42.18,42.15,42.18,393
2021-11-22,42.21,42.21,42.19,42.19,1645
2021-11-22,42.21,42.21,42.195,42.195,700
2021-11-22,42.155,42.155,42.145,42.145,376
2021-11-22,42.165,42.165,42.165,42.165,200
2021-11-22,42.145,42.145,42.12,42.12,430
2021-11-22,42.115,42.115,42.115,42.115,290
2021-11-22,42.08,42.08,42.08,42.08,410
2021-11-22,42.09,42.09,42.08,42.08,599
2021-11-22,42.09,42.09,42.02,42.025,2342
2021-11-22,42.13,42.13,42.125,42.13,799
2021-11-22,42.19,42.2,42.19,42.2,1519
2021-11-22,42.19,42.19,42.17,42.17,425
2021-11-22,42.165,42.165,42.13,42.135,1242
2021-11-22,42.155,42.155,42.075,42.075,332
2021-11-22,42.07,42.07,41.99,41.99,563
2021-11-22,42.01,42.045,42.01,42.045,491
2021-11-22,42.02,42.055,42.02,42.055,481
2021-11-22,42.025,42.1,42.025,42.09,1000
2021-11-22,42.17,42.17,42.1,42.1,1239
2021-11-22,42.095,42.125,42.07,42.11,1438
2021-11-22,42.105,42.15,42.105,42.12,1661
2021-11-22,42.045,42.055,42.04,42.055,379
2021-11-22,42.09,42.09,42.075,42.09,538
2021-11-22,42.07,42.07,42.065,42.065,358
2021-11-22,42.06,42.06,42.01,42.01,1588
2021-11-22,42.01,42.015,41.99,41.99,832
2021-11-22,41.975,42.03,41.975,42.03,808
2021-11-22,42.04,42.04,42.015,42.015,400
2021-11-22,42,42.04,41.99,42.035,1132
2021-11-22,42.065,42.065,42.03,42.045,525
2021-11-22,42.05,42.05,42.035,42.035,430
2021-11-22,42.065,42.065,42.04,42.04,252
2021-11-22,42.025,42.025,41.93,41.93,450
2021-11-22,41.91,41.98,41.91,41.965,2801
2021-11-22,41.94,42.1,41.94,42.1,3234
2021-11-22,42.135,42.135,42.065,42.065,600
2021-11-22,42.095,42.095,42.085,42.085,200
2021-11-22,42.09,42.11,42.085,42.09,1899
2021-11-22,42.095,42.095,42.095,42.095,129
2021-11-22,42.08,42.08,42.08,42.08,903
2021-11-22,42.045,42.045,42.045,42.045,230
2021-11-22,42.075,42.085,42.075,42.08,825
2021-11-22,42.1,42.1,42.07,42.1,2826
2021-11-22,42.105,42.15,42.105,42.15,2000
2021-11-22,42.165,42.19,42.165,42.19,700
2021-11-22,42.17,42.18,42.165,42.17,400
2021-11-22,42.14,42.145,42.115,42.115,425
2021-11-22,42.115,42.115,42.02,42.02,910
2021-11-22,42.01,42.115,42.01,42.115,835
2021-11-22,42.13,42.16,42.125,42.16,684
2021-11-22,42.185,42.2,42.185,42.2,922
2021-11-22,42.2,42.2,42.14,42.165,1457
2021-11-22,42.105,42.12,42.1,42.12,378
2021-11-22,42.15,42.15,42.115,42.14,1186
2021-11-22,42.14,42.14,42.11,42.11,500
2021-11-22,42.125,42.195,42.125,42.195,1322
2021-11-22,42.2,42.22,42.18,42.185,906
2021-11-22,42.175,42.18,42.115,42.115,1205
2021-11-22,42.12,42.13,42.115,42.115,2444
2021-11-22,42.155,42.17,42.11,42.11,740
2021-11-22,42.08,42.08,42.01,42.06,1000
2021-11-22,42.085,42.085,42.015,42.015,611
2021-11-22,42.015,42.055,42.015,42.055,567
2021-11-22,42.005,42.055,42.005,42.055,990
2021-11-22,42.055,42.055,42.045,42.045,291
2021-11-22,42.055,42.1,42.055,42.095,910
2021-11-22,42.08,42.08,42.055,42.055,410
2021-11-22,42.065,42.11,42.02,42.03,758
2021-11-22,42.005,42.03,42,42.03,903
2021-11-22,42.02,42.02,42.005,42.01,540
2021-11-22,42.005,42.015,42,42,940
2021-11-22,42.005,42.005,41.92,41.96,2762
2021-11-22,41.985,42.005,41.985,42.005,657
2021-11-22,41.97,41.975,41.97,41.975,250
2021-11-22,41.955,41.955,41.915,41.935,736
2021-11-22,41.925,41.925,41.84,41.87,2113
2021-11-22,41.83,41.83,41.825,41.825,253
2021-11-22,41.825,41.935,41.825,41.92,3957
2021-11-22,41.965,41.965,41.935,41.935,381
2021-11-22,41.945,42.02,41.935,42.02,1550
2021-11-22,42.02,42.025,42.02,42.02,1276
2021-11-22,42.035,42.035,42.035,42.035,331
2021-11-22,42.04,42.09,42.035,42.085,1072
2021-11-22,42.065,42.065,42.02,42.025,935
2021-11-22,42.01,42.035,41.985,42,1841
2021-11-22,41.995,41.995,41.965,41.965,742
2021-11-22,41.94,41.94,41.885,41.885,852
2021-11-22,41.9,41.91,41.885,41.9,1742
2021-11-22,41.885,41.885,41.82,41.82,1176
2021-11-22,41.81,41.845,41.81,41.825,1410
2021-11-22,41.77,41.825,41.77,41.825,1008
2021-11-22,41.825,41.825,41.75,41.76,961
2021-11-22,41.775,41.825,41.775,41.8,696
2021-11-22,41.79,41.815,41.77,41.79,1533
2021-11-22,41.785,41.785,41.745,41.745,622
2021-11-22,41.76,41.765,41.68,41.715,1414
2021-11-22,41.715,41.715,41.65,41.65,2174
2021-11-22,41.66,41.695,41.555,41.57,5277
2021-11-22,41.57,41.57,41.45,41.495,7229
2021-11-22,41.495,41.505,41.47,41.48,2790
2021-11-22,41.455,41.46,41.39,41.39,3407
2021-11-22,41.41,41.45,41.405,41.415,6336
2021-11-22,41.425,41.46,41.39,41.46,6340
2021-11-22,41.46,41.46,41.365,41.4,5028
2021-11-22,41.405,41.48,41.405,41.48,14452
2021-11-22,41.475,41.48,41.46,41.475,18435
2021-11-22,41.48,41.49,41.425,41.48,6228
2021-11-23,41.5,41.5,41.15,41.15,11362
2021-11-23,40.96,41.04,40.84,40.93,2376
2021-11-23,40.935,41.135,40.93,40.995,3355
2021-11-23,41.18,41.72,41.18,41.63,5775
2021-11-23,41.56,41.865,41.56,41.72,4510
2021-11-23,41.68,41.68,41.26,41.26,2335
2021-11-23,41.37,41.6,41.37,41.56,3401
2021-11-23,41.5,41.69,41.45,41.49,4896
2021-11-23,41.46,41.68,41.46,41.61,4536
2021-11-23,41.58,41.64,41.41,41.64,12978
2021-11-23,41.68,42.235,41.67,42.235,5598
2021-11-23,42.18,42.18,41.92,42.11,7591
2021-11-23,42.08,42.23,42.05,42.19,4061
2021-11-23,42.24,42.43,42.225,42.42,4902
2021-11-23,42.355,42.48,42.33,42.48,12780
2021-11-23,42.5,42.53,42.4,42.445,3353
2021-11-23,42.47,42.66,42.47,42.65,4647
2021-11-23,42.69,42.82,42.69,42.77,5348
2021-11-23,42.77,42.97,42.77,42.915,5053
2021-11-23,42.91,43.06,42.9,43.02,8169
2021-11-23,43.01,43.01,42.705,42.86,9311
2021-11-23,42.91,43,42.86,43,5531
2021-11-23,42.91,43.1,42.88,43.06,10951
2021-11-23,43.07,43.08,43,43.04,5892
2021-11-23,42.97,43,42.91,42.91,4667
2021-11-23,42.925,43.12,42.775,42.775,7697
2021-11-23,42.75,42.98,42.73,42.96,12001
2021-11-23,42.92,42.985,42.89,42.91,2137
2021-11-23,42.81,42.94,42.73,42.93,5976
2021-11-23,42.93,42.97,42.82,42.85,5856
2021-11-23,42.87,42.88,42.55,42.58,9344
2021-11-23,42.61,42.62,42.45,42.45,9740
2021-11-23,42.39,42.52,42.38,42.52,3196
2021-11-23,42.48,42.48,42.1,42.11,5631
2021-11-23,42.13,42.33,42.1,42.33,6229
2021-11-23,42.35,42.55,42.35,42.55,3956
2021-11-23,42.55,42.58,42.18,42.18,5043
2021-11-23,42.26,42.46,42.26,42.3,4967
2021-11-23,42.27,42.28,42.16,42.24,3944
2021-11-23,42.27,42.33,42.25,42.26,2103
2021-11-23,42.23,42.38,42.2,42.38,5159
2021-11-23,42.39,42.42,42.215,42.27,2811
2021-11-23,42.39,42.39,42.26,42.33,3044
2021-11-23,42.23,42.31,42.22,42.29,3710
2021-11-23,42.16,42.43,42.16,42.43,5857
2021-11-23,42.46,42.575,42.46,42.56,4793
2021-11-23,42.525,42.525,42.28,42.32,3233
2021-11-23,42.35,42.36,42.28,42.325,6841
2021-11-23,42.335,42.43,42.32,42.43,1444
2021-11-23,42.39,42.4,42.36,42.38,3105
2021-11-23,42.37,42.37,42.21,42.22,1213
2021-11-23,42.22,42.285,42.21,42.27,2872
2021-11-23,42.245,42.36,42.22,42.26,1807
2021-11-23,42.27,42.49,42.27,42.455,6206
2021-11-23,42.31,42.31,42.25,42.28,1973
2021-11-23,42.285,42.295,41.93,41.93,4669
2021-11-23,41.97,42.03,41.96,41.97,2622
2021-11-23,41.93,41.93,41.815,41.82,5911
2021-11-23,41.815,41.865,41.79,41.865,7236
2021-11-23,41.81,41.97,41.81,41.935,5603
2021-11-23,41.9,41.91,41.81,41.825,8678
2021-11-23,41.88,41.88,41.63,41.675,3592
2021-11-23,41.66,41.69,41.62,41.64,2485
2021-11-23,41.7,41.7,41.58,41.63,4796
2021-11-23,41.62,41.67,41.595,41.65,5320
2021-11-23,41.67,41.67,41.49,41.53,2964
2021-11-23,41.5,41.54,41.45,41.47,2952
2021-11-23,41.475,41.575,41.46,41.57,5530
2021-11-23,41.56,41.635,41.55,41.61,1807
2021-11-23,41.555,41.56,41.49,41.49,1713
2021-11-23,41.45,41.46,41.415,41.44,3012
2021-11-23,41.4,41.4,41.255,41.3,2699
2021-11-23,41.29,41.3,41.18,41.255,9556
2021-11-23,41.25,41.38,41.25,41.35,2454
2021-11-23,41.335,41.54,41.32,41.54,2422
2021-11-23,41.56,41.595,41.515,41.595,2724
2021-11-23,41.62,41.71,41.55,41.7,1107
2021-11-23,41.6,41.6,41.43,41.465,2053
2021-11-23,41.505,41.54,41.48,41.48,1661
2021-11-23,41.45,41.56,41.45,41.56,808
2021-11-23,41.595,41.595,41.38,41.41,2843
2021-11-23,41.4,41.445,41.4,41.445,1614
2021-11-23,41.465,41.465,41.38,41.405,1663
2021-11-23,41.395,41.415,41.27,41.285,2116
2021-11-23,41.27,41.285,41.27,41.28,1591
2021-11-23,41.315,41.34,41.315,41.34,605
2021-11-23,41.33,41.33,41.14,41.155,3386
2021-11-23,41.15,41.18,41.1,41.1,4699
2021-11-23,41.07,41.13,41.05,41.05,3064
2021-11-23,41.13,41.15,41.03,41.03,2638
2021-11-23,41.02,41.05,40.9,40.9,1073
2021-11-23,40.915,40.92,40.88,40.89,2484
2021-11-23,40.88,41.05,40.88,40.99,1269
2021-11-23,40.995,41.11,40.995,41.11,752
2021-11-23,41.13,41.25,41.13,41.25,1964
2021-11-23,41.3,41.3,41.23,41.23,1111
2021-11-23,41.26,41.28,41.19,41.19,2455
2021-11-23,41.14,41.35,41.14,41.33,3249
2021-11-23,41.28,41.33,41.24,41.33,502
2021-11-23,41.38,41.42,41.37,41.42,1972
2021-11-23,41.42,41.5,41.42,41.465,4131
2021-11-23,41.465,41.49,41.455,41.485,4061
2021-11-23,41.51,41.51,41.38,41.38,1785
2021-11-23,41.355,41.355,41.32,41.345,2096
2021-11-23,41.375,41.47,41.375,41.47,1442
2021-11-23,41.4,41.52,41.4,41.52,2647
2021-11-23,41.58,41.675,41.54,41.57,2691
2021-11-23,41.49,41.51,41.355,41.355,2310
2021-11-23,41.34,41.34,41.325,41.325,707
2021-11-23,41.31,41.33,41.25,41.25,911
2021-11-23,41.275,41.375,41.275,41.37,2531
2021-11-23,41.36,41.38,41.25,41.25,2268
2021-11-23,41.265,41.28,41.22,41.24,3247
2021-11-23,41.21,41.25,41.21,41.23,2007
2021-11-23,41.3,41.48,41.3,41.475,1461
2021-11-23,41.49,41.49,41.4,41.44,2045
2021-11-23,41.43,41.5,41.41,41.5,3045
2021-11-23,41.48,41.485,41.47,41.485,3114
2021-11-23,41.46,41.46,41.415,41.44,858
2021-11-23,41.555,41.665,41.555,41.64,2041
2021-11-23,41.63,41.72,41.63,41.69,672
2021-11-23,41.62,41.635,41.62,41.635,410
2021-11-23,41.54,41.565,41.525,41.545,1653
2021-11-23,41.54,41.54,41.46,41.46,897
2021-11-23,41.5,41.515,41.385,41.385,1711
2021-11-23,41.315,41.36,41.28,41.305,3902
2021-11-23,41.34,41.39,41.33,41.385,947
2021-11-23,41.32,41.415,41.32,41.415,2405
2021-11-23,41.415,41.415,41.415,41.415,1207
2021-11-23,41.46,41.46,41.355,41.4,1808
2021-11-23,41.37,41.38,41.37,41.37,1064
2021-11-23,41.385,41.385,41.36,41.385,1200
2021-11-23,41.39,41.405,41.38,41.395,1858
2021-11-23,41.405,41.405,41.31,41.335,2107
2021-11-23,41.345,41.345,41.345,41.345,1072
2021-11-23,41.415,41.44,41.395,41.395,1165
2021-11-23,41.405,41.44,41.405,41.44,907
2021-11-23,41.51,41.51,41.48,41.48,1109
2021-11-23,41.47,41.475,41.455,41.47,1183
2021-11-23,41.505,41.525,41.505,41.525,291
2021-11-23,41.47,41.47,41.47,41.47,100
2021-11-23,41.405,41.42,41.35,41.35,909
2021-11-23,41.34,41.35,41.25,41.25,1273
2021-11-23,41.285,41.315,41.285,41.315,1419
2021-11-23,41.38,41.38,41.38,41.38,764
2021-11-23,41.365,41.42,41.355,41.42,1402
2021-11-23,41.36,41.36,41.33,41.35,608
2021-11-23,41.35,41.41,41.35,41.41,876
2021-11-23,41.4,41.48,41.4,41.48,673
2021-11-23,41.39,41.39,41.39,41.39,492
2021-11-23,41.3,41.3,41.205,41.21,2623
2021-11-23,41.2,41.21,41.19,41.195,919
2021-11-23,41.2,41.2,41.14,41.15,1130
2021-11-23,41.175,41.24,41.175,41.24,201
2021-11-23,41.16,41.165,41.155,41.165,420
2021-11-23,41.23,41.235,41.23,41.235,345
2021-11-23,41.23,41.23,41.225,41.225,571
2021-11-23,41.225,41.23,41.19,41.19,2614
2021-11-23,41.215,41.29,41.215,41.25,2028
2021-11-23,41.265,41.36,41.265,41.36,3204
2021-11-23,41.29,41.29,41.29,41.29,200
2021-11-23,41.275,41.28,41.245,41.245,1488
2021-11-23,41.275,41.375,41.275,41.3,1031
2021-11-23,41.385,41.515,41.385,41.515,977
2021-11-23,41.48,41.48,41.455,41.475,1404
2021-11-23,41.435,41.44,41.38,41.38,1008
2021-11-23,41.405,41.405,41.37,41.385,775
2021-11-23,41.4,41.5,41.4,41.5,306
2021-11-23,41.43,41.45,41.41,41.45,1762
2021-11-23,41.455,41.5,41.455,41.5,2527
2021-11-23,41.5,41.55,41.5,41.55,1105
2021-11-23,41.58,41.58,41.58,41.58,100
2021-11-23,41.62,41.655,41.62,41.65,707
2021-11-23,41.61,41.61,41.61,41.61,118
2021-11-23,41.62,41.62,41.5,41.5,1307
2021-11-23,41.495,41.5,41.495,41.5,897
2021-11-23,41.505,41.52,41.455,41.455,1761
2021-11-23,41.475,41.55,41.475,41.55,427
2021-11-23,41.585,41.585,41.57,41.57,319
2021-11-23,41.585,41.585,41.585,41.585,304
2021-11-23,41.51,41.51,41.5,41.5,200
2021-11-23,41.51,41.555,41.51,41.555,2074
2021-11-23,41.7,41.9,41.69,41.9,5105
2021-11-23,41.87,41.94,41.86,41.88,4503
2021-11-23,41.91,41.95,41.86,41.95,2597
2021-11-23,41.98,42.04,41.98,42.02,3148
2021-11-23,41.97,41.97,41.89,41.89,2004
2021-11-23,41.84,41.97,41.835,41.97,803
2021-11-23,41.89,41.89,41.89,41.89,100
2021-11-23,41.805,41.825,41.69,41.74,5600
2021-11-23,41.72,41.72,41.68,41.68,1650
2021-11-23,41.66,41.68,41.65,41.65,691
2021-11-23,41.635,41.78,41.635,41.76,1123
2021-11-23,41.74,41.74,41.7,41.7,800
2021-11-23,41.67,41.67,41.67,41.67,579
2021-11-23,41.67,41.67,41.62,41.62,854
2021-11-23,41.62,41.715,41.62,41.66,1327
2021-11-23,41.77,41.77,41.765,41.765,1134
2021-11-23,41.79,41.83,41.775,41.815,900
2021-11-23,41.81,41.82,41.81,41.82,1238
2021-11-23,41.785,41.785,41.785,41.785,298
2021-11-23,41.715,41.74,41.69,41.69,1006
2021-11-23,41.68,41.68,41.68,41.68,125
2021-11-23,41.615,41.615,41.59,41.59,502
2021-11-23,41.58,41.61,41.58,41.59,898
2021-11-23,41.615,41.65,41.615,41.65,700
2021-11-23,41.6,41.6,41.52,41.58,2358
2021-11-23,41.49,41.52,41.48,41.5,5217
2021-11-23,41.51,41.53,41.48,41.49,3113
2021-11-23,41.49,41.49,41.455,41.455,1543
2021-11-23,41.445,41.445,41.38,41.38,1460
2021-11-23,41.39,41.39,41.32,41.35,2273
2021-11-23,41.35,41.38,41.35,41.37,417
2021-11-23,41.39,41.41,41.27,41.275,753
2021-11-23,41.275,41.275,41.24,41.24,906
2021-11-23,41.255,41.27,41.255,41.27,2380
2021-11-23,41.23,41.23,41.155,41.19,808
2021-11-23,41.205,41.205,41.165,41.175,1572
2021-11-23,41.2,41.2,41.18,41.19,662
2021-11-23,41.155,41.155,41.145,41.145,200
2021-11-23,41.16,41.22,41.16,41.22,705
2021-11-23,41.25,41.29,41.23,41.29,944
2021-11-23,41.25,41.25,41.17,41.17,400
2021-11-23,41.17,41.17,41.1,41.1,1425
2021-11-23,41.105,41.11,41.105,41.11,1132
2021-11-23,41.07,41.07,41.045,41.045,651
2021-11-23,41.09,41.09,41.09,41.09,206
2021-11-23,41.06,41.06,41.025,41.025,794
2021-11-23,40.975,41.02,40.97,41,3700
2021-11-23,41.025,41.025,40.98,41,1574
2021-11-23,40.995,41,40.94,40.94,888
2021-11-23,40.94,40.975,40.91,40.975,1079
2021-11-23,40.975,41.075,40.975,41.075,2012
2021-11-23,41.04,41.04,41.01,41.01,359
2021-11-23,40.99,40.99,40.92,40.925,3601
2021-11-23,40.925,40.96,40.92,40.92,2206
2021-11-23,40.9,40.9,40.84,40.85,2328
2021-11-23,40.87,40.875,40.865,40.875,2243
2021-11-23,40.855,40.855,40.775,40.78,819
2021-11-23,40.82,40.9,40.82,40.88,1961
2021-11-23,40.82,40.83,40.79,40.83,855
2021-11-23,40.815,40.815,40.63,40.65,3698
2021-11-23,40.66,40.66,40.6,40.61,1819
2021-11-23,40.59,40.61,40.59,40.595,1417
2021-11-23,40.61,40.64,40.605,40.61,2865
2021-11-23,40.62,40.62,40.56,40.56,1380
2021-11-23,40.545,40.645,40.545,40.63,2602
2021-11-23,40.6,40.66,40.6,40.66,1278
2021-11-23,40.635,40.635,40.54,40.56,1603
2021-11-23,40.53,40.57,40.53,40.57,2501
2021-11-23,40.5,40.54,40.48,40.54,2105
2021-11-23,40.53,40.6,40.53,40.6,1946
2021-11-23,40.575,40.58,40.535,40.58,1979
2021-11-23,40.57,40.705,40.57,40.705,2531
2021-11-23,40.73,40.8,40.73,40.77,2824
2021-11-23,40.74,40.74,40.665,40.665,1352
2021-11-23,40.68,40.75,40.68,40.72,3003
2021-11-23,40.74,40.82,40.74,40.82,1717
2021-11-23,40.88,40.88,40.88,40.88,100
2021-11-23,40.86,40.92,40.86,40.91,938
2021-11-23,40.925,40.935,40.925,40.93,3358
2021-11-23,40.945,40.965,40.945,40.965,838
2021-11-23,40.965,40.965,40.94,40.94,586
2021-11-23,40.92,40.92,40.92,40.92,127
2021-11-23,40.92,40.92,40.835,40.835,793
2021-11-23,40.835,40.88,40.835,40.88,1551
2021-11-23,40.88,40.985,40.88,40.985,2844
2021-11-23,40.995,41.05,40.98,40.98,2286
2021-11-23,40.88,40.88,40.85,40.85,214
2021-11-23,40.88,40.88,40.84,40.84,1023
2021-11-23,40.81,40.81,40.76,40.76,944
2021-11-23,40.78,40.785,40.74,40.74,1020
2021-11-23,40.81,40.895,40.81,40.895,950
2021-11-23,40.86,40.865,40.815,40.815,1728
2021-11-23,40.82,40.855,40.82,40.855,2056
2021-11-23,40.88,40.88,40.88,40.88,100
2021-11-23,40.845,40.92,40.845,40.92,864
2021-11-23,40.88,40.88,40.825,40.84,1375
2021-11-23,40.84,40.85,40.79,40.79,1605
2021-11-23,40.735,40.74,40.705,40.72,1785
2021-11-23,40.675,40.675,40.63,40.63,746
2021-11-23,40.635,40.685,40.63,40.65,1926
2021-11-23,40.62,40.62,40.59,40.59,400
2021-11-23,40.625,40.69,40.625,40.69,2004
2021-11-23,40.69,40.76,40.69,40.76,303
2021-11-23,40.675,40.68,40.675,40.68,807
2021-11-23,40.7,40.925,40.7,40.925,764
2021-11-23,40.905,40.905,40.86,40.86,519
2021-11-23,40.84,40.91,40.84,40.91,860
2021-11-23,40.9,40.935,40.9,40.935,712
2021-11-23,40.915,40.915,40.915,40.915,186
2021-11-23,40.845,40.875,40.845,40.875,601
2021-11-23,40.855,40.855,40.855,40.855,407
2021-11-23,40.905,40.905,40.905,40.905,1005
2021-11-23,40.94,40.94,40.94,40.94,110
2021-11-23,40.895,40.895,40.88,40.88,803
2021-11-23,40.83,40.83,40.83,40.83,100
2021-11-23,40.805,40.805,40.805,40.805,876
2021-11-23,40.9,40.9,40.9,40.9,115
2021-11-23,40.92,40.92,40.92,40.92,710
2021-11-23,40.925,40.98,40.925,40.98,400
2021-11-23,41.04,41.04,41.025,41.04,1491
2021-11-23,41.01,41.01,41.01,41.01,678
2021-11-23,41,41.09,41,41.09,305
2021-11-23,41.02,41.12,41.02,41.08,1608
2021-11-23,41.07,41.07,41.01,41.02,1095
2021-11-23,41.025,41.045,41.01,41.01,710
2021-11-23,41.08,41.09,41.055,41.065,1104
2021-11-23,41.085,41.085,41.03,41.03,1117
2021-11-23,41.12,41.13,41.11,41.13,851
2021-11-23,41.135,41.15,41.135,41.15,702
2021-11-23,41.15,41.15,41.15,41.15,605
2021-11-23,41.185,41.185,41.185,41.185,403
2021-11-23,41.175,41.19,41.15,41.17,1603
2021-11-23,41.19,41.19,41.17,41.17,704
2021-11-23,41.23,41.25,41.205,41.205,1401
2021-11-23,41.23,41.285,41.23,41.28,722
2021-11-23,41.275,41.355,41.275,41.29,1745
2021-11-23,41.32,41.35,41.32,41.35,383
2021-11-23,41.31,41.34,41.305,41.335,1306
2021-11-23,41.28,41.28,41.28,41.28,269
2021-11-23,41.26,41.3,41.26,41.3,978
2021-11-23,41.28,41.31,41.275,41.295,820
2021-11-23,41.285,41.285,41.285,41.285,102
2021-11-23,41.25,41.25,41.245,41.25,700
2021-11-23,41.24,41.24,41.24,41.24,160
2021-11-23,41.235,41.26,41.235,41.26,300
2021-11-23,41.305,41.32,41.305,41.32,300
2021-11-23,41.305,41.38,41.3,41.38,1219
2021-11-23,41.35,41.35,41.28,41.325,730
2021-11-23,41.365,41.385,41.325,41.345,942
2021-11-23,41.36,41.36,41.31,41.32,1857
2021-11-23,41.285,41.285,41.245,41.26,1838
2021-11-23,41.3,41.32,41.3,41.31,976
2021-11-23,41.325,41.35,41.315,41.35,1726
2021-11-23,41.35,41.37,41.33,41.37,602
2021-11-23,41.38,41.43,41.38,41.43,201
2021-11-23,41.425,41.47,41.425,41.47,1793
2021-11-23,41.4,41.41,41.345,41.345,1205
2021-11-23,41.385,41.385,41.335,41.335,300
2021-11-23,41.34,41.365,41.255,41.365,1987
2021-11-23,41.345,41.345,41.26,41.3,1118
2021-11-23,41.26,41.28,41.26,41.265,518
2021-11-23,41.275,41.275,41.255,41.27,659
2021-11-23,41.245,41.25,41.24,41.24,600
2021-11-23,41.2,41.22,41.2,41.22,1052
2021-11-23,41.22,41.26,41.22,41.26,203
2021-11-23,41.32,41.33,41.295,41.3,1264
2021-11-23,41.31,41.31,41.3,41.3,409
2021-11-23,41.31,41.31,41.28,41.28,305
2021-11-23,41.285,41.295,41.215,41.245,1616
2021-11-23,41.27,41.285,41.23,41.24,2300
2021-11-23,41.235,41.34,41.235,41.33,1280
2021-11-23,41.3,41.4,41.3,41.4,991
2021-11-23,41.405,41.405,41.385,41.385,672
2021-11-23,41.375,41.375,41.32,41.33,727
2021-11-23,41.335,41.335,41.32,41.32,200
2021-11-23,41.3,41.325,41.265,41.265,2125
2021-11-23,41.275,41.38,41.275,41.38,2513
2021-11-23,41.415,41.43,41.39,41.43,948
2021-11-23,41.415,41.51,41.415,41.51,1314
2021-11-23,41.5,41.525,41.5,41.51,842
2021-11-23,41.515,41.61,41.515,41.6,1510
2021-11-23,41.61,41.635,41.575,41.58,1429
2021-11-23,41.585,41.645,41.585,41.64,4377
2021-11-23,41.67,41.68,41.66,41.68,5909
2021-11-23,41.685,41.705,41.645,41.7,4519
2021-11-23,41.71,41.77,41.71,41.71,4420
2021-11-23,41.72,41.74,41.665,41.665,2022
2021-11-23,41.675,41.765,41.67,41.765,6438
2021-11-23,41.755,41.795,41.74,41.78,2373
2021-11-23,41.785,41.82,41.785,41.81,4600
2021-11-23,41.82,41.935,41.8,41.915,4966
2021-11-23,41.88,41.935,41.88,41.935,5936
2021-11-23,41.93,41.975,41.925,41.975,5161
2021-11-23,41.965,41.965,41.885,41.935,3862
2021-11-23,41.935,41.975,41.935,41.965,5997
2021-11-23,41.965,42.04,41.905,42.04,8847
2021-11-23,42.05,42.05,41.98,42.01,5023
2021-11-23,41.585,41.665,41.58,41.6357,628.0
