Date,Open,High,Low,Close,Volume
2021-11-19,327.96,328.49,327.92,328.395,2161
2021-11-19,328.52,328.7,328.45,328.7,2363
2021-11-19,328.665,328.76,328.04,328.255,3088
2021-11-19,328.32,328.5,328.32,328.5,1673
2021-11-19,328.38,328.43,328.05,328.42,3418
2021-11-19,328.33,328.67,328.29,328.67,1486
2021-11-19,328.945,329,328.02,328.02,8532
2021-11-19,328.08,328.3,327.99,328.3,1170
2021-11-19,328.25,328.615,328.16,328.45,1608
2021-11-19,328.21,328.34,327.33,327.33,1267
2021-11-19,327.7,327.755,327.7,327.755,685
2021-11-19,327.86,328.11,327.86,328.11,4381
2021-11-19,328.1,328.72,327.86,328.455,9539
2021-11-19,328.48,328.63,328.48,328.59,1463
2021-11-19,328.57,328.63,328.57,328.59,864
2021-11-19,328.67,328.67,328.63,328.63,422
2021-11-19,328.59,328.59,328.5,328.5,365
2021-11-19,328.47,328.57,328.47,328.53,871
2021-11-19,328.58,328.58,328.27,328.27,995
2021-11-19,328,328.13,327.99,328.13,573
2021-11-19,328.1,328.57,327.94,328.55,1375
2021-11-19,328.43,328.5,328.31,328.31,710
2021-11-19,328.92,329.32,328.92,329.31,1633
2021-11-19,329.3,329.3,328.65,328.75,820
2021-11-19,328.75,328.89,328.75,328.885,470
2021-11-19,329,329.28,329,329.16,1070
2021-11-19,329.14,329.29,329.14,329.155,893
2021-11-19,329.2,329.2,328.75,329,1341
2021-11-19,329.29,329.58,329.22,329.47,1780
2021-11-19,329.495,329.76,329.495,329.52,6716
2021-11-19,329.49,329.5,329.49,329.5,291
2021-11-19,329.8,329.8,329.45,329.45,940
2021-11-19,329.65,329.82,329.65,329.79,1596
2021-11-19,329.89,329.89,329.71,329.71,1143
2021-11-19,329.81,329.815,329.63,329.63,621
2021-11-19,329.53,329.56,329.52,329.56,331
2021-11-19,329.5,329.6,329.5,329.59,779
2021-11-19,329.7,329.7,329.7,329.7,309
2021-11-19,329.54,330,329.54,329.86,1433
2021-11-19,329.86,329.99,329.49,329.99,1305
2021-11-19,329.83,329.9,329.5,329.5,790
2021-11-19,329.71,329.94,329.27,329.285,2113
2021-11-19,329.1,329.12,329.1,329.1,1089
2021-11-19,329.22,329.4,329.08,329.4,1170
2021-11-19,329.25,329.26,329.21,329.21,1037
2021-11-19,329.45,329.52,329.41,329.41,1047
2021-11-19,329.325,329.44,329.325,329.44,1193
2021-11-19,329.53,329.53,329.53,329.53,417
2021-11-19,329.46,329.46,329.17,329.25,494
2021-11-19,329.01,329.06,329.01,329.05,838
2021-11-19,328.87,328.92,328.66,328.84,1137
2021-11-19,328.8,328.8,328.8,328.8,437
2021-11-19,328.78,328.78,328.21,328.21,1529
2021-11-19,328.17,328.47,328.17,328.455,1424
2021-11-19,328.63,328.7,328.51,328.51,742
2021-11-19,328.38,328.39,328.38,328.39,503
2021-11-19,328.44,328.47,328.35,328.37,1385
2021-11-19,328.34,328.34,328.34,328.34,395
2021-11-19,328.74,328.81,328.72,328.72,1458
2021-11-19,328.39,328.61,328.3,328.61,1008
2021-11-19,328.58,328.735,328.58,328.6,962
2021-11-19,328.66,328.66,328.66,328.66,414
2021-11-19,328.935,328.935,328.935,328.935,592
2021-11-19,329.15,329.455,329.15,329.38,1158
2021-11-19,329.27,329.38,329.27,329.31,1077
2021-11-19,329.32,329.32,329.23,329.23,464
2021-11-19,329.31,329.31,329.23,329.23,363
2021-11-19,329.435,329.45,329.435,329.45,418
2021-11-19,329.21,329.39,329.21,329.39,302
2021-11-19,329.38,329.47,329.38,329.47,440
2021-11-19,329.65,329.65,329.61,329.61,361
2021-11-19,329.26,329.26,329.26,329.26,461
2021-11-19,329.3,329.44,329.3,329.44,848
2021-11-19,329.43,329.43,328.45,328.45,1405
2021-11-19,328.45,328.45,327.9,327.9,2372
2021-11-19,327.73,327.89,327.71,327.89,1027
2021-11-19,327.94,328.2,327.815,328.2,1250
2021-11-19,328.31,328.31,328.1,328.1,1131
2021-11-19,327.995,327.995,327.995,327.995,770
2021-11-19,328.09,328.09,327.855,327.855,349
2021-11-19,327.68,327.68,327.68,327.68,143
2021-11-19,327.815,327.99,327.815,327.99,663
2021-11-19,327.76,327.76,327.51,327.575,1421
2021-11-19,327.84,327.84,327.65,327.66,941
2021-11-19,327.54,327.54,327.44,327.44,896
2021-11-19,327.47,327.53,326.96,326.96,3116
2021-11-19,327.06,327.06,327.06,327.06,535
2021-11-19,327.21,327.27,327.21,327.27,532
2021-11-19,327.2,327.42,327.2,327.39,731
2021-11-19,327.03,327.03,327.03,327.03,318
2021-11-19,327.05,327.05,326.86,326.86,930
2021-11-19,327.23,327.23,326.99,326.99,434
2021-11-19,326.37,326.45,326.215,326.215,3904
2021-11-19,326.35,326.43,326.34,326.34,1237
2021-11-19,326.48,326.48,326.32,326.32,641
2021-11-19,326.14,326.55,326.14,326.55,1083
2021-11-19,326.34,326.34,325.94,326.25,1442
2021-11-19,326.13,326.36,326.13,326.34,572
2021-11-19,326.38,326.85,326.38,326.85,895
2021-11-19,326.93,327.32,326.93,327.14,1325
2021-11-19,327.095,327.26,327.095,327.26,1052
2021-11-19,327.27,327.36,327,327.17,859
2021-11-19,327.11,327.12,326.97,326.97,694
2021-11-19,327.25,327.3,327.07,327.07,1334
2021-11-19,326.98,327.52,326.98,327.52,1271
2021-11-19,327.42,327.95,327.42,327.95,2271
2021-11-19,327.92,328.87,327.84,328.385,4237
2021-11-19,328.39,328.39,328.19,328.19,418
2021-11-19,328.19,328.59,328.19,328.54,3376
2021-11-19,328.6,328.81,328.6,328.8,2068
2021-11-19,328.76,329.01,328.745,329.01,3754
2021-11-19,329.065,329.47,328.47,328.47,3215
2021-11-19,328.79,328.79,328.655,328.655,312
2021-11-19,328.82,328.95,328.82,328.95,562
2021-11-19,329.1,329.12,328.97,328.97,755
2021-11-19,328.89,328.89,328.57,328.57,593
2021-11-19,328.54,328.54,328.36,328.45,1551
2021-11-19,328.43,329.12,328.4,329.06,1509
2021-11-19,329.045,329.045,329.015,329.015,351
2021-11-19,328.88,328.88,328.52,328.52,1529
2021-11-19,328.655,328.84,328.55,328.81,883
2021-11-19,329.19,329.19,329.19,329.19,477
2021-11-19,329.15,329.15,328.89,328.89,822
2021-11-19,328.45,328.65,328.45,328.65,719
2021-11-19,328.7,328.7,328.33,328.47,1018
2021-11-19,328.475,328.6,328.47,328.6,1555
2021-11-19,328.535,328.545,328.43,328.44,898
2021-11-19,328.38,328.59,328.38,328.59,643
2021-11-19,328.41,328.495,328.1,328.31,1367
2021-11-19,328.41,328.49,328.39,328.49,825
2021-11-19,328.21,328.5,328.21,328.41,1702
2021-11-19,328.475,328.475,328.475,328.475,150
2021-11-19,328.415,328.45,328.4,328.45,900
2021-11-19,328.69,328.795,328.69,328.795,965
2021-11-19,328.81,328.81,328.54,328.54,1058
2021-11-19,328.65,328.65,328.5,328.5,452
2021-11-19,328.55,328.81,328.49,328.81,1603
2021-11-19,328.77,328.83,328.68,328.82,817
2021-11-19,328.81,328.93,328.73,328.93,1847
2021-11-19,329.15,329.51,329.15,329.34,1236
2021-11-19,329.49,329.49,329.36,329.36,793
2021-11-19,329.48,329.48,329.2,329.2,802
2021-11-19,329.03,329.03,328.58,328.625,1080
2021-11-19,328.69,328.69,328.41,328.42,1068
2021-11-19,328.44,328.58,328.44,328.5,1128
2021-11-19,328.54,329.24,328.53,329.18,1381
2021-11-19,329.07,329.07,328.94,329.03,1048
2021-11-19,328.58,328.66,328.51,328.6,1153
2021-11-19,328.47,328.7,328.47,328.7,1793
2021-11-19,328.49,328.64,328.01,328.64,2457
2021-11-19,328.79,328.79,328.605,328.71,1170
2021-11-19,328.92,328.96,328.92,328.945,1390
2021-11-19,328.5,328.59,328.46,328.46,497
2021-11-19,328.34,328.58,328.34,328.58,929
2021-11-19,328.605,328.86,328.605,328.86,751
2021-11-19,328.95,328.98,328.95,328.98,586
2021-11-19,329.26,329.26,328.795,328.795,813
2021-11-19,328.9,329.37,328.89,329.3,1109
2021-11-19,329.22,329.33,329.205,329.26,922
2021-11-19,329.36,329.47,329.33,329.35,900
2021-11-19,329.18,329.18,328.99,329.13,675
2021-11-19,329.18,329.18,329.17,329.17,394
2021-11-19,329.28,329.28,329.28,329.28,376
2021-11-19,329.31,329.31,329.15,329.15,306
2021-11-19,329.31,329.5,329.31,329.48,948
2021-11-19,329.43,329.43,329.36,329.36,478
2021-11-19,329.37,329.37,329.35,329.35,444
2021-11-19,329.6,329.82,329.17,329.17,1697
2021-11-19,328.91,328.91,328.91,328.91,717
2021-11-19,328.81,328.94,328.5,328.89,1284
2021-11-19,328.5,328.55,328.5,328.51,878
2021-11-19,328.555,328.58,328.55,328.58,617
2021-11-19,328.82,328.82,328.82,328.82,454
2021-11-19,328.78,328.78,328.49,328.555,909
2021-11-19,328.83,328.88,328.83,328.88,498
2021-11-19,328.78,328.78,328.755,328.76,595
2021-11-19,328.5,328.69,328.5,328.69,2020
2021-11-19,328.45,328.78,328.45,328.73,1696
2021-11-19,329.09,329.09,328.87,328.87,783
2021-11-19,329.08,329.08,328.94,328.945,697
2021-11-19,328.99,329.375,328.99,329.28,2048
2021-11-19,329.29,329.46,329.29,329.44,1603
2021-11-19,329.52,329.52,329.09,329.4,1225
2021-11-19,329.4,329.8,329.38,329.8,1432
2021-11-19,329.86,329.99,329.8,329.96,2918
2021-11-19,329.99,330,329.775,329.91,3386
2021-11-19,329.68,329.69,329.46,329.6,3056
2021-11-19,329.58,329.76,329.49,329.65,882
2021-11-19,329.75,329.75,329.41,329.595,1373
2021-11-19,329.22,329.22,329.025,329.06,1301
2021-11-19,328.99,329.05,328.94,329.05,876
2021-11-19,329.07,329.23,329.07,329.23,868
2021-11-19,329.38,329.42,329.33,329.35,1364
2021-11-19,329.4,329.92,329.37,329.84,5066
2021-11-19,329.86,330.29,329.71,330.26,2806
2021-11-19,330.23,330.71,330.1,330.58,4644
2021-11-19,330.35,330.58,330.35,330.47,1706
2021-11-19,330.685,330.69,330.13,330.62,1492
2021-11-19,330.64,330.75,330.51,330.6,2653
2021-11-19,330.62,330.755,330.41,330.51,1594
2021-11-19,330.45,330.45,329.9,329.9,1894
2021-11-19,329.79,329.88,329.51,329.84,2559
2021-11-19,330.21,330.21,329.98,329.985,1646
2021-11-19,329.76,329.76,329.52,329.71,2040
2021-11-19,329.66,329.66,329.46,329.59,1912
2021-11-19,329.545,329.68,329.46,329.68,816
2021-11-19,329.66,329.7,329.6,329.7,671
2021-11-19,329.67,329.75,329.38,329.56,1887
2021-11-19,329.6,329.6,329.15,329.29,2163
2021-11-19,329.39,329.47,329.19,329.19,1907
2021-11-19,329.35,329.35,328.63,328.82,1925
2021-11-19,328.935,329.03,328.865,329.03,1594
2021-11-19,329.09,329.09,328.925,328.93,746
2021-11-19,328.9,328.96,328.9,328.91,1256
2021-11-19,329.17,329.23,329.03,329.03,1257
2021-11-19,329.06,329.36,328.795,329.21,2661
2021-11-19,329.2,329.48,329.2,329.41,3261
2021-11-19,329.405,329.405,328.95,329.145,2134
2021-11-19,329.405,329.48,329.02,329.17,1845
2021-11-19,329.35,329.63,329.35,329.48,1362
2021-11-19,329.43,329.6,329.43,329.5,2242
2021-11-19,329.525,329.58,329.44,329.51,3657
2021-11-19,329.56,329.91,329.54,329.91,3579
2021-11-19,329.7,329.8,329.38,329.4,2663
2021-11-19,329.4,329.545,329.38,329.45,2836
2021-11-19,329.47,329.54,328.775,328.9,9470
2021-11-19,328.79,329.175,328.79,329.15,2890
2021-11-19,329.27,329.43,329.15,329.31,4685
2021-11-19,329.36,329.48,329.29,329.41,6342
2021-11-19,329.41,329.41,329.23,329.3,4844
2021-11-19,329.31,329.96,329.27,329.96,5526
2021-11-19,329.89,330.07,329.82,330.03,11532
2021-11-22,335.29,335.88,333.59,334.62,18647
2021-11-22,334.08,338.3,334.08,338.06,7842
2021-11-22,338.15,339.06,337.87,337.87,13152
2021-11-22,337.47,339.04,336.98,338.81,8046
2021-11-22,338.895,339.6,338.69,338.95,11105
2021-11-22,338.87,339.49,337.33,338.18,13699
2021-11-22,338.45,338.95,337.66,338.7,7297
2021-11-22,338.12,338.81,337.5,338.265,7129
2021-11-22,338.31,339.73,338.29,339.185,12085
2021-11-22,339.77,341.19,339.77,341.135,6397
2021-11-22,341.48,341.49,340.44,341.035,10332
2021-11-22,341.015,341.16,340.33,340.62,8499
2021-11-22,340.65,341.65,340.65,341.27,6073
2021-11-22,341.02,341.34,340.91,341.16,4764
2021-11-22,341.51,341.58,341.13,341.38,1808
2021-11-22,341.605,342.12,341.605,342.05,2026
2021-11-22,342.32,342.99,341.92,342.91,4100
2021-11-22,342.87,343.88,342.87,343.83,4468
2021-11-22,343.85,344.53,342.76,343.82,5180
2021-11-22,343.82,345,343.75,344.85,9262
2021-11-22,344.935,345.46,343.94,343.94,5094
2021-11-22,344.13,345.06,344.13,344.69,2911
2021-11-22,344.93,344.96,343.58,343.62,3529
2021-11-22,343.81,343.81,343.26,343.26,2083
2021-11-22,344.26,344.4,343.6,344.3,1890
2021-11-22,344.48,345.26,343.84,344.07,2870
2021-11-22,344.075,344.31,343.245,343.26,7339
2021-11-22,343.25,343.275,342.65,342.96,6713
2021-11-22,342.925,343.05,341.72,341.795,7757
2021-11-22,341.695,341.995,341.15,341.15,10109
2021-11-22,341.42,342.61,341.42,342.32,12939
2021-11-22,342.33,342.84,342.16,342.3,12397
2021-11-22,342.34,342.83,342.195,342.445,4990
2021-11-22,342.375,342.42,341.71,341.86,3809
2021-11-22,341.815,341.95,340.645,340.84,7168
2021-11-22,340.87,341.34,340.58,341.34,9314
2021-11-22,341.63,341.83,341.29,341.675,5395
2021-11-22,341.765,341.995,341.64,341.955,9333
2021-11-22,341.76,341.86,341.37,341.37,1939
2021-11-22,341.58,341.92,341.33,341.33,5813
2021-11-22,341.7,342.42,341.7,342.28,1814
2021-11-22,342.19,342.32,342.13,342.32,1892
2021-11-22,341.81,341.99,341.62,341.92,3090
2021-11-22,341.87,342.26,341.87,342.04,1411
2021-11-22,342.17,342.17,341.97,342.04,2037
2021-11-22,342.5,342.54,342.36,342.385,5650
2021-11-22,342.52,342.57,342.27,342.39,2210
2021-11-22,342.385,342.385,341.84,342.21,3243
2021-11-22,342.25,342.25,341.71,341.99,4230
2021-11-22,341.9,341.91,341.06,341.2,3715
2021-11-22,341.13,341.52,340.81,340.81,2736
2021-11-22,340.94,341.14,340.94,341.1,2979
2021-11-22,341.71,342.29,341.45,342.29,3309
2021-11-22,342.47,342.8,342.47,342.74,4194
2021-11-22,342.68,343.12,342.67,342.73,4058
2021-11-22,342.49,342.49,341.92,342.18,1848
2021-11-22,342.01,342.01,341.34,341.5,1921
2021-11-22,341.94,341.99,341.57,341.57,1641
2021-11-22,341.46,342.1,341.46,342.05,1575
2021-11-22,342,342,341.77,341.77,1405
2021-11-22,342.65,342.855,342.25,342.37,2667
2021-11-22,342.88,342.97,342.62,342.81,8888
2021-11-22,342.73,342.99,342.63,342.96,4169
2021-11-22,342.95,343.37,342.95,343.34,2001
2021-11-22,343.38,343.38,342.93,343.16,1725
2021-11-22,343.28,343.36,343.255,343.29,807
2021-11-22,343.16,343.19,342.815,342.985,2091
2021-11-22,343.33,343.35,343.19,343.35,1780
2021-11-22,343.42,344.14,343.42,344.08,1287
2021-11-22,344.31,344.46,343.92,344.1,2350
2021-11-22,343.56,343.88,343.56,343.88,850
2021-11-22,344.05,344.05,343.61,343.61,1381
2021-11-22,343.83,344.02,343.79,344.02,931
2021-11-22,344.01,344.04,343.67,344.04,2510
2021-11-22,344.07,344.31,343.995,344.17,2362
2021-11-22,344.37,344.37,344.08,344.26,4038
2021-11-22,344.83,345.24,344.83,345.175,5608
2021-11-22,345.245,346.01,345.245,345.95,7487
2021-11-22,345.815,345.935,345.075,345.11,4661
2021-11-22,345.36,345.36,343.925,343.925,3543
2021-11-22,343.95,345.19,343.84,345.03,3701
2021-11-22,344.69,345.38,344.69,345.09,3088
2021-11-22,345.52,345.91,345.37,345.835,4342
2021-11-22,345.43,345.43,345.01,345.01,1782
2021-11-22,345.5,345.505,345.04,345.505,2586
2021-11-22,345.45,345.485,345.25,345.25,2644
2021-11-22,345.27,345.27,344.365,344.51,5301
2021-11-22,344.32,344.49,343.99,343.99,2446
2021-11-22,343.36,343.52,342.935,343.27,2738
2021-11-22,342.97,342.97,342.76,342.77,1854
2021-11-22,343.115,343.43,343.115,343.39,2552
2021-11-22,343.565,343.585,343.09,343.36,2198
2021-11-22,343.39,343.39,342.135,342.155,4914
2021-11-22,342.03,342.03,341.01,341.34,8334
2021-11-22,341.255,341.255,340.8,341.07,6280
2021-11-22,340.9,340.9,339.785,339.87,7374
2021-11-22,340.515,340.555,339.86,340.095,5918
2021-11-22,340.2,340.2,339.46,339.655,6387
2021-11-22,339.375,339.93,339.375,339.785,12731
2021-11-22,339.76,340.525,339.75,340.325,9599
2021-11-22,340.34,340.57,340.31,340.47,2420
2021-11-22,340.28,340.41,340.1,340.11,3792
2021-11-22,339.125,339.94,339.125,339.77,4286
2021-11-22,339.85,339.865,338.955,339.045,5876
2021-11-22,339.16,339.78,338.65,338.79,7931
2021-11-22,338.81,339.68,338.81,339.11,4088
2021-11-22,339.42,339.49,338.725,338.845,8126
2021-11-22,338.44,338.74,337.91,338.15,12292
2021-11-22,338.09,338.09,337.65,337.75,4644
2021-11-22,337.57,337.57,336.9,336.99,7595
2021-11-22,337.16,337.69,336.925,337.69,3749
2021-11-22,337.73,338.58,337.73,338.47,2683
2021-11-22,338.51,338.51,337.71,337.765,2239
2021-11-22,337.96,338.42,337.96,338.17,3799
2021-11-22,338.015,338.03,336.93,336.93,4808
2021-11-22,337,337,335.18,335.18,3411
2021-11-22,335.13,335.46,334.665,334.705,8486
2021-11-22,334.67,334.7,333.35,333.35,6703
2021-11-22,332.86,333.1,331.07,331.07,8055
2021-11-22,331.07,332.7,330.42,331.84,10382
2021-11-22,331.77,331.77,330.05,330.1,6621
2021-11-22,330.085,330.74,329.12,329.58,14273
2021-11-22,329.785,332.73,329.48,332.51,5062
2021-11-22,332.87,333.98,332.34,333.97,4964
2021-11-22,333.17,333.17,332.51,332.55,3591
2021-11-22,333.26,333.28,332.69,333.15,2601
2021-11-22,333.05,333.54,332.91,333.245,2425
2021-11-22,333.18,333.37,332,332,4327
2021-11-22,332.08,332.13,331.01,332.06,3124
2021-11-22,331.89,332.93,331.695,332.74,2060
2021-11-22,332.55,333.7,332.41,333.7,2670
2021-11-22,333.63,333.63,331.405,331.48,5565
2021-11-22,331.64,331.64,329.19,329.19,5665
2021-11-22,329.02,330.29,329.01,329.12,6052
2021-11-22,329.2,329.2,326.02,326.02,9662
2021-11-22,325.54,328.03,324.26,327.44,12872
2021-11-22,327.405,329.13,327.005,328.89,7005
2021-11-22,328.465,328.465,326.065,326.14,6366
2021-11-22,325.69,326.65,325.31,325.87,4952
2021-11-22,326.4,327.12,326.4,326.87,3125
2021-11-22,327.28,328.26,327.095,327.15,1269
2021-11-22,326.515,327.36,326.12,327.075,3277
2021-11-22,327.28,328.74,327.28,328.74,4027
2021-11-22,328.27,328.69,328.01,328.69,2712
2021-11-22,327.665,328.095,326.91,327.75,2253
2021-11-22,327.93,328.085,327.4,327.9,3960
2021-11-22,328.03,328.065,326.7,326.7,3634
2021-11-22,326.5,326.5,325.07,325.37,6003
2021-11-22,324.56,324.56,323.16,324.36,11717
2021-11-22,324.6,326.17,324.495,326.17,8319
2021-11-22,325.975,326.74,325.75,325.75,7029
2021-11-22,325.52,326.3,325.46,325.47,5258
2021-11-22,325.65,325.65,323.77,323.77,3988
2021-11-22,323.785,323.945,321.54,323.06,12246
2021-11-22,322.75,323.5,322.2,323.18,11244
2021-11-22,323.06,323.73,321.96,323.38,17777
2021-11-22,322.95,324.97,322.68,324.695,4901
2021-11-22,325.25,325.99,324.69,325.99,2816
2021-11-22,326.235,326.71,326.15,326.41,3890
2021-11-22,326.55,326.9,325.17,325.465,2885
2021-11-22,325.48,325.81,324.98,325.66,4167
2021-11-22,325.09,325.64,325.05,325.41,4347
2021-11-22,325.465,326.19,324.73,326.19,5529
2021-11-22,326.3,326.45,325.71,326.45,2703
2021-11-22,326.77,326.92,326.59,326.92,1186
2021-11-22,326.905,328.055,326.905,328.055,3181
2021-11-22,328.05,328.05,327.11,327.665,3945
2021-11-22,327.76,327.78,327.115,327.34,8880
2021-11-22,327.34,327.39,326.91,327.14,5419
2021-11-22,327.34,327.5,327.34,327.5,1138
2021-11-22,328.47,328.47,327.12,327.39,3604
2021-11-22,327.11,327.15,326.41,326.75,4325
2021-11-22,326.485,326.71,325.63,326.51,4428
2021-11-22,326.7,327.24,326.7,327.23,2909
2021-11-22,327.28,327.28,326.64,326.64,677
2021-11-22,326.72,327.45,326.54,327.45,1614
2021-11-22,327.35,327.35,326.945,326.945,651
2021-11-22,326.88,327.98,326.37,327.94,2250
2021-11-22,327.55,328.37,327.55,328.14,1686
2021-11-22,327.82,328.335,327.81,328.335,618
2021-11-22,328.295,329.67,328.295,329.64,4170
2021-11-22,329.25,329.64,329.02,329.62,2092
2021-11-22,329.87,330.68,329.73,330.56,2524
2021-11-22,330.46,330.61,330.23,330.46,2486
2021-11-22,330.21,330.52,329.965,330.15,1832
2021-11-22,329.68,329.68,329.68,329.68,795
2021-11-22,330.58,330.58,329.17,329.17,1422
2021-11-22,329,329.43,329,329.3,4283
2021-11-22,329.1,329.305,329.1,329.305,1020
2021-11-22,329.03,329.375,329.03,329.17,3571
2021-11-22,329.13,330.42,329.13,330.17,6618
2021-11-22,330.11,330.47,330.11,330.455,2869
2021-11-22,330.155,330.185,329.75,329.75,2051
2021-11-22,329.51,329.51,328.49,328.93,1491
2021-11-22,329.13,329.595,328.93,329.18,2230
2021-11-22,328.92,329.02,328.89,329.02,824
2021-11-22,329.61,329.805,329.61,329.805,2420
2021-11-22,329.85,330.08,329.85,330.08,707
2021-11-22,329.495,329.495,329.26,329.42,4976
2021-11-22,329.39,329.5,329.39,329.5,249
2021-11-22,329.74,329.74,329.74,329.74,328
2021-11-22,328.71,328.71,328.245,328.33,1516
2021-11-22,329,329,328.74,328.74,598
2021-11-22,327.82,328.88,327.82,328.87,1576
2021-11-22,328.14,328.2,327.99,327.99,1063
2021-11-22,327.47,327.47,327.47,327.47,685
2021-11-22,327.57,327.57,327.57,327.57,457
2021-11-22,328,328.43,327.98,328.43,1114
2021-11-22,327.84,327.84,327.84,327.84,236
2021-11-22,327.365,327.365,327.09,327.09,615
2021-11-22,327.06,327.37,327.06,327.25,2855
2021-11-22,326.98,326.99,326.91,326.91,643
2021-11-22,326.81,326.85,326.71,326.85,937
2021-11-22,326.82,326.82,326.365,326.365,1211
2021-11-22,326.65,326.74,326.45,326.45,817
2021-11-22,326.485,326.87,326.485,326.87,634
2021-11-22,326.72,326.72,326.17,326.17,599
2021-11-22,326.255,326.49,326.11,326.11,743
2021-11-22,326.025,326.025,325.92,325.92,922
2021-11-22,326.14,326.68,326.135,326.68,1525
2021-11-22,327.1,327.12,327.1,327.12,777
2021-11-22,327.14,327.28,327.14,327.28,528
2021-11-22,327.56,327.86,327.56,327.69,534
2021-11-22,328,328,328,328,320
2021-11-22,328.22,328.7,328.22,328.63,1047
2021-11-22,328.73,328.975,328.73,328.77,618
2021-11-22,329.145,329.145,329.145,329.145,246
2021-11-22,329.08,329.555,329.075,329.29,1411
2021-11-22,329.28,329.63,329.28,329.58,4317
2021-11-22,329.555,330.125,329.45,329.89,3143
2021-11-22,329.88,329.88,329.69,329.69,1340
2021-11-22,329.705,329.98,329.65,329.77,2145
2021-11-22,329.76,329.76,329.61,329.64,633
2021-11-22,329.04,329.11,329.04,329.08,1567
2021-11-22,329.75,329.98,329.75,329.98,920
2021-11-22,329.42,329.42,328.71,328.93,2047
2021-11-22,328.93,329.04,328.93,329.04,701
2021-11-22,329.055,329.245,329.055,329.23,2720
2021-11-22,329.3,329.3,329.075,329.21,2830
2021-11-22,329.26,329.26,329.01,329.01,991
2021-11-22,328.76,329.87,328.76,329.85,1075
2021-11-22,329.75,330,329.75,330,1417
2021-11-22,329.96,330.22,329.87,330.22,984
2021-11-22,329.73,329.83,329.73,329.83,320
2021-11-22,330.03,330.03,330,330,1033
2021-11-22,329.64,329.64,329.54,329.54,445
2021-11-22,329.005,329.005,329.005,329.005,101
2021-11-22,328.42,328.67,327.695,327.75,1569
2021-11-22,327.69,327.69,326.66,327.01,1879
2021-11-22,327.33,327.33,326.98,327.055,1280
2021-11-22,327.39,328,327.14,328,1825
2021-11-22,327.63,327.63,327.63,327.63,478
2021-11-22,327.355,327.41,327.31,327.41,805
2021-11-22,327.28,327.335,327.245,327.335,676
2021-11-22,327.23,327.48,327.23,327.36,836
2021-11-22,327.05,327.43,327.02,327.43,1952
2021-11-22,327.05,327.18,326.42,326.42,1942
2021-11-22,326.49,327.015,326.49,327.015,2974
2021-11-22,326.775,326.775,326.715,326.715,787
2021-11-22,326.365,326.73,326.31,326.5,5656
2021-11-22,326.4,326.43,326.26,326.28,2538
2021-11-22,326.34,326.65,326.325,326.42,3420
2021-11-22,326.575,326.72,326.455,326.72,3723
2021-11-22,326.22,326.26,325.96,326.06,4646
2021-11-22,326.06,326.19,325.89,326.005,3948
2021-11-22,326.055,326.055,325.85,325.92,869
2021-11-22,325.99,326.03,325.94,325.94,599
2021-11-22,326.16,326.33,326.02,326.14,1880
2021-11-22,326.625,327.235,326.62,327.235,1913
2021-11-22,327.01,327.11,327.01,327.065,1816
2021-11-22,327.015,327.44,326.78,327.44,6746
2021-11-22,327.05,327.16,326.97,327.07,2437
2021-11-22,326.93,326.93,326.59,326.595,641
2021-11-22,326.62,326.635,326.54,326.57,4389
2021-11-22,326.54,326.54,326.04,326.04,1408
2021-11-22,325.92,326,325.67,325.67,657
2021-11-22,325.62,326.07,325.51,326.07,1774
2021-11-22,326,326.18,325.88,326.18,1508
2021-11-22,326.4,326.43,326.4,326.43,367
2021-11-22,326.39,326.92,326.38,326.78,2115
2021-11-22,326.83,326.83,326.82,326.82,445
2021-11-22,326.84,326.84,326.84,326.84,222
2021-11-22,326.55,326.55,326.55,326.55,252
2021-11-22,326.47,326.57,326.47,326.57,1180
2021-11-22,326.44,326.47,326.36,326.39,3207
2021-11-22,326.65,327.45,326.65,327.45,812
2021-11-22,327.41,327.49,327.41,327.49,369
2021-11-22,327.59,327.81,327.46,327.46,512
2021-11-22,327.33,327.33,326.78,326.91,1508
2021-11-22,326.85,327.05,326.215,326.215,832
2021-11-22,326.405,326.405,325.98,325.98,553
2021-11-22,326.08,326.08,326.08,326.08,401
2021-11-22,326.115,326.18,326,326.18,1837
2021-11-22,326.14,326.33,326.14,326.33,612
2021-11-22,326.71,327.23,326.71,327.23,718
2021-11-22,327.09,327.48,327.09,327.27,1507
2021-11-22,327.495,327.495,327.495,327.495,300
2021-11-22,327.03,327.06,326.42,326.42,1750
2021-11-22,326.37,326.595,326.34,326.45,1721
2021-11-22,326.565,326.85,326.44,326.55,3746
2021-11-22,326.475,326.475,326.03,326.22,2700
2021-11-22,326.16,326.29,326.14,326.235,5409
2021-11-22,326.255,326.565,326.185,326.565,4643
2021-11-22,326.41,326.73,326.38,326.38,8238
2021-11-22,326.37,326.93,326.36,326.91,8562
2021-11-22,326.89,326.985,326.77,326.9,6049
2021-11-22,326.93,326.93,326.49,326.52,3339
2021-11-22,326.335,326.4,326.04,326.16,4021
2021-11-22,326.225,326.225,325.71,325.71,2348
2021-11-22,325.61,325.74,325.61,325.64,509
2021-11-22,325.9,326.43,325.9,326.43,2777
2021-11-22,326.725,326.84,326.485,326.525,8505
2021-11-22,326.735,326.735,326.15,326.28,4907
2021-11-22,326.28,326.34,326.205,326.31,4828
2021-11-22,326.32,326.33,326.19,326.33,5865
2021-11-22,326.305,326.62,326.11,326.24,8884
2021-11-22,326.29,326.48,326.2,326.205,5254
2021-11-22,326.25,326.25,325.67,325.75,1656
2021-11-22,325,325.39,325,325.26,1499
2021-11-22,325.375,325.42,324.58,324.58,2496
2021-11-22,324.81,325.23,324.81,325.155,1630
2021-11-22,325.37,325.41,325.085,325.15,3176
2021-11-22,325.24,325.25,324.585,324.91,2322
2021-11-22,324.87,324.92,324.28,324.39,4923
2021-11-22,324.22,324.575,324.22,324.575,1281
2021-11-22,324.59,325.8,324.5,325.62,2769
2021-11-22,325.65,327.97,325.65,327.75,3490
2021-11-22,327.54,327.89,327.255,327.7,3120
2021-11-22,327.62,327.69,327,327.22,4010
2021-11-22,327.18,327.44,327.17,327.17,1795
2021-11-22,327.115,327.94,327.115,327.8,2204
2021-11-22,327.84,328.18,327.5,328.16,3218
2021-11-22,328.16,328.25,328,328.08,2669
2021-11-22,328.32,328.32,327.105,327.345,2189
2021-11-22,327.4,327.66,327.35,327.47,3977
2021-11-22,327.67,327.67,327.43,327.48,1472
2021-11-22,327.49,327.5,327.33,327.38,1295
2021-11-22,327.35,327.35,326.605,326.64,1363
2021-11-22,326.42,326.87,326.42,326.8,1290
2021-11-22,327.01,327.01,326.6,326.75,787
2021-11-22,326.74,326.87,326.5,326.605,965
2021-11-22,326.57,326.58,326.115,326.115,994
2021-11-22,326.115,326.37,325.81,325.91,3113
2021-11-22,325.91,326.17,325.76,325.805,1754
2021-11-22,325.85,326.07,325.85,326.04,1293
2021-11-22,325.95,325.96,325.63,325.735,1196
2021-11-22,325.96,326.02,325.96,326.02,711
2021-11-22,326.1,326.1,325.92,325.92,915
2021-11-22,325.865,325.865,325.61,325.795,1048
2021-11-22,325.345,325.355,325.345,325.355,648
2021-11-22,325.33,325.33,325,325.04,2091
2021-11-22,324.965,324.965,324.74,324.805,1626
2021-11-22,324.925,324.95,324.805,324.85,2200
2021-11-22,324.86,324.995,324.51,324.57,3603
2021-11-22,324.57,325.24,324.57,324.995,3155
2021-11-22,324.98,325.82,324.98,325.56,2581
2021-11-22,325.385,325.385,325.05,325.1,1685
2021-11-22,324.885,325.06,324.885,325.02,1252
2021-11-22,325.045,325.61,325.045,325.36,1957
2021-11-22,325.09,325.09,324.61,324.61,2076
2021-11-22,324.355,324.74,324.355,324.49,1542
2021-11-22,324.345,324.345,324.11,324.235,1787
2021-11-22,324.27,324.33,324.05,324.05,2581
2021-11-22,324.135,324.135,323.795,323.96,1712
2021-11-22,324.255,324.255,323.92,323.92,528
2021-11-22,323.7,323.975,323.55,323.55,5259
2021-11-22,323.45,323.93,323.04,323.88,3987
2021-11-22,323.64,323.64,323.1,323.145,1686
2021-11-22,323.225,323.31,323.11,323.3,2405
2021-11-22,323.25,323.77,323.025,323.77,3342
2021-11-22,323.8,324.1,323.7,324.06,2005
2021-11-22,323.94,324,322.78,323.09,3565
2021-11-22,322.745,323,322.535,322.885,3685
2021-11-22,322.55,322.55,321.38,321.49,3413
2021-11-22,321.49,321.52,321.13,321.32,3588
2021-11-22,321.25,321.25,320.63,320.855,6547
2021-11-22,320.755,320.83,320.02,320.2,7304
2021-11-22,320.25,320.31,319.75,319.75,4216
2021-11-22,319.75,321.11,319.75,321.03,7159
2021-11-22,320.84,320.84,320.28,320.52,6513
2021-11-22,320.46,320.69,320.29,320.69,8010
2021-11-22,320.56,321.04,320.44,320.44,14695
2021-11-22,320.46,320.49,319.03,319.14,15343
2021-11-23,315,315.86,312.92,313.275,22990
2021-11-23,313.41,313.84,311,311.39,15093
2021-11-23,311.64,315.2,311.64,314.805,12928
2021-11-23,314.695,316.52,314.525,316.4,7125
2021-11-23,316.59,317.93,315.09,315.67,12700
2021-11-23,315.6,316.72,315.16,316.72,8231
2021-11-23,316.9,319.29,316.9,318.95,7623
2021-11-23,318.56,319.61,318.45,319.38,6128
2021-11-23,319.39,320.73,319.16,320.09,12174
2021-11-23,320.195,320.195,319,319.125,5027
2021-11-23,319.74,319.74,318.8,318.8,3461
2021-11-23,319.12,319.12,317.61,318.29,4702
2021-11-23,318.12,318.4,317.22,317.22,8077
2021-11-23,317.19,318.77,317.19,318.72,2326
2021-11-23,318.73,319.24,318.34,318.935,2688
2021-11-23,318.75,319.45,318.72,318.97,2799
2021-11-23,319.37,322.01,319.37,322,4161
2021-11-23,321.68,322.48,321.38,322.2,4134
2021-11-23,322.52,323.16,321.8,322.94,5981
2021-11-23,322.99,323.07,322.04,322.47,3633
2021-11-23,322.64,322.64,321.675,322.45,2473
2021-11-23,322.26,323.54,322.26,323.05,3955
2021-11-23,322.89,323.1,322.46,322.52,3781
2021-11-23,322.68,322.71,321.65,322.085,4872
2021-11-23,321.86,322.43,321.555,321.93,2421
2021-11-23,322,322.27,321.24,321.27,2123
2021-11-23,321.33,321.94,321.33,321.94,2455
2021-11-23,321.75,322.63,321.75,322.63,3644
2021-11-23,322.365,322.82,322.06,322.175,3926
2021-11-23,322.18,322.67,322.11,322.11,1930
2021-11-23,322.22,322.44,320.42,320.42,2818
2021-11-23,320.35,320.805,319.21,319.51,3779
2021-11-23,319.81,320.28,319.81,320.15,2454
2021-11-23,320.16,320.24,319.73,319.75,1688
2021-11-23,319.52,319.73,319,319.66,2915
2021-11-23,319.47,320.26,319.45,319.545,2328
2021-11-23,318.93,318.96,317.19,317.5,5499
2021-11-23,317.62,318.13,317.31,317.45,7134
2021-11-23,317.45,317.64,316.81,316.93,1508
2021-11-23,316.91,317.155,316.57,317.155,10297
2021-11-23,316.99,317.83,316.945,317.52,4381
2021-11-23,317.26,317.57,317.26,317.57,1104
2021-11-23,317.56,317.74,317.24,317.43,3942
2021-11-23,317.31,317.32,316.4,317.04,4319
2021-11-23,317.43,317.5,317.06,317.37,1795
2021-11-23,317.47,319.29,317.465,318.56,5068
2021-11-23,318.5,318.69,317.82,318.23,2101
2021-11-23,318.37,318.42,317.66,317.8,1646
2021-11-23,318.08,319.17,318.08,318.87,1972
2021-11-23,318.925,319.39,318.85,318.85,1506
2021-11-23,318.905,319.21,317.48,317.83,3120
2021-11-23,318.12,318.63,317.72,318.05,3328
2021-11-23,318.7,318.99,318.55,318.99,836
2021-11-23,319.7,321,319.7,320.35,6455
2021-11-23,321.01,321.01,320.02,320.4,1151
2021-11-23,320.37,320.87,320.28,320.87,1102
2021-11-23,321.02,321.02,319.62,319.62,2483
2021-11-23,318.88,319.295,318.875,318.88,1304
2021-11-23,319.09,319.09,317.995,318.09,1108
2021-11-23,317.94,318.19,317.55,317.55,2268
2021-11-23,318.14,318.34,317.94,318.24,1516
2021-11-23,318.43,318.43,317.78,318.06,4748
2021-11-23,318.53,318.53,318.07,318.32,3468
2021-11-23,318.035,318.09,317.37,317.68,1303
2021-11-23,317.71,317.98,316.96,317.27,4313
2021-11-23,317.21,317.32,316.79,316.94,1559
2021-11-23,316.805,317.36,316.56,316.85,2072
2021-11-23,316.75,316.965,316.74,316.74,985
2021-11-23,316.55,316.6,315.7,315.85,2893
2021-11-23,315.98,316.45,315.98,316.45,3601
2021-11-23,316.08,316.12,315.75,315.82,1501
2021-11-23,315.71,315.93,315.44,315.44,1836
2021-11-23,315.13,315.21,314.3,314.775,3400
2021-11-23,314.61,314.61,313.59,313.59,2843
2021-11-23,313.73,314.07,313.68,313.68,2701
2021-11-23,313.315,314.01,312.93,314,4647
2021-11-23,314.05,314.39,313.89,314.02,1997
2021-11-23,314.16,314.265,313.88,313.95,2250
2021-11-23,313.35,313.45,313.015,313.015,966
2021-11-23,312.915,314.01,312.915,313.99,3173
2021-11-23,314.16,314.22,313.855,314.175,1498
2021-11-23,314.35,314.43,314.13,314.18,963
2021-11-23,314.1,314.1,313.63,313.73,1404
2021-11-23,313.32,313.32,312.31,312.76,3859
2021-11-23,312.72,312.72,311.76,311.94,4254
2021-11-23,312,312.09,311.72,311.95,2460
2021-11-23,311.72,312.15,311.46,311.59,6936
2021-11-23,312.23,312.23,311.09,311.09,2819
2021-11-23,311.33,311.69,311.33,311.69,1116
2021-11-23,311.42,311.51,310.205,310.45,3638
2021-11-23,310.58,311.55,310.58,311.34,7819
2021-11-23,311.185,311.32,310.575,310.59,2702
2021-11-23,310.35,310.59,309.15,309.15,5155
2021-11-23,309.78,310.21,309.65,310.16,5231
2021-11-23,310.25,311.93,310.18,311.46,5421
2021-11-23,311.405,312.47,311.405,312.44,5132
2021-11-23,312.3,312.34,312.11,312.21,1724
2021-11-23,312.01,313.1,312.01,312.05,2776
2021-11-23,311.82,312.24,311.74,312.24,1280
2021-11-23,312.99,313.89,312.68,313.89,1873
2021-11-23,313.85,314.7,313.83,314.16,2767
2021-11-23,313.96,314.99,313.83,314.88,1830
2021-11-23,315,315,314.725,314.9,3150
2021-11-23,314.94,315.28,314.94,315.18,1785
2021-11-23,314.93,315.19,314.67,314.86,1588
2021-11-23,314.78,315.495,314.78,315.41,2558
2021-11-23,315.32,315.61,315.24,315.515,1405
2021-11-23,315.53,315.53,314.86,315.135,1481
2021-11-23,314.37,314.67,314.09,314.09,1349
2021-11-23,314.51,314.855,314.24,314.855,1052
2021-11-23,314.96,314.97,314.62,314.695,1740
2021-11-23,315.05,315.05,314.7,314.7,262
2021-11-23,314.47,314.47,314.13,314.42,1508
2021-11-23,314.3,314.3,314.3,314.3,732
2021-11-23,314.52,314.52,314.19,314.19,1416
2021-11-23,314.17,315.405,314.17,315.405,1846
2021-11-23,315.58,315.58,315.23,315.37,1101
2021-11-23,315.69,315.83,315.53,315.53,2088
2021-11-23,315.48,315.53,314.89,314.89,1131
2021-11-23,314.54,314.86,314.41,314.86,953
2021-11-23,314.72,315.45,314.175,315.43,1968
2021-11-23,315.06,316.31,315.06,315.25,2418
2021-11-23,314.99,315.11,314.83,314.83,1407
2021-11-23,314.64,314.64,314.44,314.44,669
2021-11-23,314.61,314.61,314.02,314.02,1138
2021-11-23,314.44,314.44,313.59,313.59,1559
2021-11-23,313.28,313.28,312.72,312.72,2325
2021-11-23,313.28,313.72,313.09,313.7,1836
2021-11-23,314,314,313.83,313.935,741
2021-11-23,314.075,314.075,313.65,313.65,584
2021-11-23,313.86,313.86,313.24,313.24,1034
2021-11-23,313.23,313.255,313.115,313.255,3028
2021-11-23,313.1,313.26,313.09,313.26,1975
2021-11-23,313.01,313.13,312.94,312.94,2007
2021-11-23,312.89,313.02,312.08,312.08,1359
2021-11-23,312.12,312.53,311.71,312.49,1890
2021-11-23,312.45,312.45,312.38,312.43,985
2021-11-23,312.66,313.23,312.66,313.23,1578
2021-11-23,313.61,313.63,313.02,313.02,1198
2021-11-23,313.23,313.23,312.96,313.05,818
2021-11-23,313.16,313.62,313.16,313.46,1627
2021-11-23,313.63,313.86,313.605,313.73,1832
2021-11-23,312.76,312.84,312.76,312.84,708
2021-11-23,312.74,312.74,312.52,312.52,581
2021-11-23,312.55,312.58,312.32,312.32,1055
2021-11-23,312.16,312.57,312.16,312.45,430
2021-11-23,312.46,312.665,312.205,312.665,1579
2021-11-23,312.53,313.03,312.53,312.73,1224
2021-11-23,312.14,312.22,312.08,312.22,1038
2021-11-23,312.2,312.2,312.2,312.2,167
2021-11-23,311.92,312.49,311.92,312.49,2671
2021-11-23,312.09,312.09,311.78,311.82,1417
2021-11-23,311.4,311.4,311.195,311.225,1326
2021-11-23,311.11,311.11,311.11,311.11,1252
2021-11-23,311.53,311.53,311.11,311.14,1604
2021-11-23,310.94,311.36,310.94,311.295,781
2021-11-23,311.37,311.98,311.35,311.98,1763
2021-11-23,311.94,312.105,311.74,311.74,1006
2021-11-23,311.47,311.62,311.47,311.62,679
2021-11-23,311.49,311.49,311.49,311.49,288
2021-11-23,312.03,312.22,311.96,312.12,4132
2021-11-23,311.87,312.49,311.87,312.48,5451
2021-11-23,312.33,312.38,311.63,311.63,864
2021-11-23,311.65,311.8,311.515,311.8,3343
2021-11-23,311.875,311.875,311.32,311.42,1392
2021-11-23,311.62,311.9,311.57,311.77,1734
2021-11-23,311.97,313.02,311.97,312.77,1223
2021-11-23,312.66,312.7,312.19,312.7,1002
2021-11-23,312.99,312.99,312.57,312.6,772
2021-11-23,312.86,313.39,312.86,313.2,1401
2021-11-23,313.04,313.48,313.01,313.42,1254
2021-11-23,313.24,313.41,313.24,313.255,949
2021-11-23,313.26,313.26,312.79,312.79,639
2021-11-23,312.965,314.22,312.965,314.22,1270
2021-11-23,314.38,314.38,313.99,313.99,1301
2021-11-23,314.03,314.29,314.03,314.14,544
2021-11-23,314.06,314.08,313.825,313.96,3440
2021-11-23,313.775,313.775,313.43,313.52,4190
2021-11-23,313.89,314.15,313.76,313.76,1046
2021-11-23,313.79,313.92,313.79,313.885,714
2021-11-23,313.73,313.94,313.71,313.94,1407
2021-11-23,314.03,314.14,313.87,314.14,680
2021-11-23,314.2,314.43,314.14,314.14,2261
2021-11-23,314.09,314.09,313.895,313.895,515
2021-11-23,313.11,313.49,313.11,313.49,928
2021-11-23,313.79,314.05,313.62,314.05,978
2021-11-23,314.01,314.4,314.01,314.24,1057
2021-11-23,314.1,314.1,313.71,313.82,1033
2021-11-23,313.76,313.9,313.41,313.74,683
2021-11-23,313.81,313.81,313.45,313.45,763
2021-11-23,313.76,313.76,313.52,313.52,1364
2021-11-23,313.295,313.35,313.295,313.31,1174
2021-11-23,312.78,313.06,312.48,312.72,1077
2021-11-23,312.58,312.58,312.07,312.105,1311
2021-11-23,311.89,312.27,311.83,311.83,543
2021-11-23,312.01,312.24,311.85,311.97,1477
2021-11-23,312.2,312.595,312.2,312.27,1911
2021-11-23,312.505,312.61,312.505,312.61,443
2021-11-23,312.79,312.83,312.79,312.83,513
2021-11-23,312.34,312.56,312.34,312.56,241
2021-11-23,312.49,313.03,312.49,312.91,1042
2021-11-23,312.835,312.88,312.835,312.88,463
2021-11-23,312.89,313.03,312.84,313.03,932
2021-11-23,312.95,313.06,312.905,312.905,3358
2021-11-23,312.77,312.77,312.38,312.65,2242
2021-11-23,312.19,312.39,312.14,312.26,1295
2021-11-23,312.49,312.5,312.05,312.11,1340
2021-11-23,312.11,312.19,311.8,311.8,1454
2021-11-23,311.79,312.03,311.79,311.86,1288
2021-11-23,312.06,312.23,311.97,311.97,684
2021-11-23,312.13,312.485,311.97,312.485,1335
2021-11-23,312.17,312.31,312.165,312.26,1146
2021-11-23,312.15,313.05,312.15,312.87,1393
2021-11-23,312.76,312.9,312.76,312.9,543
2021-11-23,312.69,312.69,312.66,312.69,508
2021-11-23,312.71,312.71,312.13,312.13,1113
2021-11-23,312.14,312.38,312,312,906
2021-11-23,312.06,312.06,311.41,311.63,1631
2021-11-23,311.595,311.72,311.52,311.6,1279
2021-11-23,311.63,311.75,311.63,311.71,1389
2021-11-23,311.485,311.575,311.35,311.575,705
2021-11-23,311.63,311.63,311,311.08,1140
2021-11-23,311.04,311.04,310.71,310.84,1477
2021-11-23,310.82,310.93,310.65,310.86,1078
2021-11-23,311.25,311.43,311.25,311.3,832
2021-11-23,311.49,311.68,311.41,311.41,853
2021-11-23,311.51,311.77,311.18,311.18,1378
2021-11-23,311.27,311.27,310.65,310.65,644
2021-11-23,310.25,310.25,309.53,309.82,2769
2021-11-23,309.815,310.69,309.815,310.69,1895
2021-11-23,310.54,310.54,310.33,310.33,883
2021-11-23,311.07,311.07,310.84,311.01,1257
2021-11-23,311.21,311.58,311.11,311.56,2122
2021-11-23,311.41,311.41,311.14,311.14,1093
2021-11-23,310.81,311.44,310.81,311.215,1404
2021-11-23,311.82,311.87,311.77,311.87,1492
2021-11-23,312,312.21,311.52,311.52,1459
2021-11-23,311.26,311.46,311.26,311.46,627
2021-11-23,311.58,311.58,311.32,311.32,1172
2021-11-23,311.07,311.22,310.53,311.22,2333
2021-11-23,310.945,311.18,310.945,311.18,1188
2021-11-23,311.06,311.06,310.48,310.48,1199
2021-11-23,310.5,310.6,310.345,310.55,1025
2021-11-23,310.15,310.15,310.04,310.11,678
2021-11-23,309.88,310.05,309.82,310.05,565
2021-11-23,310.25,310.31,309.68,309.68,1173
2021-11-23,309.94,309.94,309.94,309.94,300
2021-11-23,310.11,310.11,309.88,309.955,1028
2021-11-23,309.44,309.44,309.44,309.44,372
2021-11-23,309.12,309.59,309.11,309.55,1118
2021-11-23,309.585,309.96,309.575,309.96,2984
2021-11-23,309.545,309.91,309.36,309.5,1960
2021-11-23,309.69,309.77,309.475,309.475,1270
2021-11-23,309.185,309.24,308.88,308.88,4926
2021-11-23,308.96,309.24,308.96,309.24,1093
2021-11-23,309.27,309.45,309.27,309.42,2176
2021-11-23,309.91,310.27,309.87,310.27,1680
2021-11-23,310.47,310.66,310.47,310.57,1019
2021-11-23,310.255,310.26,310.1,310.1,776
2021-11-23,310.6,311.16,310.6,311.16,1921
2021-11-23,311.18,311.22,311.12,311.12,998
2021-11-23,310.9,311.12,310.845,311.12,1038
2021-11-23,310.88,310.915,310.88,310.915,923
2021-11-23,310.88,310.88,310.81,310.81,908
2021-11-23,311.28,311.28,311.21,311.21,537
2021-11-23,311,311,310.39,310.39,811
2021-11-23,310.575,310.7,310.37,310.37,534
2021-11-23,310.26,310.44,310.18,310.44,1376
2021-11-23,310.53,311.05,310.53,311.05,962
2021-11-23,310.97,311.51,310.93,311.51,2523
2021-11-23,312.1,312.5,312.05,312.14,2571
2021-11-23,312.15,312.22,311.47,311.6,1287
2021-11-23,311.59,311.59,311.33,311.33,781
2021-11-23,311.195,311.195,311.02,311.16,1765
2021-11-23,310.98,311.24,310.73,311.24,2938
2021-11-23,311.39,311.835,311.28,311.835,575
2021-11-23,311.295,311.295,311.05,311.05,586
2021-11-23,311.085,311.26,311.04,311.26,510
2021-11-23,311.28,311.57,311.28,311.57,682
2021-11-23,311.29,311.29,310.985,311.225,988
2021-11-23,311.06,311.16,311.06,311.16,274
2021-11-23,310.66,310.785,310.66,310.665,776
2021-11-23,311.36,311.45,311.36,311.45,243
2021-11-23,311.47,311.47,311.24,311.24,331
2021-11-23,311.05,311.05,310.45,310.45,786
2021-11-23,310.54,310.68,309.91,310.05,1443
2021-11-23,309.89,309.96,309.875,309.96,471
2021-11-23,309.86,310.225,309.86,309.94,1020
2021-11-23,309.84,309.98,309.52,309.66,2177
2021-11-23,309.78,310.06,309.78,309.88,1365
2021-11-23,309.88,310.43,309.88,310.32,934
2021-11-23,310.24,310.24,310.21,310.21,274
2021-11-23,310.3,311.5,310.3,311.5,750
2021-11-23,311.46,311.46,311.46,311.46,446
2021-11-23,310.99,311.21,310.94,311.15,1345
2021-11-23,311.2,311.2,311.2,311.2,960
2021-11-23,310.95,310.95,310.455,310.62,969
2021-11-23,310.585,310.585,310.28,310.44,529
2021-11-23,310.37,310.37,310.23,310.23,692
2021-11-23,310.32,310.89,310.32,310.79,1630
2021-11-23,310.32,310.32,310.16,310.17,933
2021-11-23,310.38,310.38,309.81,310.01,1099
2021-11-23,310.02,310.02,309.945,309.99,1031
2021-11-23,310.02,310.25,310.01,310.25,3047
2021-11-23,310.16,311.36,310.1,311.32,3749
2021-11-23,311.53,311.55,311.13,311.24,1428
2021-11-23,311.94,311.98,311.75,311.75,985
2021-11-23,312,312,311.815,311.815,672
2021-11-23,311.63,311.63,311.3,311.33,2504
2021-11-23,311.38,311.57,311.17,311.45,2365
2021-11-23,311.53,311.53,311.28,311.28,1109
2021-11-23,311.26,311.97,311.26,311.74,1053
2021-11-23,311.87,312.525,311.87,312.47,1371
2021-11-23,312.45,312.72,312.45,312.72,1962
2021-11-23,312.71,312.945,312.505,312.795,4950
2021-11-23,313.08,313.16,312.98,313.08,1211
2021-11-23,312.98,313.59,312.98,313.59,2169
2021-11-23,313.71,314,313.56,314,2042
2021-11-23,314.01,314.66,314,314.66,5550
2021-11-23,314.79,315.33,314.55,315.33,4637
2021-11-23,315.315,315.34,314.23,314.61,6525
2021-11-23,314.83,314.83,314.32,314.35,1781
2021-11-23,314.565,314.69,314.46,314.69,4218
2021-11-23,314.875,315.73,314.84,315.28,4924
2021-11-23,315.24,315.69,315.06,315.52,1379
2021-11-23,315.41,315.45,314.765,314.9,2276
2021-11-23,314.775,314.775,314.37,314.41,914
2021-11-23,315.13,315.285,315.09,315.09,997
2021-11-23,315.33,315.75,315.33,315.43,2106
2021-11-23,315.405,315.405,314.79,314.79,1325
2021-11-23,315.4,315.4,314.91,315.03,912
2021-11-23,315.08,315.08,315.08,315.08,452
2021-11-23,315.1,315.1,314.53,314.94,1822
2021-11-23,315.045,315.14,315.02,315.05,1371
2021-11-23,315.435,316.035,315.43,315.81,3732
2021-11-23,315.78,316.55,315.78,316.355,2056
2021-11-23,316.18,316.42,316.03,316.42,1871
2021-11-23,316.76,316.76,316.29,316.32,1807
2021-11-23,316.515,316.8,316.26,316.385,3115
2021-11-23,316.38,316.74,315.98,316.705,2227
2021-11-23,316.78,316.85,316.78,316.85,815
2021-11-23,316.69,316.85,316.69,316.79,1701
2021-11-23,316.82,316.87,316.595,316.83,2915
2021-11-23,316.71,317.39,316.71,316.89,1913
2021-11-23,317.27,317.59,317.1,317.1,1655
2021-11-23,317.145,317.22,316.52,316.52,2611
2021-11-23,316.82,317.04,316.76,316.96,1655
2021-11-23,316.425,316.425,316.15,316.15,646
2021-11-23,316.4,316.41,315.79,316.275,2598
2021-11-23,316.48,316.58,316.48,316.58,678
2021-11-23,316.46,316.57,316.46,316.57,430
2021-11-23,316.645,316.645,315.86,316.18,883
2021-11-23,315.6,315.6,315.4,315.56,729
2021-11-23,315.89,315.89,315.89,315.89,533
2021-11-23,315.815,315.93,315.815,315.9,1004
2021-11-23,316.21,316.44,316.21,316.44,492
2021-11-23,316.02,316.03,315.63,315.63,1191
2021-11-23,315.64,315.64,315.24,315.24,1167
2021-11-23,315.58,316.16,315.58,315.91,1283
2021-11-23,315.71,315.71,315.55,315.55,971
2021-11-23,315.67,315.77,315.65,315.65,520
2021-11-23,315.47,315.47,315.23,315.25,1304
2021-11-23,315.45,315.45,314.82,314.87,1129
2021-11-23,314.78,315.22,314.51,314.51,2498
2021-11-23,314.94,315.22,314.92,315.1,1281
2021-11-23,315.21,315.86,315.21,315.86,1150
2021-11-23,315.4,316.01,315.385,315.98,1269
2021-11-23,315.7,315.7,315.28,315.45,695
2021-11-23,315.99,316.29,315.88,315.88,1393
2021-11-23,315.61,315.78,315.53,315.53,1441
2021-11-23,315.57,315.92,315.525,315.92,1130
2021-11-23,316.16,316.16,315.945,315.95,813
2021-11-23,315.59,316.12,315.59,316.12,1396
2021-11-23,316.05,316.075,315.44,315.44,1697
2021-11-23,315.47,315.51,315.05,315.14,1852
2021-11-23,315.09,315.77,315.03,315.77,1131
2021-11-23,315.68,315.68,315.46,315.46,851
2021-11-23,315.75,315.76,315.44,315.44,956
2021-11-23,315.55,316.26,315.55,316.02,3405
2021-11-23,316.11,316.77,316.11,316.77,1603
2021-11-23,316.95,317.14,316.87,317.05,2570
2021-11-23,317.2,317.48,317.11,317.48,4867
2021-11-23,317.39,317.89,317.01,317.33,13001
2021-11-23,317.4,317.67,317.23,317.53,6825
2021-11-23,317.74,317.74,317.43,317.66,4403
2021-11-23,315.5699,315.9999,315.401,315.9486,1013.0
