Date,Open,High,Low,Close,Volume
2021-11-19,21.63,21.63,21.63,21.63,1122
2021-11-19,21.62,21.62,21.62,21.62,100
2021-11-19,21.61,21.61,21.6,21.6,797
2021-11-19,21.595,21.595,21.595,21.595,302
2021-11-19,21.605,21.605,21.605,21.605,302
2021-11-19,21.605,21.61,21.6,21.6,1119
2021-11-19,21.61,21.62,21.6,21.6,1553
2021-11-19,21.595,21.63,21.595,21.63,2300
2021-11-19,21.62,21.62,21.62,21.62,100
2021-11-19,21.63,21.63,21.63,21.63,1699
2021-11-19,21.63,21.65,21.63,21.65,300
2021-11-19,21.645,21.67,21.645,21.66,1499
2021-11-19,21.66,21.66,21.64,21.64,430
2021-11-19,21.645,21.66,21.645,21.66,1224
2021-11-19,21.67,21.67,21.67,21.67,749
2021-11-19,21.66,21.67,21.66,21.67,800
2021-11-19,21.66,21.675,21.66,21.675,300
2021-11-19,21.68,21.69,21.68,21.69,500
2021-11-19,21.69,21.69,21.68,21.69,460
2021-11-19,21.68,21.68,21.67,21.67,276
2021-11-19,21.675,21.675,21.675,21.675,177
2021-11-19,21.655,21.665,21.655,21.665,1500
2021-11-19,21.64,21.64,21.63,21.63,1044
2021-11-19,21.63,21.64,21.63,21.64,1700
2021-11-19,21.63,21.63,21.63,21.63,297
2021-11-19,21.65,21.66,21.63,21.63,801
2021-11-19,21.63,21.63,21.62,21.62,600
2021-11-19,21.625,21.625,21.625,21.625,459
2021-11-19,21.625,21.625,21.58,21.59,2200
2021-11-19,21.585,21.585,21.585,21.585,756
2021-11-19,21.56,21.56,21.55,21.55,825
2021-11-19,21.555,21.555,21.54,21.54,814
2021-11-19,21.54,21.54,21.54,21.54,106
2021-11-19,21.56,21.565,21.56,21.56,937
2021-11-19,21.565,21.565,21.565,21.565,110
2021-11-19,21.565,21.585,21.565,21.585,305
2021-11-19,21.58,21.585,21.58,21.585,525
2021-11-19,21.585,21.6,21.585,21.59,2313
2021-11-19,21.605,21.605,21.605,21.605,1040
2021-11-19,21.61,21.61,21.61,21.61,145
2021-11-19,21.615,21.615,21.61,21.615,2295
2021-11-19,21.61,21.61,21.575,21.575,925
2021-11-19,21.57,21.575,21.56,21.57,2170
2021-11-19,21.58,21.58,21.58,21.58,102
2021-11-19,21.575,21.575,21.57,21.57,300
2021-11-19,21.59,21.59,21.59,21.59,630
2021-11-19,21.59,21.59,21.59,21.59,100
2021-11-19,21.58,21.58,21.58,21.58,100
2021-11-19,21.6,21.6,21.6,21.6,204
2021-11-19,21.61,21.61,21.61,21.61,373
2021-11-19,21.59,21.59,21.58,21.58,662
2021-11-19,21.59,21.59,21.58,21.58,362
2021-11-19,21.575,21.575,21.575,21.575,600
2021-11-19,21.58,21.605,21.58,21.58,2386
2021-11-19,21.575,21.575,21.57,21.57,311
2021-11-19,21.575,21.575,21.57,21.57,900
2021-11-19,21.55,21.55,21.55,21.55,693
2021-11-19,21.545,21.545,21.545,21.545,2020
2021-11-19,21.53,21.53,21.52,21.52,704
2021-11-19,21.53,21.53,21.52,21.525,994
2021-11-19,21.525,21.545,21.525,21.545,4800
2021-11-19,21.54,21.55,21.54,21.545,300
2021-11-19,21.525,21.525,21.52,21.52,200
2021-11-19,21.53,21.53,21.53,21.53,500
2021-11-19,21.535,21.54,21.535,21.54,1010
2021-11-19,21.54,21.54,21.54,21.54,300
2021-11-19,21.54,21.54,21.54,21.54,200
2021-11-19,21.555,21.565,21.555,21.565,506
2021-11-19,21.555,21.555,21.545,21.55,803
2021-11-19,21.555,21.555,21.54,21.54,758
2021-11-19,21.545,21.545,21.54,21.54,200
2021-11-19,21.535,21.535,21.535,21.535,200
2021-11-19,21.535,21.56,21.535,21.56,1538
2021-11-19,21.545,21.545,21.545,21.545,100
2021-11-19,21.55,21.55,21.535,21.54,901
2021-11-19,21.54,21.55,21.54,21.545,600
2021-11-19,21.545,21.545,21.535,21.54,1005
2021-11-19,21.54,21.54,21.54,21.54,444
2021-11-19,21.53,21.535,21.53,21.535,2130
2021-11-19,21.535,21.535,21.535,21.535,200
2021-11-19,21.53,21.53,21.53,21.53,304
2021-11-19,21.52,21.52,21.52,21.52,204
2021-11-19,21.525,21.525,21.525,21.525,200
2021-11-19,21.525,21.53,21.525,21.53,200
2021-11-19,21.54,21.55,21.54,21.55,200
2021-11-19,21.56,21.57,21.56,21.57,588
2021-11-19,21.58,21.58,21.58,21.58,516
2021-11-19,21.56,21.56,21.56,21.56,346
2021-11-19,21.58,21.58,21.58,21.58,100
2021-11-19,21.575,21.575,21.575,21.575,320
2021-11-19,21.57,21.57,21.57,21.57,402
2021-11-19,21.56,21.56,21.55,21.55,448
2021-11-19,21.57,21.58,21.57,21.58,300
2021-11-19,21.59,21.595,21.59,21.595,522
2021-11-19,21.595,21.595,21.595,21.595,350
2021-11-19,21.6,21.6,21.6,21.6,104
2021-11-19,21.6,21.6,21.6,21.6,200
2021-11-19,21.61,21.62,21.61,21.62,200
2021-11-19,21.63,21.635,21.63,21.635,2188
2021-11-19,21.625,21.625,21.62,21.62,804
2021-11-19,21.625,21.63,21.62,21.63,500
2021-11-19,21.61,21.61,21.61,21.61,400
2021-11-19,21.605,21.61,21.605,21.61,772
2021-11-19,21.6,21.6,21.6,21.6,269
2021-11-19,21.58,21.58,21.58,21.58,323
2021-11-19,21.58,21.585,21.58,21.585,233
2021-11-19,21.58,21.58,21.58,21.58,153
2021-11-19,21.56,21.56,21.55,21.56,300
2021-11-19,21.55,21.55,21.55,21.55,110
2021-11-19,21.56,21.56,21.56,21.56,744
2021-11-19,21.55,21.55,21.55,21.55,941
2021-11-19,21.545,21.545,21.54,21.54,498
2021-11-19,21.545,21.545,21.545,21.545,110
2021-11-19,21.55,21.55,21.55,21.55,100
2021-11-19,21.54,21.54,21.54,21.54,892
2021-11-19,21.515,21.515,21.51,21.51,1268
2021-11-19,21.515,21.515,21.515,21.515,150
2021-11-19,21.51,21.51,21.51,21.51,110
2021-11-19,21.51,21.51,21.51,21.51,1528
2021-11-19,21.51,21.51,21.485,21.495,2033
2021-11-19,21.495,21.5,21.495,21.5,537
2021-11-19,21.475,21.475,21.44,21.44,1561
2021-11-19,21.435,21.44,21.43,21.44,1968
2021-11-19,21.43,21.43,21.41,21.42,1396
2021-11-19,21.41,21.41,21.41,21.41,201
2021-11-19,21.41,21.41,21.41,21.41,222
2021-11-19,21.425,21.43,21.425,21.43,800
2021-11-19,21.425,21.44,21.425,21.435,3400
2021-11-19,21.435,21.45,21.435,21.45,7452
2021-11-19,21.445,21.445,21.42,21.425,850
2021-11-19,21.42,21.42,21.42,21.42,300
2021-11-19,21.39,21.39,21.39,21.39,206
2021-11-19,21.39,21.42,21.39,21.42,904
2021-11-19,21.42,21.42,21.42,21.42,100
2021-11-19,21.43,21.43,21.43,21.43,110
2021-11-19,21.44,21.44,21.435,21.44,915
2021-11-19,21.445,21.45,21.445,21.45,417
2021-11-19,21.455,21.465,21.455,21.465,206
2021-11-19,21.48,21.485,21.48,21.485,1664
2021-11-19,21.48,21.5,21.48,21.495,610
2021-11-19,21.495,21.495,21.49,21.495,1400
2021-11-19,21.455,21.455,21.455,21.455,100
2021-11-19,21.44,21.44,21.44,21.44,200
2021-11-19,21.435,21.435,21.435,21.435,100
2021-11-19,21.445,21.445,21.44,21.44,200
2021-11-19,21.45,21.45,21.45,21.45,120
2021-11-19,21.445,21.445,21.435,21.435,2149
2021-11-19,21.43,21.44,21.43,21.44,343
2021-11-19,21.45,21.45,21.45,21.45,101
2021-11-19,21.42,21.42,21.42,21.42,1321
2021-11-19,21.42,21.425,21.42,21.42,725
2021-11-19,21.425,21.425,21.425,21.425,320
2021-11-19,21.41,21.41,21.41,21.41,300
2021-11-19,21.43,21.43,21.43,21.43,200
2021-11-19,21.41,21.41,21.41,21.41,300
2021-11-19,21.41,21.41,21.41,21.41,200
2021-11-19,21.42,21.42,21.42,21.42,1001
2021-11-19,21.42,21.42,21.42,21.42,500
2021-11-19,21.42,21.42,21.4,21.4,1618
2021-11-19,21.415,21.415,21.415,21.415,110
2021-11-19,21.41,21.41,21.4,21.4,200
2021-11-19,21.405,21.405,21.395,21.395,922
2021-11-19,21.4,21.405,21.4,21.4,1199
2021-11-19,21.41,21.41,21.41,21.41,884
2021-11-19,21.42,21.42,21.42,21.42,104
2021-11-19,21.425,21.425,21.425,21.425,231
2021-11-19,21.435,21.435,21.435,21.435,425
2021-11-19,21.43,21.43,21.4,21.4,412
2021-11-19,21.38,21.385,21.38,21.385,207
2021-11-19,21.39,21.39,21.39,21.39,391
2021-11-19,21.395,21.4,21.395,21.4,200
2021-11-19,21.4,21.4,21.39,21.39,977
2021-11-19,21.385,21.39,21.38,21.38,618
2021-11-19,21.36,21.36,21.36,21.36,586
2021-11-19,21.34,21.34,21.34,21.34,100
2021-11-19,21.345,21.345,21.345,21.345,300
2021-11-19,21.34,21.35,21.34,21.35,700
2021-11-19,21.35,21.35,21.35,21.35,212
2021-11-19,21.335,21.335,21.33,21.33,310
2021-11-19,21.33,21.34,21.33,21.34,800
2021-11-19,21.36,21.38,21.36,21.38,1003
2021-11-19,21.385,21.385,21.36,21.36,235
2021-11-19,21.37,21.37,21.365,21.37,556
2021-11-19,21.38,21.385,21.37,21.385,642
2021-11-19,21.38,21.38,21.38,21.38,100
2021-11-19,21.38,21.41,21.38,21.41,661
2021-11-19,21.39,21.39,21.375,21.375,951
2021-11-19,21.38,21.38,21.38,21.38,113
2021-11-19,21.37,21.38,21.37,21.38,270
2021-11-19,21.38,21.38,21.38,21.38,215
2021-11-19,21.38,21.38,21.375,21.375,510
2021-11-19,21.39,21.4,21.39,21.4,214
2021-11-19,21.41,21.41,21.41,21.41,401
2021-11-19,21.4,21.4,21.4,21.4,486
2021-11-19,21.36,21.36,21.35,21.35,446
2021-11-19,21.35,21.35,21.35,21.35,501
2021-11-19,21.345,21.37,21.345,21.37,637
2021-11-19,21.38,21.38,21.38,21.38,813
2021-11-19,21.395,21.395,21.395,21.395,200
2021-11-19,21.38,21.38,21.37,21.37,600
2021-11-19,21.37,21.37,21.365,21.365,798
2021-11-19,21.36,21.36,21.345,21.345,989
2021-11-19,21.345,21.36,21.345,21.345,1804
2021-11-19,21.375,21.375,21.375,21.375,250
2021-11-19,21.37,21.37,21.36,21.365,630
2021-11-19,21.355,21.365,21.355,21.365,1076
2021-11-19,21.365,21.375,21.365,21.37,1099
2021-11-19,21.365,21.37,21.365,21.37,444
2021-11-19,21.36,21.36,21.35,21.35,407
2021-11-19,21.35,21.355,21.35,21.355,438
2021-11-19,21.355,21.355,21.34,21.345,1602
2021-11-19,21.34,21.34,21.33,21.33,2305
2021-11-19,21.33,21.33,21.325,21.325,1642
2021-11-19,21.325,21.335,21.325,21.335,545
2021-11-19,21.345,21.345,21.34,21.34,970
2021-11-19,21.34,21.345,21.315,21.345,1511
2021-11-19,21.345,21.35,21.345,21.35,605
2021-11-19,21.35,21.395,21.35,21.395,2471
2021-11-19,21.375,21.38,21.375,21.38,522
2021-11-19,21.385,21.385,21.38,21.38,810
2021-11-19,21.385,21.385,21.385,21.385,188
2021-11-19,21.36,21.36,21.36,21.36,420
2021-11-19,21.355,21.355,21.345,21.345,810
2021-11-19,21.35,21.35,21.35,21.35,120
2021-11-19,21.34,21.345,21.34,21.345,305
2021-11-19,21.345,21.345,21.34,21.34,782
2021-11-19,21.33,21.33,21.325,21.325,359
2021-11-19,21.325,21.33,21.325,21.325,998
2021-11-19,21.345,21.35,21.345,21.345,785
2021-11-19,21.345,21.345,21.34,21.345,708
2021-11-19,21.335,21.335,21.32,21.32,929
2021-11-19,21.325,21.33,21.325,21.325,1651
2021-11-19,21.325,21.325,21.32,21.32,506
2021-11-19,21.32,21.32,21.31,21.31,1006
2021-11-19,21.315,21.315,21.305,21.305,1175
2021-11-19,21.31,21.32,21.31,21.315,1230
2021-11-19,21.32,21.34,21.32,21.34,1560
2021-11-19,21.34,21.36,21.34,21.36,943
2021-11-19,21.355,21.355,21.355,21.355,161
2021-11-19,21.355,21.355,21.345,21.355,2674
2021-11-19,21.35,21.35,21.345,21.345,710
2021-11-19,21.335,21.34,21.33,21.34,1410
2021-11-19,21.345,21.345,21.335,21.34,700
2021-11-19,21.34,21.36,21.34,21.35,3867
2021-11-19,21.365,21.365,21.345,21.345,1389
2021-11-19,21.345,21.35,21.34,21.34,2150
2021-11-19,21.345,21.35,21.345,21.35,5199
2021-11-19,21.34,21.36,21.34,21.355,3060
2021-11-19,21.35,21.38,21.35,21.365,909
2021-11-19,21.36,21.365,21.34,21.345,8830
2021-11-19,21.355,21.37,21.345,21.365,9484
2021-11-19,21.365,21.37,21.345,21.355,5856
2021-11-19,21.36,21.375,21.36,21.375,9508
2021-11-19,21.385,21.41,21.37,21.41,3686
2021-11-22,21.57,21.57,21.57,21.57,150
2021-11-22,21.52,21.53,21.475,21.5,12612
2021-11-22,21.5,21.5,21.4,21.4,616
2021-11-22,21.38,21.38,21.33,21.33,1300
2021-11-22,21.315,21.315,21.28,21.28,732
2021-11-22,21.12,21.135,21.07,21.07,1500
2021-11-22,21.085,21.1,21.05,21.05,1757
2021-11-22,21.1,21.1,20.9,20.9,8754
2021-11-22,20.94,21.03,20.94,21.03,2556
2021-11-22,21.005,21.005,21,21,378
2021-11-22,21.02,21.02,20.99,20.99,862
2021-11-22,20.98,21.01,20.97,20.97,2100
2021-11-22,20.975,21,20.925,20.925,2292
2021-11-22,20.925,20.985,20.92,20.935,2204
2021-11-22,20.93,21,20.93,20.95,3598
2021-11-22,20.99,20.99,20.935,20.935,2361
2021-11-22,20.93,20.99,20.91,20.98,1035
2021-11-22,20.985,20.99,20.95,20.95,2814
2021-11-22,20.95,20.95,20.91,20.91,1271
2021-11-22,20.925,20.95,20.925,20.94,929
2021-11-22,20.96,20.965,20.89,20.89,4780
2021-11-22,20.925,20.925,20.91,20.91,613
2021-11-22,20.92,20.93,20.91,20.92,3592
2021-11-22,20.93,20.98,20.915,20.98,1779
2021-11-22,21,21.04,21,21.02,3346
2021-11-22,21.03,21.05,21.03,21.03,1350
2021-11-22,21.04,21.04,21.015,21.02,690
2021-11-22,21.01,21.01,21.01,21.01,792
2021-11-22,21.03,21.03,20.98,20.98,729
2021-11-22,20.96,20.975,20.95,20.965,3310
2021-11-22,20.97,21,20.97,20.97,881
2021-11-22,20.985,21.015,20.985,21.015,2330
2021-11-22,21,21.01,20.97,20.97,1879
2021-11-22,20.96,20.98,20.95,20.95,2204
2021-11-22,20.95,20.95,20.91,20.91,8504
2021-11-22,20.92,20.97,20.92,20.97,441
2021-11-22,20.99,21.01,20.99,21.01,1530
2021-11-22,20.99,21.035,20.99,21.03,420
2021-11-22,21.05,21.05,20.995,21.015,5019
2021-11-22,21.01,21.01,21.005,21.005,374
2021-11-22,20.995,21.025,20.995,21.025,1806
2021-11-22,21.03,21.05,21,21,603
2021-11-22,21,21,20.93,20.93,2862
2021-11-22,20.935,20.95,20.935,20.95,1226
2021-11-22,20.94,20.94,20.91,20.91,765
2021-11-22,20.91,20.925,20.905,20.905,1600
2021-11-22,20.905,20.925,20.88,20.88,4851
2021-11-22,20.87,20.87,20.815,20.825,3564
2021-11-22,20.83,20.865,20.82,20.865,1072
2021-11-22,20.87,20.87,20.855,20.87,1358
2021-11-22,20.86,20.91,20.86,20.91,729
2021-11-22,20.91,20.915,20.895,20.915,2492
2021-11-22,20.915,20.945,20.905,20.945,6305
2021-11-22,20.94,20.95,20.94,20.945,2953
2021-11-22,20.945,20.955,20.935,20.955,2202
2021-11-22,20.965,20.975,20.95,20.975,1604
2021-11-22,20.97,20.97,20.935,20.94,2021
2021-11-22,20.94,20.94,20.885,20.9,1922
2021-11-22,20.935,20.955,20.92,20.92,2024
2021-11-22,20.925,20.925,20.85,20.86,976
2021-11-22,20.88,20.88,20.81,20.835,2015
2021-11-22,20.84,20.86,20.83,20.85,1028
2021-11-22,20.84,20.845,20.795,20.82,5483
2021-11-22,20.815,20.815,20.78,20.8,1506
2021-11-22,20.81,20.845,20.8,20.8,1686
2021-11-22,20.82,20.84,20.81,20.83,3400
2021-11-22,20.82,20.82,20.82,20.82,384
2021-11-22,20.82,20.82,20.785,20.785,1494
2021-11-22,20.78,20.78,20.76,20.77,1234
2021-11-22,20.76,20.76,20.7,20.7,2235
2021-11-22,20.705,20.75,20.69,20.75,3593
2021-11-22,20.74,20.74,20.72,20.72,1931
2021-11-22,20.71,20.725,20.71,20.72,810
2021-11-22,20.725,20.725,20.67,20.68,3707
2021-11-22,20.685,20.73,20.68,20.72,3333
2021-11-22,20.72,20.74,20.72,20.735,5294
2021-11-22,20.735,20.74,20.72,20.72,5235
2021-11-22,20.72,20.74,20.68,20.68,3462
2021-11-22,20.67,20.675,20.645,20.645,1432
2021-11-22,20.66,20.68,20.65,20.65,3893
2021-11-22,20.64,20.65,20.63,20.63,3900
2021-11-22,20.64,20.65,20.63,20.645,1632
2021-11-22,20.635,20.65,20.635,20.645,3312
2021-11-22,20.64,20.64,20.63,20.63,1100
2021-11-22,20.61,20.615,20.6,20.615,4400
2021-11-22,20.635,20.635,20.63,20.635,1235
2021-11-22,20.635,20.645,20.615,20.64,10561
2021-11-22,20.64,20.665,20.64,20.65,2709
2021-11-22,20.65,20.655,20.64,20.64,1585
2021-11-22,20.64,20.655,20.64,20.645,1505
2021-11-22,20.65,20.65,20.63,20.63,900
2021-11-22,20.62,20.62,20.59,20.595,3875
2021-11-22,20.58,20.605,20.575,20.575,4216
2021-11-22,20.56,20.565,20.55,20.565,3351
2021-11-22,20.57,20.575,20.55,20.55,800
2021-11-22,20.53,20.53,20.5,20.5,6216
2021-11-22,20.49,20.5,20.46,20.5,2885
2021-11-22,20.52,20.58,20.52,20.58,7447
2021-11-22,20.56,20.57,20.55,20.57,1700
2021-11-22,20.59,20.62,20.59,20.59,5275
2021-11-22,20.6,20.64,20.6,20.62,2932
2021-11-22,20.62,20.63,20.59,20.59,1581
2021-11-22,20.6,20.6,20.59,20.595,1831
2021-11-22,20.59,20.6,20.58,20.59,1673
2021-11-22,20.6,20.61,20.58,20.58,2510
2021-11-22,20.57,20.59,20.57,20.575,1000
2021-11-22,20.58,20.58,20.54,20.54,1194
2021-11-22,20.53,20.53,20.495,20.5,4671
2021-11-22,20.49,20.5,20.46,20.46,1500
2021-11-22,20.47,20.47,20.41,20.44,8302
2021-11-22,20.425,20.46,20.42,20.46,3923
2021-11-22,20.44,20.45,20.44,20.44,3341
2021-11-22,20.44,20.44,20.41,20.41,4884
2021-11-22,20.43,20.44,20.41,20.42,5643
2021-11-22,20.41,20.445,20.39,20.42,4066
2021-11-22,20.42,20.42,20.4,20.4,1402
2021-11-22,20.39,20.39,20.36,20.36,2129
2021-11-22,20.36,20.37,20.345,20.35,2039
2021-11-22,20.33,20.34,20.32,20.34,2729
2021-11-22,20.33,20.35,20.31,20.34,5980
2021-11-22,20.335,20.36,20.33,20.36,7746
2021-11-22,20.39,20.4,20.35,20.35,2316
2021-11-22,20.39,20.41,20.39,20.41,986
2021-11-22,20.38,20.38,20.355,20.355,686
2021-11-22,20.37,20.37,20.33,20.36,6219
2021-11-22,20.36,20.4,20.36,20.4,1334
2021-11-22,20.41,20.445,20.41,20.445,1722
2021-11-22,20.435,20.435,20.39,20.39,3284
2021-11-22,20.38,20.4,20.37,20.38,7583
2021-11-22,20.38,20.39,20.37,20.37,1692
2021-11-22,20.365,20.42,20.35,20.415,3256
2021-11-22,20.41,20.42,20.395,20.395,2501
2021-11-22,20.4,20.4,20.36,20.36,900
2021-11-22,20.36,20.365,20.32,20.32,4283
2021-11-22,20.31,20.33,20.31,20.32,1500
2021-11-22,20.325,20.4,20.31,20.4,3808
2021-11-22,20.4,20.4,20.355,20.38,1802
2021-11-22,20.38,20.38,20.33,20.34,1228
2021-11-22,20.325,20.38,20.325,20.365,2890
2021-11-22,20.375,20.375,20.34,20.34,2164
2021-11-22,20.355,20.385,20.355,20.37,1030
2021-11-22,20.355,20.36,20.335,20.335,945
2021-11-22,20.33,20.35,20.32,20.35,2344
2021-11-22,20.33,20.33,20.3,20.3,3264
2021-11-22,20.295,20.295,20.24,20.28,5305
2021-11-22,20.27,20.285,20.26,20.285,3211
2021-11-22,20.275,20.275,20.255,20.255,3475
2021-11-22,20.265,20.285,20.26,20.28,3137
2021-11-22,20.25,20.34,20.18,20.34,3925
2021-11-22,20.335,20.385,20.325,20.325,6304
2021-11-22,20.29,20.34,20.265,20.32,10910
2021-11-22,20.345,20.37,20.34,20.34,6901
2021-11-22,20.32,20.32,20.22,20.23,5530
2021-11-22,20.225,20.245,20.215,20.245,2683
2021-11-22,20.295,20.36,20.29,20.35,3041
2021-11-22,20.34,20.35,20.33,20.34,1653
2021-11-22,20.31,20.355,20.31,20.355,1800
2021-11-22,20.35,20.355,20.31,20.31,2278
2021-11-22,20.315,20.33,20.265,20.265,1300
2021-11-22,20.255,20.265,20.21,20.22,1500
2021-11-22,20.225,20.315,20.225,20.315,1946
2021-11-22,20.31,20.325,20.275,20.275,5327
2021-11-22,20.275,20.325,20.275,20.325,21616
2021-11-22,20.305,20.325,20.305,20.325,1600
2021-11-22,20.32,20.365,20.32,20.365,1950
2021-11-22,20.36,20.365,20.355,20.365,1000
2021-11-22,20.33,20.35,20.325,20.35,447
2021-11-22,20.345,20.36,20.345,20.36,600
2021-11-22,20.34,20.34,20.315,20.33,1135
2021-11-22,20.36,20.38,20.355,20.38,1726
2021-11-22,20.385,20.385,20.375,20.375,901
2021-11-22,20.37,20.37,20.37,20.37,276
2021-11-22,20.34,20.36,20.34,20.36,1386
2021-11-22,20.35,20.38,20.35,20.38,500
2021-11-22,20.38,20.38,20.37,20.37,1100
2021-11-22,20.38,20.4,20.38,20.4,1553
2021-11-22,20.4,20.41,20.4,20.405,5169
2021-11-22,20.42,20.51,20.42,20.51,1525
2021-11-22,20.515,20.515,20.495,20.51,4144
2021-11-22,20.52,20.54,20.505,20.54,1561
2021-11-22,20.545,20.565,20.54,20.565,1400
2021-11-22,20.57,20.585,20.565,20.575,611
2021-11-22,20.59,20.63,20.59,20.62,1155
2021-11-22,20.62,20.62,20.565,20.58,610
2021-11-22,20.59,20.6,20.59,20.6,630
2021-11-22,20.58,20.59,20.58,20.58,965
2021-11-22,20.58,20.62,20.575,20.62,1600
2021-11-22,20.61,20.62,20.61,20.62,632
2021-11-22,20.65,20.65,20.645,20.645,337
2021-11-22,20.615,20.62,20.615,20.62,500
2021-11-22,20.61,20.64,20.61,20.63,2492
2021-11-22,20.63,20.67,20.63,20.65,2229
2021-11-22,20.635,20.635,20.62,20.625,1389
2021-11-22,20.605,20.605,20.605,20.605,100
2021-11-22,20.62,20.625,20.61,20.61,1318
2021-11-22,20.62,20.65,20.62,20.65,3211
2021-11-22,20.64,20.69,20.64,20.69,1410
2021-11-22,20.7,20.74,20.7,20.74,2950
2021-11-22,20.725,20.725,20.65,20.66,1600
2021-11-22,20.66,20.66,20.66,20.66,100
2021-11-22,20.65,20.65,20.64,20.64,600
2021-11-22,20.62,20.62,20.53,20.545,2485
2021-11-22,20.545,20.61,20.545,20.605,1632
2021-11-22,20.6,20.61,20.6,20.61,6381
2021-11-22,20.59,20.59,20.565,20.565,599
2021-11-22,20.565,20.58,20.555,20.57,1200
2021-11-22,20.595,20.66,20.59,20.66,1310
2021-11-22,20.67,20.695,20.67,20.695,600
2021-11-22,20.695,20.695,20.66,20.66,456
2021-11-22,20.665,20.665,20.64,20.64,700
2021-11-22,20.635,20.655,20.6,20.6,1500
2021-11-22,20.57,20.61,20.57,20.61,304
2021-11-22,20.62,20.62,20.62,20.62,300
2021-11-22,20.62,20.63,20.61,20.63,1044
2021-11-22,20.63,20.63,20.62,20.62,530
2021-11-22,20.62,20.63,20.62,20.63,200
2021-11-22,20.6,20.61,20.6,20.61,700
2021-11-22,20.61,20.61,20.61,20.61,100
2021-11-22,20.63,20.63,20.63,20.63,100
2021-11-22,20.625,20.645,20.625,20.64,600
2021-11-22,20.655,20.675,20.655,20.67,774
2021-11-22,20.675,20.685,20.675,20.685,348
2021-11-22,20.65,20.65,20.65,20.65,446
2021-11-22,20.67,20.67,20.665,20.665,1126
2021-11-22,20.66,20.66,20.66,20.66,127
2021-11-22,20.7,20.71,20.7,20.7,2103
2021-11-22,20.7,20.7,20.7,20.7,211
2021-11-22,20.695,20.7,20.69,20.695,2316
2021-11-22,20.695,20.7,20.695,20.7,200
2021-11-22,20.71,20.72,20.71,20.72,320
2021-11-22,20.73,20.73,20.73,20.73,100
2021-11-22,20.75,20.75,20.735,20.735,325
2021-11-22,20.74,20.74,20.71,20.72,853
2021-11-22,20.72,20.74,20.72,20.74,800
2021-11-22,20.73,20.73,20.73,20.73,500
2021-11-22,20.72,20.72,20.66,20.66,4802
2021-11-22,20.655,20.655,20.655,20.655,200
2021-11-22,20.635,20.67,20.635,20.65,1147
2021-11-22,20.685,20.71,20.685,20.71,300
2021-11-22,20.715,20.715,20.715,20.715,108
2021-11-22,20.705,20.71,20.67,20.7,1020
2021-11-22,20.69,20.69,20.69,20.69,400
2021-11-22,20.705,20.715,20.705,20.715,200
2021-11-22,20.71,20.71,20.7,20.7,1028
2021-11-22,20.69,20.69,20.69,20.69,200
2021-11-22,20.695,20.695,20.695,20.695,435
2021-11-22,20.69,20.69,20.69,20.69,275
2021-11-22,20.68,20.68,20.675,20.675,600
2021-11-22,20.68,20.68,20.68,20.68,100
2021-11-22,20.67,20.67,20.67,20.67,269
2021-11-22,20.64,20.655,20.64,20.655,675
2021-11-22,20.68,20.68,20.68,20.68,200
2021-11-22,20.705,20.71,20.705,20.71,3901
2021-11-22,20.7,20.7,20.69,20.69,300
2021-11-22,20.68,20.68,20.68,20.68,100
2021-11-22,20.67,20.67,20.67,20.67,356
2021-11-22,20.665,20.69,20.66,20.69,568
2021-11-22,20.685,20.69,20.685,20.69,200
2021-11-22,20.69,20.69,20.68,20.68,453
2021-11-22,20.68,20.705,20.68,20.705,2581
2021-11-22,20.7,20.7,20.7,20.7,421
2021-11-22,20.7,20.7,20.7,20.7,293
2021-11-22,20.695,20.7,20.695,20.7,363
2021-11-22,20.705,20.705,20.7,20.7,2900
2021-11-22,20.69,20.72,20.685,20.72,776
2021-11-22,20.71,20.71,20.705,20.71,631
2021-11-22,20.72,20.72,20.71,20.71,245
2021-11-22,20.7,20.7,20.695,20.7,400
2021-11-22,20.715,20.76,20.715,20.76,680
2021-11-22,20.76,20.77,20.76,20.77,2000
2021-11-22,20.77,20.77,20.77,20.77,401
2021-11-22,20.77,20.77,20.77,20.77,200
2021-11-22,20.78,20.78,20.78,20.78,235
2021-11-22,20.775,20.775,20.775,20.775,100
2021-11-22,20.765,20.775,20.765,20.775,401
2021-11-22,20.75,20.76,20.74,20.76,700
2021-11-22,20.76,20.77,20.76,20.765,600
2021-11-22,20.76,20.77,20.76,20.77,463
2021-11-22,20.77,20.77,20.76,20.77,2400
2021-11-22,20.765,20.765,20.765,20.765,500
2021-11-22,20.74,20.74,20.735,20.74,600
2021-11-22,20.745,20.745,20.73,20.735,1432
2021-11-22,20.74,20.74,20.705,20.72,1954
2021-11-22,20.725,20.725,20.72,20.72,303
2021-11-22,20.71,20.71,20.695,20.695,1700
2021-11-22,20.685,20.69,20.685,20.69,205
2021-11-22,20.685,20.69,20.68,20.69,2000
2021-11-22,20.69,20.69,20.69,20.69,200
2021-11-22,20.7,20.71,20.695,20.695,2878
2021-11-22,20.69,20.705,20.69,20.705,1322
2021-11-22,20.71,20.71,20.705,20.705,614
2021-11-22,20.7,20.7,20.695,20.7,1300
2021-11-22,20.695,20.705,20.68,20.705,1685
2021-11-22,20.72,20.72,20.72,20.72,3010
2021-11-22,20.685,20.695,20.685,20.695,319
2021-11-22,20.7,20.7,20.7,20.7,100
2021-11-22,20.7,20.7,20.7,20.7,300
2021-11-22,20.71,20.72,20.71,20.71,1032
2021-11-22,20.7,20.7,20.665,20.67,1312
2021-11-22,20.665,20.69,20.665,20.69,900
2021-11-22,20.69,20.69,20.675,20.68,400
2021-11-22,20.68,20.69,20.675,20.69,1398
2021-11-22,20.68,20.68,20.665,20.67,1171
2021-11-22,20.675,20.69,20.675,20.69,835
2021-11-22,20.7,20.7,20.69,20.69,243
2021-11-22,20.69,20.72,20.69,20.715,2513
2021-11-22,20.73,20.73,20.72,20.72,600
2021-11-22,20.725,20.725,20.715,20.72,2341
2021-11-22,20.715,20.715,20.66,20.67,2625
2021-11-22,20.675,20.68,20.67,20.68,451
2021-11-22,20.66,20.71,20.66,20.7,2204
2021-11-22,20.71,20.755,20.71,20.755,1100
2021-11-22,20.77,20.77,20.755,20.765,600
2021-11-22,20.77,20.77,20.75,20.75,513
2021-11-22,20.755,20.775,20.755,20.775,695
2021-11-22,20.775,20.78,20.775,20.775,706
2021-11-22,20.78,20.78,20.775,20.775,2532
2021-11-22,20.79,20.79,20.76,20.76,4251
2021-11-22,20.76,20.78,20.745,20.78,5115
2021-11-22,20.79,20.8,20.775,20.78,3300
2021-11-22,20.8,20.8,20.8,20.8,133
2021-11-22,20.79,20.79,20.77,20.77,362
2021-11-22,20.775,20.78,20.775,20.775,500
2021-11-22,20.78,20.78,20.77,20.77,1472
2021-11-22,20.775,20.775,20.755,20.755,800
2021-11-22,20.75,20.79,20.75,20.79,2864
2021-11-22,20.79,20.82,20.79,20.82,900
2021-11-22,20.82,20.82,20.815,20.82,414
2021-11-22,20.835,20.835,20.8,20.8,593
2021-11-22,20.78,20.78,20.78,20.78,100
2021-11-22,20.785,20.785,20.77,20.77,400
2021-11-22,20.78,20.79,20.78,20.79,235
2021-11-22,20.785,20.805,20.785,20.805,900
2021-11-22,20.83,20.83,20.795,20.795,463
2021-11-22,20.79,20.795,20.79,20.795,264
2021-11-22,20.81,20.81,20.8,20.805,600
2021-11-22,20.81,20.825,20.81,20.82,1407
2021-11-22,20.815,20.815,20.805,20.805,3982
2021-11-22,20.805,20.825,20.8,20.8,5631
2021-11-22,20.77,20.825,20.77,20.825,1831
2021-11-22,20.825,20.825,20.79,20.795,2524
2021-11-22,20.79,20.79,20.76,20.76,2232
2021-11-22,20.76,20.76,20.755,20.755,1100
2021-11-22,20.75,20.75,20.715,20.715,1090
2021-11-22,20.715,20.75,20.715,20.74,2636
2021-11-22,20.73,20.745,20.73,20.745,3302
2021-11-22,20.745,20.75,20.745,20.745,1400
2021-11-22,20.745,20.77,20.745,20.755,4167
2021-11-22,20.74,20.74,20.735,20.735,1609
2021-11-22,20.735,20.745,20.735,20.745,508
2021-11-22,20.76,20.76,20.745,20.745,821
2021-11-22,20.75,20.75,20.72,20.72,2703
2021-11-22,20.715,20.715,20.665,20.675,5145
2021-11-22,20.69,20.69,20.685,20.69,1407
2021-11-22,20.7,20.775,20.695,20.775,1729
2021-11-22,20.78,20.805,20.765,20.775,3464
2021-11-22,20.78,20.805,20.78,20.79,1150
2021-11-22,20.79,20.79,20.75,20.75,2014
2021-11-22,20.745,20.78,20.745,20.775,1525
2021-11-22,20.765,20.795,20.765,20.77,1891
2021-11-22,20.76,20.76,20.715,20.725,3300
2021-11-22,20.715,20.73,20.695,20.7,1700
2021-11-22,20.69,20.69,20.675,20.685,1211
2021-11-22,20.67,20.695,20.67,20.695,3602
2021-11-22,20.685,20.685,20.66,20.66,4600
2021-11-22,20.655,20.655,20.64,20.64,799
2021-11-22,20.645,20.67,20.645,20.67,1128
2021-11-22,20.665,20.69,20.645,20.69,4385
2021-11-22,20.685,20.69,20.655,20.655,3870
2021-11-22,20.655,20.685,20.655,20.685,1442
2021-11-22,20.675,20.72,20.675,20.72,1540
2021-11-22,20.715,20.735,20.715,20.725,1101
2021-11-22,20.725,20.74,20.725,20.73,2300
2021-11-22,20.725,20.725,20.715,20.72,2357
2021-11-22,20.74,20.74,20.695,20.695,2702
2021-11-22,20.705,20.705,20.675,20.675,5239
2021-11-22,20.69,20.705,20.685,20.705,3801
2021-11-22,20.705,20.71,20.68,20.695,7853
2021-11-22,20.69,20.69,20.66,20.665,4778
2021-11-22,20.67,20.69,20.665,20.68,4449
2021-11-22,20.675,20.675,20.63,20.635,8249
2021-11-22,20.64,20.645,20.63,20.645,9079
2021-11-22,20.645,20.65,20.63,20.65,6228
2021-11-22,20.66,20.67,20.65,20.65,13143
2021-11-23,20.56,20.585,20.515,20.515,8384
2021-11-23,20.515,20.515,20.43,20.48,3079
2021-11-23,20.445,20.445,20.38,20.38,1057
2021-11-23,20.48,20.51,20.48,20.505,3068
2021-11-23,20.45,20.45,20.405,20.405,8840
2021-11-23,20.39,20.39,20.3,20.3,2774
2021-11-23,20.37,20.505,20.37,20.42,3880
2021-11-23,20.435,20.475,20.43,20.47,1605
2021-11-23,20.48,20.56,20.475,20.52,1556
2021-11-23,20.49,20.54,20.49,20.53,3936
2021-11-23,20.61,20.66,20.6,20.66,1347
2021-11-23,20.63,20.63,20.6,20.61,2305
2021-11-23,20.63,20.705,20.63,20.63,1325
2021-11-23,20.65,20.745,20.64,20.745,1097
2021-11-23,20.75,20.85,20.75,20.85,2007
2021-11-23,20.83,20.94,20.83,20.89,2881
2021-11-23,20.885,20.97,20.885,20.97,4041
2021-11-23,20.995,21.05,20.995,21.015,4065
2021-11-23,21,21,20.9,20.95,5457
2021-11-23,20.995,20.995,20.89,20.89,2237
2021-11-23,20.845,20.85,20.805,20.835,12622
2021-11-23,20.825,20.935,20.825,20.875,10607
2021-11-23,20.875,20.905,20.845,20.845,5806
2021-11-23,20.865,20.9,20.835,20.85,6702
2021-11-23,20.855,20.87,20.795,20.795,3568
2021-11-23,20.825,20.825,20.755,20.765,3461
2021-11-23,20.785,20.795,20.745,20.755,1580
2021-11-23,20.77,20.815,20.77,20.815,4180
2021-11-23,20.79,20.8,20.75,20.75,1820
2021-11-23,20.74,20.775,20.74,20.75,1678
2021-11-23,20.75,20.75,20.685,20.685,1032
2021-11-23,20.66,20.67,20.65,20.65,3546
2021-11-23,20.635,20.67,20.635,20.665,2452
2021-11-23,20.665,20.69,20.63,20.635,2086
2021-11-23,20.62,20.675,20.62,20.665,2450
2021-11-23,20.655,20.73,20.655,20.73,3852
2021-11-23,20.715,20.715,20.605,20.61,2094
2021-11-23,20.625,20.65,20.625,20.645,2450
2021-11-23,20.615,20.615,20.55,20.57,2546
2021-11-23,20.53,20.57,20.53,20.565,1303
2021-11-23,20.555,20.575,20.555,20.57,1076
2021-11-23,20.595,20.595,20.5,20.5,1021
2021-11-23,20.53,20.54,20.53,20.54,2116
2021-11-23,20.545,20.545,20.475,20.475,782
2021-11-23,20.485,20.49,20.44,20.49,5147
2021-11-23,20.5,20.58,20.5,20.58,590
2021-11-23,20.51,20.51,20.445,20.455,1251
2021-11-23,20.485,20.495,20.465,20.465,5036
2021-11-23,20.485,20.485,20.475,20.475,8347
2021-11-23,20.455,20.475,20.455,20.475,3894
2021-11-23,20.46,20.46,20.42,20.42,1005
2021-11-23,20.45,20.47,20.445,20.445,1804
2021-11-23,20.42,20.46,20.42,20.46,852
2021-11-23,20.485,20.535,20.48,20.485,3320
2021-11-23,20.515,20.515,20.46,20.46,2104
2021-11-23,20.44,20.455,20.44,20.455,820
2021-11-23,20.45,20.45,20.415,20.415,825
2021-11-23,20.415,20.42,20.415,20.42,286
2021-11-23,20.425,20.425,20.37,20.37,2929
2021-11-23,20.365,20.37,20.34,20.35,2325
2021-11-23,20.35,20.41,20.34,20.39,2948
2021-11-23,20.43,20.44,20.42,20.43,4778
2021-11-23,20.4,20.445,20.4,20.445,2882
2021-11-23,20.455,20.455,20.41,20.42,639
2021-11-23,20.42,20.42,20.42,20.42,632
2021-11-23,20.37,20.38,20.32,20.335,1508
2021-11-23,20.34,20.4,20.32,20.37,2304
2021-11-23,20.37,20.37,20.36,20.36,436
2021-11-23,20.37,20.37,20.34,20.34,1190
2021-11-23,20.345,20.38,20.34,20.365,1230
2021-11-23,20.36,20.36,20.335,20.335,731
2021-11-23,20.35,20.38,20.35,20.38,1451
2021-11-23,20.35,20.39,20.35,20.35,1794
2021-11-23,20.35,20.35,20.33,20.33,1078
2021-11-23,20.33,20.34,20.33,20.335,1410
2021-11-23,20.32,20.34,20.32,20.34,468
2021-11-23,20.36,20.36,20.33,20.33,400
2021-11-23,20.34,20.35,20.34,20.35,200
2021-11-23,20.335,20.335,20.325,20.33,455
2021-11-23,20.33,20.345,20.33,20.33,1321
2021-11-23,20.32,20.36,20.315,20.36,775
2021-11-23,20.38,20.395,20.34,20.34,2428
2021-11-23,20.33,20.33,20.29,20.31,1462
2021-11-23,20.285,20.285,20.26,20.28,738
2021-11-23,20.26,20.26,20.26,20.26,489
2021-11-23,20.24,20.28,20.24,20.26,1438
2021-11-23,20.25,20.26,20.245,20.26,725
2021-11-23,20.26,20.26,20.2,20.205,1515
2021-11-23,20.21,20.225,20.21,20.21,1223
2021-11-23,20.22,20.23,20.205,20.205,674
2021-11-23,20.21,20.245,20.19,20.195,1845
2021-11-23,20.2,20.2,20.18,20.185,650
2021-11-23,20.2,20.2,20.12,20.12,2502
2021-11-23,20.14,20.14,20.11,20.12,1531
2021-11-23,20.105,20.145,20.105,20.145,3833
2021-11-23,20.145,20.16,20.14,20.14,2925
2021-11-23,20.135,20.135,20.065,20.065,3630
2021-11-23,20.055,20.12,20.05,20.105,8896
2021-11-23,20.095,20.16,20.07,20.16,3475
2021-11-23,20.135,20.14,20.135,20.14,201
2021-11-23,20.175,20.205,20.17,20.2,1050
2021-11-23,20.2,20.245,20.2,20.23,1796
2021-11-23,20.23,20.235,20.21,20.23,935
2021-11-23,20.24,20.26,20.24,20.26,1198
2021-11-23,20.26,20.27,20.225,20.225,551
2021-11-23,20.23,20.27,20.23,20.27,575
2021-11-23,20.27,20.28,20.255,20.265,1575
2021-11-23,20.265,20.275,20.26,20.26,706
2021-11-23,20.27,20.27,20.255,20.255,400
2021-11-23,20.25,20.27,20.25,20.27,234
2021-11-23,20.25,20.25,20.195,20.195,1503
2021-11-23,20.195,20.25,20.195,20.24,729
2021-11-23,20.235,20.235,20.225,20.225,400
2021-11-23,20.235,20.235,20.23,20.235,300
2021-11-23,20.225,20.23,20.225,20.23,850
2021-11-23,20.265,20.27,20.265,20.27,273
2021-11-23,20.28,20.28,20.28,20.28,1013
2021-11-23,20.3,20.35,20.3,20.35,1116
2021-11-23,20.325,20.34,20.325,20.34,470
2021-11-23,20.33,20.33,20.3,20.33,1319
2021-11-23,20.31,20.33,20.31,20.33,713
2021-11-23,20.39,20.42,20.385,20.385,1374
2021-11-23,20.37,20.385,20.35,20.355,946
2021-11-23,20.355,20.355,20.355,20.355,200
2021-11-23,20.34,20.34,20.3,20.3,1095
2021-11-23,20.285,20.285,20.265,20.27,445
2021-11-23,20.26,20.27,20.24,20.24,2043
2021-11-23,20.27,20.27,20.26,20.26,600
2021-11-23,20.325,20.325,20.3,20.32,1125
2021-11-23,20.32,20.32,20.3,20.305,377
2021-11-23,20.26,20.27,20.26,20.26,422
2021-11-23,20.28,20.28,20.26,20.26,591
2021-11-23,20.275,20.28,20.27,20.27,2584
2021-11-23,20.27,20.29,20.27,20.275,2229
2021-11-23,20.225,20.225,20.225,20.225,701
2021-11-23,20.22,20.27,20.22,20.255,2350
2021-11-23,20.26,20.265,20.235,20.235,2335
2021-11-23,20.23,20.29,20.23,20.27,5915
2021-11-23,20.26,20.275,20.255,20.255,2108
2021-11-23,20.26,20.26,20.25,20.25,382
2021-11-23,20.27,20.285,20.27,20.285,1066
2021-11-23,20.28,20.28,20.25,20.25,923
2021-11-23,20.25,20.26,20.22,20.22,997
2021-11-23,20.225,20.225,20.21,20.21,755
2021-11-23,20.2,20.22,20.2,20.22,906
2021-11-23,20.215,20.215,20.215,20.215,206
2021-11-23,20.215,20.23,20.215,20.225,400
2021-11-23,20.21,20.23,20.21,20.23,850
2021-11-23,20.23,20.23,20.22,20.22,1700
2021-11-23,20.22,20.22,20.21,20.215,400
2021-11-23,20.21,20.245,20.21,20.245,835
2021-11-23,20.21,20.21,20.195,20.195,1205
2021-11-23,20.18,20.18,20.15,20.15,500
2021-11-23,20.15,20.16,20.14,20.16,2724
2021-11-23,20.17,20.18,20.17,20.17,1378
2021-11-23,20.175,20.18,20.175,20.18,300
2021-11-23,20.18,20.19,20.18,20.19,621
2021-11-23,20.22,20.22,20.22,20.22,100
2021-11-23,20.21,20.21,20.19,20.19,200
2021-11-23,20.2,20.2,20.19,20.19,561
2021-11-23,20.205,20.22,20.205,20.22,393
2021-11-23,20.22,20.22,20.22,20.22,547
2021-11-23,20.22,20.22,20.185,20.185,1000
2021-11-23,20.2,20.2,20.19,20.19,300
2021-11-23,20.18,20.19,20.18,20.19,2603
2021-11-23,20.185,20.23,20.185,20.23,300
2021-11-23,20.23,20.23,20.205,20.21,1675
2021-11-23,20.255,20.27,20.255,20.27,253
2021-11-23,20.29,20.33,20.29,20.31,963
2021-11-23,20.32,20.33,20.3,20.305,1004
2021-11-23,20.31,20.33,20.3,20.315,1400
2021-11-23,20.315,20.315,20.31,20.31,805
2021-11-23,20.335,20.37,20.335,20.37,351
2021-11-23,20.355,20.36,20.355,20.355,440
2021-11-23,20.35,20.35,20.35,20.35,200
2021-11-23,20.32,20.32,20.28,20.28,691
2021-11-23,20.31,20.31,20.295,20.3,2686
2021-11-23,20.31,20.31,20.31,20.31,115
2021-11-23,20.35,20.355,20.35,20.355,200
2021-11-23,20.34,20.34,20.34,20.34,262
2021-11-23,20.305,20.36,20.305,20.36,1200
2021-11-23,20.38,20.38,20.37,20.38,697
2021-11-23,20.39,20.39,20.37,20.37,388
2021-11-23,20.36,20.365,20.36,20.36,874
2021-11-23,20.36,20.37,20.35,20.37,2530
2021-11-23,20.35,20.355,20.35,20.35,300
2021-11-23,20.36,20.36,20.36,20.36,284
2021-11-23,20.355,20.355,20.35,20.35,560
2021-11-23,20.34,20.34,20.32,20.32,1315
2021-11-23,20.3,20.3,20.3,20.3,215
2021-11-23,20.31,20.31,20.31,20.31,217
2021-11-23,20.295,20.31,20.29,20.31,1117
2021-11-23,20.32,20.34,20.32,20.32,1678
2021-11-23,20.325,20.325,20.315,20.315,1100
2021-11-23,20.32,20.32,20.315,20.315,734
2021-11-23,20.315,20.315,20.3,20.31,709
2021-11-23,20.31,20.35,20.31,20.345,1300
2021-11-23,20.345,20.36,20.335,20.36,2539
2021-11-23,20.34,20.35,20.33,20.33,1931
2021-11-23,20.315,20.325,20.31,20.31,1093
2021-11-23,20.305,20.31,20.3,20.3,932
2021-11-23,20.295,20.295,20.29,20.29,304
2021-11-23,20.285,20.285,20.28,20.28,400
2021-11-23,20.27,20.27,20.27,20.27,600
2021-11-23,20.25,20.25,20.245,20.245,800
2021-11-23,20.235,20.235,20.235,20.235,100
2021-11-23,20.23,20.23,20.22,20.225,353
2021-11-23,20.245,20.29,20.235,20.29,477
2021-11-23,20.27,20.27,20.235,20.235,830
2021-11-23,20.24,20.24,20.22,20.225,572
2021-11-23,20.22,20.22,20.22,20.22,110
2021-11-23,20.21,20.21,20.21,20.21,277
2021-11-23,20.21,20.21,20.19,20.195,2041
2021-11-23,20.19,20.195,20.19,20.19,1100
2021-11-23,20.19,20.19,20.19,20.19,556
2021-11-23,20.17,20.18,20.17,20.18,950
2021-11-23,20.185,20.185,20.15,20.17,706
2021-11-23,20.19,20.2,20.19,20.2,454
2021-11-23,20.195,20.195,20.19,20.19,530
2021-11-23,20.205,20.225,20.205,20.225,1886
2021-11-23,20.22,20.22,20.19,20.19,715
2021-11-23,20.19,20.195,20.19,20.19,800
2021-11-23,20.18,20.18,20.16,20.16,500
2021-11-23,20.195,20.195,20.195,20.195,203
2021-11-23,20.205,20.205,20.175,20.175,431
2021-11-23,20.195,20.2,20.19,20.19,2288
2021-11-23,20.2,20.2,20.2,20.2,199
2021-11-23,20.215,20.23,20.21,20.21,558
2021-11-23,20.19,20.19,20.19,20.19,518
2021-11-23,20.215,20.215,20.215,20.215,150
2021-11-23,20.2,20.2,20.19,20.19,200
2021-11-23,20.18,20.2,20.18,20.2,900
2021-11-23,20.2,20.2,20.175,20.175,448
2021-11-23,20.17,20.17,20.165,20.165,325
2021-11-23,20.16,20.175,20.155,20.175,1225
2021-11-23,20.155,20.155,20.15,20.15,313
2021-11-23,20.16,20.16,20.16,20.16,100
2021-11-23,20.155,20.155,20.155,20.155,323
2021-11-23,20.15,20.15,20.13,20.13,618
2021-11-23,20.16,20.16,20.14,20.14,777
2021-11-23,20.18,20.185,20.18,20.185,361
2021-11-23,20.155,20.155,20.15,20.155,399
2021-11-23,20.155,20.18,20.15,20.18,1024
2021-11-23,20.18,20.195,20.18,20.195,1300
2021-11-23,20.18,20.18,20.16,20.17,2000
2021-11-23,20.18,20.18,20.16,20.16,289
2021-11-23,20.16,20.16,20.16,20.16,398
2021-11-23,20.15,20.15,20.15,20.15,600
2021-11-23,20.14,20.15,20.14,20.15,1148
2021-11-23,20.15,20.18,20.15,20.18,1595
2021-11-23,20.195,20.195,20.18,20.18,1305
2021-11-23,20.21,20.22,20.21,20.21,1749
2021-11-23,20.215,20.215,20.21,20.21,500
2021-11-23,20.23,20.255,20.23,20.255,397
2021-11-23,20.24,20.26,20.24,20.26,200
2021-11-23,20.255,20.255,20.255,20.255,283
2021-11-23,20.27,20.28,20.265,20.28,698
2021-11-23,20.29,20.29,20.225,20.235,938
2021-11-23,20.225,20.225,20.225,20.225,218
2021-11-23,20.21,20.22,20.2,20.2,814
2021-11-23,20.21,20.21,20.21,20.21,218
2021-11-23,20.205,20.235,20.205,20.235,714
2021-11-23,20.24,20.255,20.235,20.235,1204
2021-11-23,20.21,20.21,20.18,20.18,769
2021-11-23,20.2,20.2,20.19,20.19,325
2021-11-23,20.19,20.2,20.19,20.19,631
2021-11-23,20.19,20.19,20.185,20.185,249
2021-11-23,20.185,20.22,20.185,20.22,935
2021-11-23,20.18,20.18,20.17,20.17,891
2021-11-23,20.17,20.19,20.17,20.18,520
2021-11-23,20.19,20.19,20.18,20.18,524
2021-11-23,20.18,20.18,20.17,20.17,524
2021-11-23,20.18,20.19,20.18,20.185,517
2021-11-23,20.17,20.17,20.165,20.165,472
2021-11-23,20.18,20.185,20.18,20.185,247
2021-11-23,20.195,20.195,20.185,20.185,550
2021-11-23,20.185,20.185,20.16,20.16,1325
2021-11-23,20.16,20.16,20.16,20.16,174
2021-11-23,20.16,20.16,20.16,20.16,200
2021-11-23,20.16,20.16,20.16,20.16,305
2021-11-23,20.16,20.17,20.15,20.16,2122
2021-11-23,20.17,20.195,20.17,20.195,411
2021-11-23,20.2,20.2,20.185,20.19,319
2021-11-23,20.18,20.19,20.18,20.19,400
2021-11-23,20.22,20.26,20.22,20.26,1242
2021-11-23,20.25,20.25,20.25,20.25,101
2021-11-23,20.25,20.265,20.25,20.26,590
2021-11-23,20.265,20.29,20.265,20.285,2041
2021-11-23,20.285,20.285,20.26,20.28,1255
2021-11-23,20.27,20.27,20.27,20.27,261
2021-11-23,20.26,20.28,20.26,20.28,682
2021-11-23,20.275,20.29,20.275,20.28,2876
2021-11-23,20.265,20.265,20.25,20.265,1310
2021-11-23,20.26,20.26,20.26,20.26,220
2021-11-23,20.245,20.245,20.23,20.23,420
2021-11-23,20.21,20.23,20.21,20.23,400
2021-11-23,20.265,20.28,20.265,20.28,971
2021-11-23,20.3,20.31,20.3,20.31,977
2021-11-23,20.3,20.31,20.3,20.31,271
2021-11-23,20.32,20.32,20.31,20.31,500
2021-11-23,20.285,20.295,20.285,20.295,954
2021-11-23,20.3,20.32,20.29,20.295,1341
2021-11-23,20.3,20.3,20.3,20.3,330
2021-11-23,20.29,20.29,20.28,20.28,455
2021-11-23,20.28,20.295,20.28,20.295,1401
2021-11-23,20.28,20.29,20.28,20.285,600
2021-11-23,20.29,20.29,20.285,20.285,200
2021-11-23,20.305,20.315,20.305,20.315,3495
2021-11-23,20.31,20.31,20.31,20.31,302
2021-11-23,20.34,20.34,20.32,20.32,500
2021-11-23,20.345,20.35,20.34,20.35,5552
2021-11-23,20.355,20.355,20.32,20.34,700
2021-11-23,20.34,20.34,20.34,20.34,926
2021-11-23,20.355,20.355,20.355,20.355,603
2021-11-23,20.365,20.395,20.365,20.39,1793
2021-11-23,20.37,20.385,20.37,20.385,435
2021-11-23,20.395,20.415,20.395,20.41,10311
2021-11-23,20.4,20.415,20.4,20.415,545
2021-11-23,20.42,20.435,20.42,20.435,722
2021-11-23,20.435,20.435,20.435,20.435,159
2021-11-23,20.445,20.45,20.445,20.45,1222
2021-11-23,20.45,20.455,20.45,20.45,1246
2021-11-23,20.44,20.44,20.425,20.425,516
2021-11-23,20.425,20.425,20.425,20.425,390
2021-11-23,20.475,20.48,20.475,20.475,903
2021-11-23,20.485,20.53,20.485,20.515,3409
2021-11-23,20.485,20.49,20.48,20.49,860
2021-11-23,20.5,20.5,20.495,20.495,2040
2021-11-23,20.505,20.505,20.46,20.48,1046
2021-11-23,20.475,20.475,20.46,20.47,921
2021-11-23,20.47,20.47,20.47,20.47,420
2021-11-23,20.48,20.48,20.48,20.48,109
2021-11-23,20.52,20.55,20.515,20.55,931
2021-11-23,20.55,20.555,20.55,20.555,430
2021-11-23,20.565,20.6,20.565,20.57,2405
2021-11-23,20.57,20.58,20.56,20.56,1850
2021-11-23,20.58,20.59,20.58,20.585,700
2021-11-23,20.58,20.58,20.56,20.56,838
2021-11-23,20.555,20.555,20.53,20.53,1880
2021-11-23,20.54,20.54,20.525,20.525,400
2021-11-23,20.535,20.535,20.535,20.535,202
2021-11-23,20.525,20.525,20.515,20.515,1167
2021-11-23,20.505,20.51,20.48,20.495,3535
2021-11-23,20.485,20.5,20.485,20.5,1900
2021-11-23,20.5,20.545,20.5,20.545,2008
2021-11-23,20.56,20.57,20.545,20.545,1707
2021-11-23,20.52,20.52,20.52,20.52,186
2021-11-23,20.51,20.51,20.51,20.51,137
2021-11-23,20.49,20.5,20.49,20.5,1154
2021-11-23,20.475,20.555,20.475,20.55,2123
2021-11-23,20.545,20.575,20.545,20.57,803
2021-11-23,20.57,20.57,20.555,20.555,1490
2021-11-23,20.55,20.55,20.54,20.54,1175
2021-11-23,20.545,20.545,20.52,20.52,1146
2021-11-23,20.525,20.525,20.505,20.505,1962
2021-11-23,20.505,20.55,20.505,20.545,1920
2021-11-23,20.56,20.585,20.56,20.585,1801
2021-11-23,20.565,20.595,20.55,20.595,2029
2021-11-23,20.595,20.595,20.575,20.575,642
2021-11-23,20.58,20.58,20.575,20.575,805
2021-11-23,20.565,20.565,20.53,20.53,1694
2021-11-23,20.555,20.565,20.555,20.56,874
2021-11-23,20.52,20.52,20.485,20.485,341.0
