Date,Open,High,Low,Close,Volume
2021-11-19,196.75,196.99,196.73,196.9,2338
2021-11-19,196.83,196.83,196.65,196.71,1423
2021-11-19,196.625,196.81,196.625,196.81,434
2021-11-19,196.86,196.9,196.86,196.9,419
2021-11-19,196.96,196.96,196.96,196.96,368
2021-11-19,196.88,196.88,196.71,196.73,685
2021-11-19,196.6,196.6,196.6,196.6,209
2021-11-19,196.615,196.7,196.615,196.7,499
2021-11-19,196.715,196.98,196.705,196.98,2148
2021-11-19,197.03,197.03,196.93,196.985,2209
2021-11-19,197.02,197.19,197.02,197.12,3425
2021-11-19,197.3,197.385,197.3,197.385,2519
2021-11-19,197.5,197.71,197.5,197.71,2952
2021-11-19,197.68,197.68,197.47,197.51,3913
2021-11-19,197.435,197.435,197.08,197.08,320
2021-11-19,197.29,197.32,197.29,197.32,683
2021-11-19,197.08,197.1,197.08,197.1,1033
2021-11-19,197.05,197.1,197.05,197.1,1519
2021-11-19,197.19,197.23,197.19,197.21,522
2021-11-19,197.01,197.01,196.9,196.9,556
2021-11-19,196.63,196.63,196.6,196.6,433
2021-11-19,196.76,196.76,196.725,196.725,526
2021-11-19,196.74,196.75,196.74,196.75,1100
2021-11-19,196.72,196.72,196.46,196.5,1634
2021-11-19,196.52,196.57,196.52,196.56,661
2021-11-19,196.42,196.46,196.41,196.41,1457
2021-11-19,196.44,196.44,196.44,196.44,430
2021-11-19,196.41,196.41,196.24,196.24,878
2021-11-19,196.245,196.32,196.105,196.32,1179
2021-11-19,196.26,196.36,196.26,196.36,1152
2021-11-19,196.35,196.35,196.2,196.2,608
2021-11-19,196.08,196.39,196.08,196.37,881
2021-11-19,196.47,196.47,196.45,196.46,523
2021-11-19,196.37,196.37,196.37,196.37,268
2021-11-19,196.165,196.165,195.82,195.82,1000
2021-11-19,195.885,196.03,195.84,196.03,4116
2021-11-19,195.97,195.98,195.97,195.98,507
2021-11-19,196.15,196.15,196.15,196.15,174
2021-11-19,196.16,196.16,196.16,196.16,409
2021-11-19,195.95,196.17,195.95,196.17,1310
2021-11-19,196.03,196.03,196.03,196.03,210
2021-11-19,196.16,196.16,196.16,196.16,1249
2021-11-19,196.09,196.09,196.09,196.09,161
2021-11-19,196.02,196.1,196.02,196.1,890
2021-11-19,195.99,196.01,195.99,196,796
2021-11-19,195.93,196.04,195.93,196.04,973
2021-11-19,196.03,196.03,196.03,196.03,304
2021-11-19,196.01,196.03,196,196.03,633
2021-11-19,196.03,196.03,196,196,342
2021-11-19,196.035,196.04,196.035,196.04,358
2021-11-19,196.085,196.085,196.03,196.03,200
2021-11-19,196.09,196.09,195.81,195.89,876
2021-11-19,195.9,196.06,195.9,196.06,821
2021-11-19,196.04,196.04,195.985,196.02,621
2021-11-19,195.99,195.99,195.99,195.99,111
2021-11-19,195.94,195.95,195.87,195.87,760
2021-11-19,195.86,195.9,195.86,195.87,892
2021-11-19,195.86,195.86,195.6,195.6,524
2021-11-19,195.74,195.77,195.74,195.75,620
2021-11-19,195.75,195.75,195.74,195.75,718
2021-11-19,195.615,195.615,195.42,195.47,1411
2021-11-19,195.56,195.56,195.56,195.56,487
2021-11-19,195.83,195.83,195.76,195.76,510
2021-11-19,195.93,195.94,195.93,195.94,429
2021-11-19,195.88,196.08,195.88,196.08,1238
2021-11-19,196.03,196.03,196.03,196.03,289
2021-11-19,195.88,195.96,195.88,195.96,417
2021-11-19,195.955,196.05,195.955,196.05,673
2021-11-19,196.11,196.14,196.05,196.14,4250
2021-11-19,196.135,196.15,195.96,196.08,3042
2021-11-19,196.12,196.135,196.12,196.135,1818
2021-11-19,196.13,196.13,196,196,602
2021-11-19,195.89,196,195.89,196,333
2021-11-19,196,196,196,196,266
2021-11-19,195.97,195.97,195.94,195.94,555
2021-11-19,195.82,195.98,195.82,195.98,428
2021-11-19,195.96,195.99,195.96,195.99,365
2021-11-19,196.03,196.03,196.03,196.03,194
2021-11-19,196.065,196.065,196.065,196.065,907
2021-11-19,195.91,195.91,195.85,195.85,310
2021-11-19,195.91,195.91,195.755,195.76,2189
2021-11-19,195.73,195.78,195.71,195.78,851
2021-11-19,195.87,195.87,195.85,195.85,643
2021-11-19,195.88,195.88,195.88,195.88,103
2021-11-19,195.945,196,195.945,196,794
2021-11-19,195.83,195.9,195.805,195.9,1440
2021-11-19,195.91,195.91,195.86,195.86,200
2021-11-19,195.9,195.9,195.9,195.9,133
2021-11-19,195.79,195.86,195.79,195.81,1034
2021-11-19,195.88,195.88,195.765,195.765,5568
2021-11-19,195.74,195.76,195.74,195.75,1947
2021-11-19,195.68,195.68,195.65,195.65,416
2021-11-19,195.67,195.8,195.67,195.79,600
2021-11-19,195.895,195.895,195.895,195.895,124
2021-11-19,195.83,195.91,195.83,195.91,814
2021-11-19,195.88,196.005,195.88,196.005,770
2021-11-19,196.075,196.075,195.92,195.92,1625
2021-11-19,195.95,195.95,195.845,195.845,528
2021-11-19,195.885,195.9,195.85,195.85,1560
2021-11-19,195.9,195.935,195.885,195.895,1748
2021-11-19,195.85,195.86,195.85,195.86,320
2021-11-19,195.89,195.89,195.595,195.62,1900
2021-11-19,195.61,195.62,195.525,195.525,1453
2021-11-19,195.49,195.59,195.48,195.585,1791
2021-11-19,195.595,195.595,195.51,195.51,500
2021-11-19,195.52,195.52,195.49,195.49,349
2021-11-19,195.06,195.14,195.06,195.14,1124
2021-11-19,195.27,195.27,195,195.08,3283
2021-11-19,194.98,194.98,194.74,194.74,994
2021-11-19,194.91,194.91,194.695,194.695,1065
2021-11-19,194.63,194.79,194.515,194.74,4566
2021-11-19,194.715,194.79,194.66,194.77,2393
2021-11-19,194.75,194.83,194.705,194.83,1140
2021-11-19,194.715,194.94,194.715,194.94,1873
2021-11-19,195.02,195.02,195.02,195.02,373
2021-11-19,195.065,195.08,195.05,195.05,862
2021-11-19,195.07,195.07,195.04,195.04,250
2021-11-19,195.04,195.04,194.87,194.87,333
2021-11-19,194.885,194.885,194.685,194.69,2076
2021-11-19,194.64,194.68,194.605,194.66,3005
2021-11-19,194.6,194.6,194.48,194.555,3791
2021-11-19,194.63,194.65,194.58,194.62,8320
2021-11-19,194.715,194.905,194.715,194.905,3702
2021-11-19,194.99,195.1,194.935,194.96,5015
2021-11-19,194.935,194.99,194.935,194.99,1551
2021-11-19,194.94,194.96,194.94,194.96,725
2021-11-19,194.9,195.07,194.9,195.07,4225
2021-11-19,195.03,195.17,195.03,195.17,2596
2021-11-19,195.15,195.15,195.1,195.11,1772
2021-11-19,195.12,195.12,195.1,195.1,2733
2021-11-19,194.95,194.95,194.95,194.95,135
2021-11-19,194.94,194.94,194.94,194.94,414
2021-11-19,194.975,195,194.975,195,1154
2021-11-19,195.03,195.03,194.99,194.99,694
2021-11-19,194.73,194.74,194.72,194.72,679
2021-11-19,194.68,194.68,194.33,194.33,980
2021-11-19,194.66,194.78,194.66,194.78,1350
2021-11-19,194.75,194.76,194.75,194.76,560
2021-11-19,194.72,194.75,194.72,194.75,431
2021-11-19,194.76,194.79,194.74,194.79,838
2021-11-19,194.77,194.8,194.7,194.7,883
2021-11-19,194.67,194.67,194.645,194.645,900
2021-11-19,194.57,194.77,194.57,194.765,1553
2021-11-19,194.79,194.79,194.64,194.67,894
2021-11-19,194.75,194.75,194.75,194.75,229
2021-11-19,194.61,194.61,194.59,194.59,934
2021-11-19,194.7,194.79,194.7,194.79,451
2021-11-19,194.8,194.8,194.8,194.8,194
2021-11-19,194.815,194.815,194.65,194.65,635
2021-11-19,194.695,194.695,194.66,194.68,1853
2021-11-19,194.615,194.63,194.51,194.51,2572
2021-11-19,194.53,194.55,194.465,194.465,436
2021-11-19,194.495,194.595,194.495,194.595,1878
2021-11-19,194.47,194.48,194.47,194.48,618
2021-11-19,194.47,194.545,194.47,194.51,3870
2021-11-19,194.39,194.39,194.34,194.34,1984
2021-11-19,194.365,194.38,194.345,194.35,704
2021-11-19,194.32,194.32,194.32,194.32,561
2021-11-19,194.31,194.43,194.31,194.43,1870
2021-11-19,194.455,194.6,194.455,194.55,3938
2021-11-19,194.545,194.55,194.5,194.5,6318
2021-11-19,194.46,194.495,194.455,194.495,1827
2021-11-19,194.46,194.46,194.32,194.32,1134
2021-11-19,194.35,194.36,194.33,194.33,5254
2021-11-19,194.35,194.385,194.35,194.385,1324
2021-11-19,194.345,194.45,194.345,194.45,2231
2021-11-19,194.46,194.46,194.065,194.12,4082
2021-11-19,194.145,194.21,194.145,194.2,1414
2021-11-19,194.12,194.12,193.885,193.965,5475
2021-11-19,194.05,194.05,193.985,194,2133
2021-11-19,193.985,194.12,193.985,194,6444
2021-11-19,193.94,194.16,193.94,194.14,2916
2021-11-19,194.12,194.14,194.12,194.135,4670
2021-11-19,194.09,194.105,194.025,194.105,2996
2021-11-19,194.005,194.03,193.91,193.91,2741
2021-11-19,193.855,193.91,193.655,193.7,3395
2021-11-19,193.75,193.91,193.75,193.91,2098
2021-11-19,193.86,193.91,193.86,193.87,856
2021-11-19,193.84,193.91,193.84,193.87,1357
2021-11-19,193.88,193.95,193.78,193.78,1147
2021-11-19,193.64,193.64,193.54,193.54,1600
2021-11-19,193.51,193.52,193.25,193.25,5795
2021-11-19,193.18,193.43,193.14,193.43,2711
2021-11-19,193.34,193.34,193.28,193.28,960
2021-11-19,193.34,193.58,193.34,193.58,647
2021-11-19,193.65,193.95,193.62,193.95,3316
2021-11-19,193.93,194,193.93,193.97,6074
2021-11-19,194,194.06,193.86,193.88,3752
2021-11-19,193.885,194,193.88,194,1272
2021-11-19,193.92,194.085,193.92,194.085,4486
2021-11-19,194.05,194.115,193.94,193.94,6733
2021-11-19,193.73,193.79,193.73,193.79,944
2021-11-19,193.85,194.07,193.85,194.07,2936
2021-11-19,194.04,194.09,193.98,193.99,4213
2021-11-19,194.08,194.12,194.04,194.12,2098
2021-11-19,194.08,194.225,194.075,194.2,1719
2021-11-19,194.17,194.21,194.165,194.21,6378
2021-11-19,194.25,194.305,194.235,194.24,2344
2021-11-19,194.21,194.28,194.17,194.28,2176
2021-11-19,194.27,194.27,194.14,194.245,3553
2021-11-19,194.21,194.39,194.21,194.39,3986
2021-11-19,194.41,194.41,194.37,194.37,530
2021-11-19,194.42,194.43,194.42,194.43,604
2021-11-19,194.42,194.5,194.42,194.5,1369
2021-11-19,194.52,194.52,194.38,194.4,1472
2021-11-19,194.37,194.38,194.37,194.375,1144
2021-11-19,194.15,194.15,194.15,194.15,390
2021-11-19,194.14,194.14,194.01,194.01,682
2021-11-19,194.04,194.18,194.03,194.18,5187
2021-11-19,194.09,194.09,194.09,194.09,191
2021-11-19,193.99,193.99,193.99,193.99,654
2021-11-19,193.8,193.81,193.76,193.81,2681
2021-11-19,193.78,193.82,193.78,193.82,955
2021-11-19,193.8,193.81,193.8,193.81,397
2021-11-19,193.81,193.84,193.81,193.84,1026
2021-11-19,193.68,193.72,193.68,193.71,1207
2021-11-19,193.72,193.72,193.65,193.66,1813
2021-11-19,193.66,193.8,193.66,193.8,5473
2021-11-19,193.785,193.8,193.785,193.8,773
2021-11-19,193.82,194.03,193.82,193.99,1639
2021-11-19,193.965,193.965,193.91,193.94,872
2021-11-19,193.915,193.95,193.83,193.83,1276
2021-11-19,193.71,193.77,193.71,193.76,2792
2021-11-19,193.765,193.765,193.71,193.73,9650
2021-11-19,193.73,193.73,193.45,193.47,1691
2021-11-19,193.42,193.46,193.38,193.46,2097
2021-11-19,193.44,193.44,193.37,193.39,4811
2021-11-19,193.37,193.39,193.36,193.37,7259
2021-11-19,193.36,193.38,193.34,193.365,1990
2021-11-19,193.385,193.615,193.385,193.55,8202
2021-11-19,193.49,193.84,193.47,193.825,13291
2021-11-19,193.855,193.93,193.66,193.74,15327
2021-11-19,193.735,193.875,193.72,193.87,3259
2021-11-19,193.83,193.85,193.535,193.545,2373
2021-11-19,193.54,193.55,193.46,193.48,1656
2021-11-19,193.44,193.44,193.21,193.24,11146
2021-11-19,193.27,193.46,193.27,193.36,1766
2021-11-19,193.38,193.43,193.355,193.43,1905
2021-11-19,193.42,193.61,193.36,193.61,7718
2021-11-19,193.63,193.68,193.53,193.615,11467
2021-11-19,193.61,193.61,193.42,193.425,13196
2021-11-19,193.36,193.385,193.12,193.13,4508
2021-11-19,193.15,193.28,193.15,193.175,4467
2021-11-19,193.16,193.19,193.09,193.19,4952
2021-11-19,193.205,193.26,193.16,193.2,7010
2021-11-19,193.21,193.37,193.2,193.215,14393
2021-11-19,193.22,193.515,193.17,193.485,15356
2021-11-19,193.48,193.49,193.4,193.46,16285
2021-11-19,193.47,193.655,193.45,193.62,12393
2021-11-22,193.56,193.57,191.68,191.86,8334
2021-11-22,192.02,192.03,191.17,191.17,5707
2021-11-22,191.075,191.075,190.76,190.76,2095
2021-11-22,191.27,191.39,190.62,190.62,1722
2021-11-22,190.59,190.6,189.76,190.37,6368
2021-11-22,190.525,190.71,190.5,190.63,1747
2021-11-22,190.675,190.74,190.27,190.44,3769
2021-11-22,190.675,191.06,190.675,191.06,1460
2021-11-22,191.185,191.97,191.185,191.97,3610
2021-11-22,191.9,191.9,191.125,191.15,1904
2021-11-22,190.865,191.22,190.84,191.22,1614
2021-11-22,191.385,191.57,191.05,191.05,1753
2021-11-22,191.33,191.33,190.85,190.95,2704
2021-11-22,191.035,191.16,190.9,190.94,4512
2021-11-22,190.93,190.95,190.405,190.53,1451
2021-11-22,190.34,190.34,189.735,189.735,2817
2021-11-22,189.67,190.66,189.67,190.325,2668
2021-11-22,190.27,190.27,189.36,189.39,2217
2021-11-22,189.43,190.06,189.4,190.06,4707
2021-11-22,190.1,190.1,189.91,189.965,1839
2021-11-22,190.02,190.02,189.72,189.76,1045
2021-11-22,189.795,189.92,189.61,189.85,3549
2021-11-22,189.85,189.91,189.67,189.67,1765
2021-11-22,189.785,189.95,189.77,189.95,2846
2021-11-22,190.19,190.27,190.18,190.23,874
2021-11-22,190.085,190.25,190.085,190.24,695
2021-11-22,190.32,190.43,190.12,190.12,2516
2021-11-22,190.205,190.38,190.205,190.36,2892
2021-11-22,190.47,190.47,190.03,190.105,1935
2021-11-22,190.25,190.35,190.25,190.335,915
2021-11-22,190.385,190.52,190.34,190.52,2751
2021-11-22,190.495,190.63,190.44,190.44,1977
2021-11-22,190.35,190.35,190.16,190.265,1448
2021-11-22,190.29,190.315,190.01,190.115,2161
2021-11-22,190.15,190.22,190.05,190.05,1607
2021-11-22,190.09,190.235,190.07,190.21,2183
2021-11-22,190.26,190.41,190.26,190.35,2905
2021-11-22,190.2,190.34,190.195,190.22,3730
2021-11-22,190.435,190.46,190.34,190.37,2402
2021-11-22,190.32,190.41,190.32,190.41,1151
2021-11-22,190.34,190.34,189.98,189.98,4576
2021-11-22,189.94,190.1,189.76,189.76,4429
2021-11-22,189.84,189.87,189.71,189.72,1466
2021-11-22,189.93,190.18,189.93,190.18,1212
2021-11-22,189.94,189.95,189.8,189.8,1029
2021-11-22,189.825,190.01,189.74,189.75,2451
2021-11-22,189.615,189.615,189.525,189.525,2109
2021-11-22,189.465,189.63,189.465,189.63,1372
2021-11-22,189.66,189.66,189.6,189.66,1284
2021-11-22,189.84,189.925,189.78,189.92,723
2021-11-22,189.97,190.01,189.92,189.95,2767
2021-11-22,189.985,189.985,189.66,189.66,508
2021-11-22,189.59,189.71,189.59,189.7,1399
2021-11-22,189.68,189.68,189.42,189.42,1778
2021-11-22,189.485,189.485,189.06,189.115,5647
2021-11-22,189.1,189.1,188.82,188.82,4573
2021-11-22,188.73,188.85,188.73,188.76,2900
2021-11-22,188.785,188.935,188.785,188.935,4823
2021-11-22,188.865,188.945,188.7,188.7,2203
2021-11-22,188.68,188.97,188.65,188.925,2799
2021-11-22,188.915,189.01,188.51,188.51,3487
2021-11-22,188.47,188.58,188.35,188.36,4074
2021-11-22,188.4,188.555,188.4,188.55,2955
2021-11-22,188.44,188.44,188.25,188.36,2194
2021-11-22,188.36,188.37,188.155,188.155,4633
2021-11-22,188.155,188.23,187.94,187.955,3769
2021-11-22,188.015,188.05,187.82,187.88,2285
2021-11-22,187.97,188.01,187.78,187.78,1957
2021-11-22,187.81,187.81,187.335,187.45,20842
2021-11-22,187.455,187.465,187.34,187.365,2133
2021-11-22,187.38,187.4,187.24,187.24,1780
2021-11-22,187.265,187.52,187.265,187.52,8429
2021-11-22,187.6,187.64,187.47,187.61,12443
2021-11-22,187.53,187.81,187.42,187.64,7203
2021-11-22,187.61,187.68,187.56,187.63,16582
2021-11-22,187.61,187.69,187.55,187.57,6402
2021-11-22,187.56,187.62,187.55,187.59,2523
2021-11-22,187.605,187.605,187.5,187.5,1410
2021-11-22,187.545,187.65,187.42,187.53,7466
2021-11-22,187.56,187.62,187.56,187.62,1454
2021-11-22,187.37,187.56,187.255,187.255,1970
2021-11-22,187.285,187.44,187.285,187.38,2972
2021-11-22,187.43,187.43,187.1,187.14,2307
2021-11-22,187.06,187.07,186.85,186.85,2731
2021-11-22,186.8,186.94,186.8,186.94,1662
2021-11-22,186.91,187,186.63,186.79,4427
2021-11-22,186.76,186.93,186.72,186.73,2643
2021-11-22,186.53,186.585,186.16,186.17,5166
2021-11-22,186.18,186.72,186.1,186.65,4849
2021-11-22,186.75,187.005,186.75,186.91,3301
2021-11-22,186.83,186.87,186.42,186.42,5479
2021-11-22,186.44,186.54,186.42,186.53,2327
2021-11-22,186.58,186.58,186.46,186.46,3951
2021-11-22,186.44,186.44,186.05,186.05,3635
2021-11-22,186.05,186.055,185.79,185.98,3124
2021-11-22,186.09,186.14,186.08,186.14,1217
2021-11-22,186.1,186.425,186.1,186.3,2686
2021-11-22,186.29,186.3,186.17,186.17,918
2021-11-22,186.145,186.18,185.985,185.985,4164
2021-11-22,186,186.02,186,186.02,2810
2021-11-22,185.935,186.11,185.935,186,3326
2021-11-22,185.97,185.97,185.92,185.96,2176
2021-11-22,185.97,186.16,185.955,186.16,6915
2021-11-22,186.12,186.23,186.12,186.14,3475
2021-11-22,186.2,186.2,186.07,186.07,2305
2021-11-22,185.93,185.93,185.93,185.93,758
2021-11-22,185.955,185.98,185.87,185.87,7120
2021-11-22,185.91,186.1,185.9,185.9,6563
2021-11-22,185.81,185.81,185.44,185.51,6078
2021-11-22,185.5,185.8,185.5,185.8,2675
2021-11-22,185.82,185.96,185.74,185.74,2918
2021-11-22,185.75,185.87,185.55,185.87,5255
2021-11-22,185.82,185.82,185.75,185.82,1184
2021-11-22,185.9,185.9,185.55,185.55,2899
2021-11-22,185.52,185.52,185.3,185.32,3543
2021-11-22,185.37,185.43,185.33,185.35,1672
2021-11-22,185.25,185.27,184.89,184.98,5432
2021-11-22,184.925,185.13,184.925,185.13,1384
2021-11-22,185.135,185.39,185.12,185.39,2594
2021-11-22,185.29,185.46,185.26,185.42,2658
2021-11-22,185.45,185.6,185.36,185.36,14723
2021-11-22,185.335,185.38,185.235,185.38,5998
2021-11-22,185.395,185.4,185.085,185.17,5780
2021-11-22,185.17,185.37,185.12,185.27,4366
2021-11-22,185.44,185.52,185.28,185.52,3676
2021-11-22,185.525,185.66,185.49,185.5,5800
2021-11-22,185.52,185.725,185.52,185.64,1744
2021-11-22,185.6,185.6,185.44,185.48,2670
2021-11-22,185.48,185.48,185.19,185.195,10097
2021-11-22,185.14,185.23,185.1,185.21,9528
2021-11-22,185.205,185.28,185.125,185.195,12781
2021-11-22,185.18,185.21,185.09,185.21,9585
2021-11-22,185.185,185.47,185.185,185.39,10232
2021-11-22,185.42,185.5,185.25,185.31,4302
2021-11-22,185.22,185.595,185.13,185.595,6750
2021-11-22,185.58,185.73,185.52,185.52,6253
2021-11-22,185.47,185.5,185.33,185.34,5586
2021-11-22,185.325,185.44,185.325,185.44,5809
2021-11-22,185.44,185.45,185.22,185.22,1742
2021-11-22,185.24,185.26,185.23,185.26,1705
2021-11-22,185.13,185.24,184.91,185.24,2224
2021-11-22,185.235,185.26,185.21,185.22,1652
2021-11-22,185.15,185.16,184.5,184.5,3441
2021-11-22,184.5,184.83,184.5,184.71,3144
2021-11-22,184.71,184.84,184.45,184.48,3038
2021-11-22,184.41,184.47,184.345,184.36,3724
2021-11-22,184.36,184.52,184.36,184.52,3578
2021-11-22,184.46,184.81,184.39,184.81,3067
2021-11-22,184.71,184.71,184.58,184.69,1499
2021-11-22,184.67,184.94,184.67,184.92,2518
2021-11-22,184.755,185.15,184.755,185.06,3909
2021-11-22,185,185.17,185,185.05,2906
2021-11-22,185.02,185.075,184.83,184.98,2036
2021-11-22,185.03,185.285,185.03,185.285,3636
2021-11-22,185.24,185.25,185.12,185.19,3319
2021-11-22,185.17,185.17,185.02,185.06,1891
2021-11-22,184.94,184.97,184.82,184.85,2340
2021-11-22,184.91,184.98,184.91,184.96,1224
2021-11-22,184.99,185.115,184.7,184.76,2343
2021-11-22,184.85,184.9,184.85,184.9,526
2021-11-22,184.86,184.9,184.86,184.86,1269
2021-11-22,184.85,185.07,184.85,185.07,886
2021-11-22,185.14,185.14,185.065,185.09,3136
2021-11-22,185.14,185.16,184.98,184.98,2637
2021-11-22,185.135,185.2,185.05,185.12,2843
2021-11-22,184.995,185.05,184.995,185.03,1012
2021-11-22,185.18,185.71,185.17,185.56,5084
2021-11-22,185.7,185.74,185.63,185.66,1655
2021-11-22,185.84,185.89,185.65,185.71,7435
2021-11-22,185.69,185.69,185.32,185.32,4107
2021-11-22,185.26,185.53,185.26,185.35,1299
2021-11-22,185.36,185.5,185.35,185.5,1227
2021-11-22,185.54,185.57,185.54,185.57,410
2021-11-22,185.6,185.63,185.59,185.61,1011
2021-11-22,185.635,185.835,185.635,185.79,1654
2021-11-22,185.78,185.83,185.78,185.83,760
2021-11-22,185.83,186.11,185.825,186.11,5671
2021-11-22,186.125,186.21,186.125,186.21,2929
2021-11-22,186.01,186.42,186.01,186.42,1082
2021-11-22,186.39,186.45,186.305,186.44,3084
2021-11-22,186.41,186.8,186.37,186.8,3660
2021-11-22,186.7,187.11,186.7,187.11,3873
2021-11-22,187.1,187.14,186.94,187,17011
2021-11-22,186.945,187.04,186.945,187.04,4035
2021-11-22,186.99,187.05,186.95,186.98,4069
2021-11-22,186.92,186.935,186.915,186.93,913
2021-11-22,186.98,187.025,186.98,187.01,1215
2021-11-22,186.985,187.03,186.985,187.01,2187
2021-11-22,187.02,187.02,186.97,186.97,610
2021-11-22,187.01,187.13,186.96,186.99,1855
2021-11-22,186.99,187,186.95,187,4204
2021-11-22,187.07,187.31,187.07,187.31,1550
2021-11-22,187.15,187.24,187.15,187.24,1567
2021-11-22,187.27,187.29,187.25,187.29,1852
2021-11-22,187.23,187.31,187.18,187.31,4397
2021-11-22,187.24,187.3,187.24,187.24,2916
2021-11-22,187.2,187.25,187.2,187.25,272
2021-11-22,187.27,187.27,187.105,187.105,2145
2021-11-22,187.145,187.18,187.145,187.18,392
2021-11-22,187.15,187.16,187.065,187.065,1088
2021-11-22,187.14,187.15,186.93,186.93,1841
2021-11-22,187.08,187.08,187,187,1741
2021-11-22,186.89,187.03,186.89,187.03,4984
2021-11-22,186.99,186.99,186.95,186.95,471
2021-11-22,186.995,187.02,186.95,187.02,1644
2021-11-22,186.94,186.95,186.8,186.905,3803
2021-11-22,186.96,187.12,186.95,187.12,4820
2021-11-22,187.09,187.21,187.05,187.19,2401
2021-11-22,187.12,187.15,187.065,187.12,2312
2021-11-22,187.08,187.08,186.46,186.55,6083
2021-11-22,186.65,186.675,186.65,186.65,881
2021-11-22,186.71,186.71,186.62,186.64,955
2021-11-22,186.68,186.7,186.65,186.7,1059
2021-11-22,186.67,186.67,186.585,186.59,941
2021-11-22,186.8,186.8,186.79,186.79,926
2021-11-22,186.685,186.77,186.685,186.77,401
2021-11-22,186.74,186.77,186.74,186.77,1000
2021-11-22,186.69,186.69,186.525,186.525,1627
2021-11-22,186.59,186.6,186.56,186.57,8782
2021-11-22,186.58,186.64,186.54,186.57,5105
2021-11-22,186.435,186.8,186.43,186.78,6964
2021-11-22,186.755,186.76,186.65,186.7,4641
2021-11-22,186.68,186.74,186.54,186.54,1457
2021-11-22,186.53,186.56,186.45,186.485,1331
2021-11-22,186.675,186.73,186.675,186.73,1438
2021-11-22,186.73,186.84,186.73,186.84,1841
2021-11-22,186.85,187.05,186.85,187.05,1862
2021-11-22,187.11,187.22,187.11,187.22,1961
2021-11-22,187.405,187.69,187.405,187.69,3107
2021-11-22,187.635,187.945,187.635,187.945,1462
2021-11-22,187.955,187.99,187.91,187.955,2928
2021-11-22,187.97,188.14,187.72,187.8,6609
2021-11-22,187.77,187.815,187.56,187.63,1571
2021-11-22,187.74,187.9,187.74,187.88,2789
2021-11-22,187.88,187.89,187.83,187.89,973
2021-11-22,187.81,187.91,187.71,187.83,3378
2021-11-22,187.805,187.83,187.805,187.81,570
2021-11-22,187.755,187.76,187.715,187.715,571
2021-11-22,187.7,187.78,187.63,187.78,4179
2021-11-22,187.77,187.9,187.77,187.84,3347
2021-11-22,187.795,187.795,187.725,187.725,847
2021-11-22,187.65,187.92,187.65,187.9,4424
2021-11-22,187.865,187.865,187.76,187.76,1128
2021-11-22,187.58,187.58,187.58,187.58,310
2021-11-22,187.725,187.725,187.58,187.59,2965
2021-11-22,187.625,187.665,187.57,187.57,1458
2021-11-22,187.56,187.63,187.56,187.63,5788
2021-11-22,187.59,187.62,187.58,187.62,700
2021-11-22,187.66,187.83,187.63,187.83,5012
2021-11-22,187.83,187.905,187.8,187.83,2052
2021-11-22,187.985,188.05,187.96,187.99,3552
2021-11-22,188.05,188.075,188.04,188.07,1620
2021-11-22,188.06,188.06,188.06,188.06,234
2021-11-22,187.94,187.94,187.895,187.895,386
2021-11-22,188.08,188.08,188.08,188.08,132
2021-11-22,188.095,188.095,188.05,188.05,225
2021-11-22,188.02,188.02,188.02,188.02,397
2021-11-22,188.04,188.07,188.04,188.07,2501
2021-11-22,188.02,188.03,188.02,188.03,516
2021-11-22,188.06,188.15,188.05,188.14,2837
2021-11-22,188.07,188.07,188.07,188.07,280
2021-11-22,188.155,188.24,188.155,188.24,1752
2021-11-22,188.27,188.27,188.12,188.12,264
2021-11-22,188.13,188.15,188.09,188.09,414
2021-11-22,188.15,188.18,188.15,188.18,600
2021-11-22,188.325,188.42,188.3,188.42,4331
2021-11-22,188.47,188.47,188.47,188.47,367
2021-11-22,188.28,188.28,188.185,188.2,632
2021-11-22,188.11,188.11,188.075,188.095,1380
2021-11-22,188.14,188.18,188.14,188.18,1284
2021-11-22,188.215,188.25,188.21,188.25,1164
2021-11-22,188.26,188.29,188.23,188.23,1569
2021-11-22,188.26,188.26,188.21,188.21,478
2021-11-22,188.33,188.585,188.33,188.585,4166
2021-11-22,188.745,188.745,188.62,188.62,1773
2021-11-22,188.67,188.7,188.485,188.5,4082
2021-11-22,188.41,188.41,188.12,188.26,4407
2021-11-22,188.08,188.08,187.92,188,2117
2021-11-22,188.05,188.06,187.95,188,1268
2021-11-22,188.16,188.16,188.16,188.16,573
2021-11-22,188.07,188.075,188,188.01,1932
2021-11-22,188,188.105,188,188.105,648
2021-11-22,188.115,188.145,188.11,188.145,403
2021-11-22,188.2,188.375,188.2,188.375,1383
2021-11-22,188.32,188.385,188.29,188.385,1718
2021-11-22,188.5,188.68,188.5,188.68,979
2021-11-22,188.56,188.57,188.49,188.49,1343
2021-11-22,188.47,188.47,188.47,188.47,471
2021-11-22,188.55,188.68,188.55,188.68,677
2021-11-22,188.71,188.74,188.665,188.74,463
2021-11-22,188.735,188.79,188.735,188.79,492
2021-11-22,188.77,188.86,188.77,188.85,1440
2021-11-22,189,189.04,188.87,188.89,3806
2021-11-22,188.91,189.02,188.91,189.02,1415
2021-11-22,189.015,189.02,188.91,188.94,1887
2021-11-22,189.02,189.03,188.94,189.02,2767
2021-11-22,189.025,189.2,189.025,189.2,2594
2021-11-22,189.29,189.31,189.15,189.18,2733
2021-11-22,189.13,189.22,189.11,189.22,1346
2021-11-22,189.2,189.32,189.2,189.28,1603
2021-11-22,189.25,189.25,189.19,189.19,1973
2021-11-22,189.3,189.35,189.28,189.35,701
2021-11-22,189.33,189.4,189.3,189.3,2171
2021-11-22,189.37,189.39,189.37,189.39,594
2021-11-22,189.42,189.42,189.36,189.36,616
2021-11-22,189.33,189.49,189.27,189.49,1976
2021-11-22,189.57,189.72,189.55,189.71,2468
2021-11-22,189.69,189.775,189.66,189.775,2287
2021-11-22,189.735,189.75,189.55,189.61,1518
2021-11-22,189.61,189.67,189.46,189.56,2798
2021-11-22,189.67,189.67,189.62,189.62,412
2021-11-22,189.74,189.74,189.6,189.66,1284
2021-11-22,189.63,189.64,189.63,189.64,334
2021-11-22,189.7,189.96,189.7,189.96,6326
2021-11-22,189.97,190.23,189.96,190.23,7289
2021-11-22,190.23,190.35,190.15,190.25,5516
2021-11-22,190.35,190.37,190.2,190.23,2633
2021-11-22,190.47,190.63,190.42,190.6,3281
2021-11-22,190.44,190.78,190.43,190.74,3590
2021-11-22,190.84,190.84,190.705,190.78,1515
2021-11-22,190.83,191.17,190.805,191.17,4143
2021-11-22,191.22,191.32,191.17,191.25,3040
2021-11-22,191.24,191.25,191.18,191.23,4157
2021-11-22,191.2,191.24,191.05,191.05,3958
2021-11-22,191.09,191.09,190.93,191,2281
2021-11-22,191,191,190.85,190.89,1884
2021-11-22,190.89,191.12,190.89,190.97,1138
2021-11-22,190.99,191.02,190.96,190.99,1992
2021-11-22,191,191.01,190.92,191,1598
2021-11-22,190.97,191.2,190.97,191.12,3784
2021-11-22,191.11,191.265,191.1,191.265,2178
2021-11-22,191.3,191.69,191.29,191.69,4061
2021-11-22,191.725,192.06,191.7,192.06,2664
2021-11-22,192.01,192.04,191.91,192.04,3023
2021-11-22,191.89,191.91,191.89,191.91,1300
2021-11-22,191.97,192.22,191.94,192.18,3198
2021-11-22,192.3,192.35,192.27,192.35,2118
2021-11-22,192.38,192.41,192.17,192.22,3629
2021-11-22,192.22,192.29,192.22,192.24,1000
2021-11-22,192.115,192.57,192.115,192.57,1522
2021-11-22,192.68,192.84,192.68,192.78,3607
2021-11-22,192.77,192.81,192.59,192.71,1415
2021-11-22,192.71,192.72,192.615,192.615,3369
2021-11-22,192.61,192.61,192.46,192.53,3361
2021-11-22,192.39,192.53,192.39,192.51,2260
2021-11-22,192.525,192.525,192.345,192.38,963
2021-11-22,192.31,192.42,192.31,192.39,730
2021-11-22,192.43,192.43,191.995,191.995,1638
2021-11-22,192.16,192.24,191.98,191.98,2247
2021-11-22,191.97,191.97,191.92,191.92,944
2021-11-22,192.12,192.12,192.12,192.12,102
2021-11-22,192.14,192.24,192.14,192.24,817
2021-11-22,192.25,192.25,192.01,192.01,3004
2021-11-22,191.96,191.96,191.685,191.685,2653
2021-11-22,191.56,191.56,191.36,191.42,2257
2021-11-22,191.45,191.45,191.21,191.25,2964
2021-11-22,191.04,191.06,190.655,190.655,1418
2021-11-22,190.83,190.84,190.6,190.6,3134
2021-11-22,190.73,190.75,190.41,190.42,2220
2021-11-22,190.45,190.81,190.43,190.79,5127
2021-11-22,190.8,190.8,190.53,190.655,4119
2021-11-22,190.57,190.75,190.56,190.75,2435
2021-11-22,190.74,190.765,190.58,190.585,3400
2021-11-22,190.55,190.57,190.48,190.49,1558
2021-11-22,190.46,190.46,190.13,190.13,2781
2021-11-22,190.155,190.25,190.135,190.14,3494
2021-11-22,190.32,190.34,190.24,190.34,1362
2021-11-22,190.35,190.44,190.34,190.41,3067
2021-11-22,190.51,190.57,190.47,190.57,1063
2021-11-22,190.51,190.64,190.49,190.64,900
2021-11-22,190.6,190.76,190.595,190.7,1231
2021-11-22,190.67,190.68,190.43,190.61,3356
2021-11-22,190.62,190.835,190.62,190.69,3078
2021-11-22,190.68,190.73,190.67,190.705,2188
2021-11-22,190.8,190.87,190.725,190.81,1384
2021-11-22,190.81,190.99,190.81,190.96,1854
2021-11-22,190.99,191.14,190.86,190.86,2212
2021-11-22,190.785,190.835,190.75,190.835,809
2021-11-22,190.6,190.67,190.42,190.425,1602
2021-11-22,190.43,190.45,190.34,190.34,2388
2021-11-22,190.395,190.46,190.375,190.44,4405
2021-11-22,190.375,190.375,190.11,190.15,2944
2021-11-22,190.18,190.47,189.955,189.955,15291
2021-11-22,189.955,190.09,189.895,190.06,4853
2021-11-22,190.08,190.09,189.72,189.81,5440
2021-11-22,189.865,189.97,189.83,189.93,5826
2021-11-22,189.95,189.98,189.88,189.89,4431
2021-11-22,189.9,189.9,189.41,189.47,9637
2021-11-23,189.155,189.39,188.74,188.79,12567
2021-11-23,188.79,188.86,187.89,187.89,4455
2021-11-23,187.75,187.93,187.3,187.93,3758
2021-11-23,188.33,188.62,188.3,188.49,3459
2021-11-23,188.43,189.25,188.42,189.03,3259
2021-11-23,189.14,189.6,189.14,189.6,11458
2021-11-23,189.72,190.22,189.33,189.43,4032
2021-11-23,189.425,189.59,189.14,189.51,3527
2021-11-23,189.49,189.595,189.42,189.56,961
2021-11-23,189.44,190.31,189.44,189.87,5802
2021-11-23,189.77,189.83,189.41,189.83,1820
2021-11-23,189.79,189.79,189.57,189.66,1667
2021-11-23,189.84,190.43,189.84,190.27,2943
2021-11-23,190.085,190.45,190.08,190.355,4426
2021-11-23,190.32,190.32,189.92,189.92,762
2021-11-23,189.79,190.26,189.79,190.26,2686
2021-11-23,190.46,190.75,190.305,190.61,3382
2021-11-23,190.59,190.62,190.3,190.42,3650
2021-11-23,190.25,190.27,189.79,189.82,2553
2021-11-23,189.81,189.82,189.32,189.32,1625
2021-11-23,189.12,189.58,189.12,189.58,2308
2021-11-23,189.62,189.98,189.62,189.895,1583
2021-11-23,189.63,189.63,189.58,189.58,405
2021-11-23,189.58,189.65,189.465,189.65,991
2021-11-23,189.61,189.61,189.54,189.57,785
2021-11-23,189.34,189.34,188.79,188.95,2938
2021-11-23,188.96,188.98,188.67,188.77,3619
2021-11-23,188.815,189.16,188.815,189,2520
2021-11-23,189.02,189.02,188.39,188.42,3578
2021-11-23,188.465,188.57,188.4,188.43,2572
2021-11-23,188.47,188.47,188.08,188.08,3169
2021-11-23,188,188.06,187.83,187.85,2633
2021-11-23,187.81,188.04,187.74,187.93,1701
2021-11-23,187.87,188.1,187.68,187.8,2955
2021-11-23,187.52,187.64,187.455,187.57,3000
2021-11-23,187.61,187.65,187.6,187.65,904
2021-11-23,187.68,187.68,187.05,187.05,3725
2021-11-23,186.95,187.17,186.95,187.17,679
2021-11-23,186.93,186.93,186.75,186.88,1466
2021-11-23,186.8,186.86,186.79,186.86,1275
2021-11-23,186.94,187.3,186.9,187.3,1792
2021-11-23,187.46,187.46,187.33,187.33,453
2021-11-23,187.45,187.45,187.21,187.28,866
2021-11-23,187.09,187.09,186.88,186.95,1773
2021-11-23,186.48,186.66,186.44,186.64,1084
2021-11-23,186.73,187.35,186.73,187.35,4384
2021-11-23,186.89,187.02,186.7,186.72,1649
2021-11-23,186.82,186.82,186.71,186.72,2361
2021-11-23,186.935,186.935,186.69,186.75,1201
2021-11-23,186.68,186.85,186.65,186.85,3166
2021-11-23,186.93,186.93,186.67,186.76,4857
2021-11-23,186.7,186.98,186.7,186.98,2319
2021-11-23,186.95,186.95,186.95,186.95,330
2021-11-23,187.1,187.27,187.1,187.2,2918
2021-11-23,187.155,187.19,187.12,187.16,1295
2021-11-23,186.94,186.94,186.86,186.86,440
2021-11-23,186.52,186.52,186.21,186.21,1322
2021-11-23,186.28,186.32,186.15,186.2,2295
2021-11-23,186.22,186.27,186.11,186.15,2432
2021-11-23,186.15,186.275,186,186.07,5023
2021-11-23,186.035,186.06,185.77,185.93,6858
2021-11-23,186.135,186.27,186.135,186.19,2227
2021-11-23,186.13,186.13,185.91,185.99,1310
2021-11-23,185.82,185.84,185.63,185.84,1870
2021-11-23,185.87,185.96,185.71,185.83,4987
2021-11-23,185.69,185.765,185.49,185.49,1889
2021-11-23,185.9,185.94,185.9,185.94,986
2021-11-23,185.84,185.84,185.84,185.84,307
2021-11-23,185.5,185.54,185.43,185.54,1368
2021-11-23,185.56,185.56,185.56,185.56,838
2021-11-23,185.8,185.86,185.8,185.86,643
2021-11-23,185.9,186.02,185.9,186.02,1480
2021-11-23,186.01,186.28,186.01,186.28,2160
2021-11-23,186.37,186.37,186.37,186.37,277
2021-11-23,186.15,186.22,185.88,185.88,2187
2021-11-23,185.86,186.32,185.84,186.255,3271
2021-11-23,186.235,186.235,185.9,186.02,2561
2021-11-23,186.105,186.49,186.1,186.49,4212
2021-11-23,186.475,186.52,186.36,186.36,2315
2021-11-23,186.44,186.44,186.28,186.35,599
2021-11-23,186.27,186.37,186.27,186.37,697
2021-11-23,186.11,186.11,186.11,186.11,444
2021-11-23,186.21,186.22,185.96,186.03,1411
2021-11-23,186,186.01,185.96,185.97,942
2021-11-23,185.94,185.95,185.9,185.94,1218
2021-11-23,186.08,186.33,186.08,186.28,1792
2021-11-23,186.33,186.42,186.24,186.24,14686
2021-11-23,186.185,186.21,185.86,185.88,1734
2021-11-23,185.82,185.87,185.56,185.6,1528
2021-11-23,185.62,185.675,185.475,185.475,3013
2021-11-23,185.5,185.64,185.485,185.485,718
2021-11-23,185.54,185.65,185.48,185.49,2320
2021-11-23,185.54,185.61,185.46,185.46,1503
2021-11-23,185.44,185.51,185.25,185.34,5098
2021-11-23,185.34,185.545,185.34,185.52,2346
2021-11-23,185.48,185.48,185.39,185.39,905
2021-11-23,185.25,185.25,185.23,185.23,805
2021-11-23,185.3,185.43,185.3,185.43,966
2021-11-23,185.43,185.95,185.43,185.81,1624
2021-11-23,185.82,185.82,185.71,185.74,1098
2021-11-23,185.755,186.175,185.755,186.175,3557
2021-11-23,186.26,186.26,186.16,186.17,1483
2021-11-23,186.16,186.2,186.16,186.175,598
2021-11-23,186.08,186.15,185.96,185.96,1638
2021-11-23,185.94,185.98,185.82,185.85,1321
2021-11-23,185.705,185.995,185.63,185.995,2613
2021-11-23,186.21,186.6,186.21,186.37,2375
2021-11-23,186.27,186.27,186.18,186.18,503
2021-11-23,186.37,186.37,186.35,186.35,636
2021-11-23,186.2,186.2,186.03,186.03,1122
2021-11-23,186.41,186.41,186.33,186.33,690
2021-11-23,186.28,186.35,186.28,186.35,515
2021-11-23,186.37,186.41,186.35,186.41,763
2021-11-23,186.41,186.41,186.38,186.39,675
2021-11-23,186.49,186.72,186.49,186.72,1393
2021-11-23,186.76,186.89,186.68,186.89,2017
2021-11-23,186.955,187.02,186.89,186.9,2482
2021-11-23,186.93,186.93,186.84,186.84,528
2021-11-23,186.71,186.71,186.63,186.71,773
2021-11-23,186.685,186.8,186.56,186.8,824
2021-11-23,186.99,186.99,186.99,186.99,400
2021-11-23,186.8,186.8,186.285,186.32,965
2021-11-23,186.23,186.23,186.11,186.19,2429
2021-11-23,186.22,186.245,186.04,186.04,1786
2021-11-23,186.21,186.21,186.07,186.07,653
2021-11-23,186.18,186.18,186.13,186.13,595
2021-11-23,186.54,186.54,186.54,186.54,284
2021-11-23,186.68,186.76,186.68,186.73,967
2021-11-23,186.77,186.77,186.74,186.74,736
2021-11-23,186.78,186.78,186.69,186.69,849
2021-11-23,186.66,186.66,186.64,186.64,646
2021-11-23,186.73,186.83,186.73,186.83,517
2021-11-23,186.86,186.86,186.86,186.86,743
2021-11-23,186.76,186.76,186.43,186.43,253
2021-11-23,186.25,186.42,186.25,186.42,2178
2021-11-23,186.89,186.99,186.89,186.99,491
2021-11-23,187,187.17,186.99,187.17,5209
2021-11-23,187.02,187.06,187.02,187.06,510
2021-11-23,187.04,187.04,186.98,186.99,946
2021-11-23,187,187,187,187,229
2021-11-23,186.92,186.92,186.9,186.91,857
2021-11-23,186.87,186.87,186.65,186.69,1690
2021-11-23,186.625,186.625,186.395,186.395,1938
2021-11-23,186.385,186.66,186.385,186.66,2772
2021-11-23,186.73,186.75,186.62,186.62,1309
2021-11-23,186.675,186.675,186.37,186.37,833
2021-11-23,186.37,186.42,186.37,186.42,1532
2021-11-23,186.49,186.49,186.49,186.49,437
2021-11-23,186.42,186.56,186.42,186.55,1170
2021-11-23,186.48,186.49,186.48,186.49,732
2021-11-23,186.62,186.67,186.62,186.67,540
2021-11-23,186.58,186.58,186.35,186.44,5297
2021-11-23,186.53,186.81,186.53,186.81,791
2021-11-23,186.865,186.865,186.865,186.865,437
2021-11-23,186.82,186.82,186.82,186.82,351
2021-11-23,186.765,187,186.765,187,626
2021-11-23,187,187.005,187,187,318
2021-11-23,186.88,186.93,186.82,186.82,1462
2021-11-23,186.92,186.92,186.71,186.71,1635
2021-11-23,186.75,186.94,186.75,186.93,583
2021-11-23,186.99,186.99,186.98,186.985,1001
2021-11-23,186.95,187.03,186.95,187,2095
2021-11-23,186.92,186.93,186.87,186.87,880
2021-11-23,186.86,186.88,186.82,186.82,678
2021-11-23,186.87,186.87,186.87,186.87,601
2021-11-23,186.86,186.885,186.86,186.885,492
2021-11-23,186.87,186.87,186.87,186.87,479
2021-11-23,186.835,186.835,186.775,186.775,704
2021-11-23,186.81,186.825,186.81,186.825,482
2021-11-23,186.8,186.8,186.8,186.8,188
2021-11-23,186.805,186.81,186.805,186.81,774
2021-11-23,187,187.12,187,187.12,2768
2021-11-23,187.175,187.38,187.175,187.38,2113
2021-11-23,187.52,187.52,187.52,187.52,1010
2021-11-23,187.59,187.59,187.255,187.26,994
2021-11-23,187.615,187.615,187.615,187.615,257
2021-11-23,187.58,187.71,187.505,187.685,2912
2021-11-23,187.785,188.31,187.785,188.31,5555
2021-11-23,188.25,188.25,188,188,1845
2021-11-23,187.95,187.96,187.93,187.93,652
2021-11-23,187.98,187.98,187.88,187.88,437
2021-11-23,188.03,188.03,188.03,188.03,385
2021-11-23,187.77,187.77,187.53,187.6,1381
2021-11-23,187.64,187.72,187.45,187.49,1025
2021-11-23,187.29,187.29,187.29,187.29,671
2021-11-23,187.14,187.215,187.11,187.215,618
2021-11-23,187.35,187.35,187.35,187.35,220
2021-11-23,187.29,187.325,187.29,187.325,492
2021-11-23,187.35,187.36,187.3,187.3,689
2021-11-23,187.12,187.12,186.98,186.98,485
2021-11-23,187,187,186.88,186.92,824
2021-11-23,187.01,187.01,187.01,187.01,134
2021-11-23,186.93,186.93,186.93,186.93,660
2021-11-23,187.01,187.01,187.01,187.01,159
2021-11-23,187.125,187.205,187.125,187.205,424
2021-11-23,187.245,187.245,187.18,187.18,1262
2021-11-23,187.1,187.1,187.1,187.1,155
2021-11-23,186.98,187.155,186.98,187.155,658
2021-11-23,187.245,187.26,187.24,187.25,1283
2021-11-23,187.18,187.18,187.05,187.05,1123
2021-11-23,186.99,187.1,186.98,187.1,953
2021-11-23,187.09,187.09,187.09,187.09,414
2021-11-23,187.13,187.13,186.91,186.91,718
2021-11-23,186.95,186.97,186.95,186.97,1248
2021-11-23,186.96,186.96,186.96,186.96,429
2021-11-23,186.78,186.85,186.75,186.85,582
2021-11-23,186.78,186.82,186.72,186.82,649
2021-11-23,186.88,186.88,186.8,186.8,954
2021-11-23,186.75,186.75,186.67,186.67,921
2021-11-23,186.7,186.7,186.7,186.7,271
2021-11-23,186.7,186.7,186.7,186.7,229
2021-11-23,186.78,186.78,186.62,186.62,986
2021-11-23,186.65,186.65,186.65,186.65,681
2021-11-23,186.46,186.57,186.46,186.57,336
2021-11-23,186.46,186.46,186.46,186.46,262
2021-11-23,186.46,186.46,186.38,186.38,1479
2021-11-23,186.34,186.34,186.2,186.24,814
2021-11-23,186.27,186.32,186.27,186.32,470
2021-11-23,186.16,186.23,186.12,186.23,2120
2021-11-23,186.4,186.475,186.4,186.475,323
2021-11-23,186.59,186.72,186.59,186.72,1329
2021-11-23,186.68,186.68,186.56,186.56,4136
2021-11-23,186.535,186.535,186.41,186.41,933
2021-11-23,186.37,186.45,186.37,186.43,1889
2021-11-23,186.41,186.42,186.3,186.32,2939
2021-11-23,186.47,186.47,186.395,186.42,1772
2021-11-23,186.33,186.33,186.25,186.25,792
2021-11-23,186.17,186.2,186.13,186.195,2446
2021-11-23,186.36,186.36,186.28,186.28,569
2021-11-23,186.51,186.51,186.4,186.4,408
2021-11-23,186.335,186.335,186.25,186.28,636
2021-11-23,186.42,186.51,186.4,186.46,846
2021-11-23,186.4,186.4,186.4,186.4,328
2021-11-23,186.54,186.54,186.5,186.5,1045
2021-11-23,186.49,186.49,186.42,186.42,232
2021-11-23,186.575,186.575,186.545,186.545,1098
2021-11-23,186.495,186.495,186.37,186.37,311
2021-11-23,186.27,186.27,186.27,186.27,460
2021-11-23,186.16,186.21,186.16,186.21,1819
2021-11-23,186.18,186.18,186.09,186.09,1025
2021-11-23,186.17,186.17,186.17,186.17,480
2021-11-23,186.29,186.29,186.27,186.28,1144
2021-11-23,186.305,186.305,186.21,186.21,242
2021-11-23,186.19,186.39,186.19,186.39,1032
2021-11-23,186.54,186.545,186.54,186.54,1186
2021-11-23,186.48,186.48,186.43,186.45,750
2021-11-23,186.41,186.43,186.41,186.43,4855
2021-11-23,186.45,186.5,186.32,186.32,1273
2021-11-23,186.73,186.73,186.73,186.73,169
2021-11-23,186.9,187,186.9,187,1767
2021-11-23,187.095,187.28,187.095,187.28,1062
2021-11-23,187.06,187.06,186.98,186.98,685
2021-11-23,187.03,187.295,187.03,187.295,5326
2021-11-23,187.27,187.27,187.15,187.25,2865
2021-11-23,187.15,187.19,187.11,187.19,1516
2021-11-23,187,187.12,187,187.11,1287
2021-11-23,187.29,187.4,187.29,187.4,2662
2021-11-23,187.44,187.44,187.42,187.42,1185
2021-11-23,187.13,187.21,187.13,187.16,1437
2021-11-23,187.24,187.24,186.94,187,950
2021-11-23,187.1,187.14,187.05,187.07,2608
2021-11-23,187.09,187.19,187.09,187.16,2270
2021-11-23,187.425,187.72,187.41,187.6,3407
2021-11-23,187.56,187.56,187.345,187.35,2349
2021-11-23,187.36,187.48,187.36,187.48,728
2021-11-23,187.36,187.45,187.36,187.37,1036
2021-11-23,187.27,187.36,187.27,187.36,721
2021-11-23,187.35,187.51,187.35,187.4,1515
2021-11-23,187.31,187.31,187.27,187.295,651
2021-11-23,187.19,187.19,187.06,187.115,1183
2021-11-23,187.16,187.16,187.08,187.08,453
2021-11-23,187.12,187.12,186.88,186.95,1849
2021-11-23,187.04,187.04,187.04,187.04,642
2021-11-23,187.04,187.04,187.04,187.04,553
2021-11-23,187.045,187.17,187.04,187.06,2677
2021-11-23,187,187.05,187,187.05,521
2021-11-23,187.08,187.08,186.88,186.88,418
2021-11-23,186.75,186.76,186.63,186.63,1498
2021-11-23,186.735,186.76,186.57,186.57,1227
2021-11-23,186.58,186.595,186.58,186.595,651
2021-11-23,186.595,186.595,186.56,186.56,788
2021-11-23,186.565,186.59,186.565,186.59,722
2021-11-23,186.67,186.675,186.65,186.675,1029
2021-11-23,186.63,186.68,186.63,186.65,818
2021-11-23,186.69,186.96,186.69,186.95,1903
2021-11-23,186.83,186.83,186.73,186.73,982
2021-11-23,186.58,186.79,186.56,186.78,1299
2021-11-23,186.9,186.9,186.89,186.89,717
2021-11-23,186.76,186.76,186.75,186.75,733
2021-11-23,186.92,186.92,186.9,186.9,818
2021-11-23,186.94,186.94,186.89,186.91,1736
2021-11-23,186.89,187.09,186.89,187.09,999
2021-11-23,186.97,186.97,186.83,186.84,1380
2021-11-23,186.735,186.735,186.55,186.55,1056
2021-11-23,186.62,186.67,186.62,186.67,1946
2021-11-23,186.59,186.59,186.59,186.59,767
2021-11-23,186.6,186.71,186.6,186.71,2779
2021-11-23,186.71,186.87,186.71,186.85,1274
2021-11-23,186.77,186.82,186.77,186.82,1287
2021-11-23,186.8,186.8,186.72,186.79,1646
2021-11-23,186.85,187.03,186.85,187.02,3402
2021-11-23,187.05,187.07,186.99,187.03,1662
2021-11-23,187.06,187.175,187.06,187.175,618
2021-11-23,187.33,187.33,187.33,187.33,259
2021-11-23,187.38,187.5,187.38,187.5,1938
2021-11-23,187.6,187.6,187.58,187.59,1405
2021-11-23,187.745,187.88,187.7,187.83,5054
2021-11-23,187.84,188.07,187.825,188.05,5144
2021-11-23,187.97,187.97,187.915,187.965,1064
2021-11-23,188.02,188.14,188.02,188.08,1749
2021-11-23,187.98,187.98,187.745,187.87,4299
2021-11-23,187.98,187.98,187.89,187.925,1832
2021-11-23,187.95,188.015,187.89,187.905,2085
2021-11-23,187.965,187.98,187.965,187.98,1184
2021-11-23,188.03,188.21,188.03,188.12,4597
2021-11-23,188.1,188.14,188.07,188.07,2744
2021-11-23,188.03,188.03,187.98,187.98,1418
2021-11-23,187.89,187.89,187.74,187.75,1459
2021-11-23,187.83,187.83,187.78,187.78,1465
2021-11-23,187.83,187.83,187.795,187.795,685
2021-11-23,187.77,187.8,187.76,187.8,1575
2021-11-23,187.81,187.81,187.77,187.77,940
2021-11-23,187.75,187.95,187.75,187.95,1841
2021-11-23,187.8,187.8,187.8,187.8,392
2021-11-23,187.93,187.93,187.86,187.89,1055
2021-11-23,188.01,188.09,188,188.09,1784
2021-11-23,188.03,188.15,188.01,188.15,1067
2021-11-23,188.03,188.05,188.03,188.05,641
2021-11-23,188.09,188.115,188.09,188.115,1225
2021-11-23,188.165,188.165,187.93,187.93,1007
2021-11-23,187.91,187.91,187.7,187.7,1773
2021-11-23,187.67,187.78,187.64,187.78,1052
2021-11-23,187.76,187.865,187.76,187.865,1843
2021-11-23,187.88,187.91,187.82,187.82,1188
2021-11-23,187.88,188.26,187.88,188.26,3012
2021-11-23,188.35,188.35,188.26,188.26,1103
2021-11-23,188.24,188.25,188.21,188.23,1706
2021-11-23,188.31,188.31,188.25,188.28,1980
2021-11-23,188.27,188.27,188.12,188.12,1183
2021-11-23,187.93,187.95,187.85,187.93,2585
2021-11-23,187.975,187.975,187.92,187.97,1645
2021-11-23,187.94,187.98,187.94,187.98,1130
2021-11-23,187.905,187.905,187.905,187.905,701
2021-11-23,187.76,187.8,187.76,187.8,1077
2021-11-23,187.76,187.84,187.76,187.84,722
2021-11-23,187.825,188.015,187.825,187.985,2547
2021-11-23,188.015,188.24,188.015,188.24,4740
2021-11-23,188.18,188.18,187.9,187.9,2058
2021-11-23,187.96,188,187.89,187.9,1522
2021-11-23,187.83,187.83,187.78,187.79,2720
2021-11-23,187.8,187.99,187.8,187.91,5907
2021-11-23,187.83,187.83,187.66,187.8,2717
2021-11-23,187.84,187.88,187.81,187.81,5357
2021-11-23,187.68,187.68,187.62,187.62,715
2021-11-23,187.64,187.655,187.28,187.28,3540
2021-11-23,187.37,187.5,187.29,187.31,2000
2021-11-23,187.25,187.35,187.17,187.35,6335
2021-11-23,187.36,187.44,187.335,187.44,3507
2021-11-23,187.25,187.455,187.25,187.455,2621
2021-11-23,187.53,187.59,187.49,187.57,2549
2021-11-23,187.67,187.74,187.64,187.65,3228
2021-11-23,187.69,187.7,187.48,187.49,2680
2021-11-23,187.48,187.61,187.48,187.61,7579
2021-11-23,187.96,188.04,187.8,187.8508,494.0
