Date,Open,High,Low,Close,Volume
2021-11-19,134.21,134.77,134.21,134.77,1453
2021-11-19,134.87,134.87,134.73,134.86,1275
2021-11-19,134.71,134.83,134.71,134.83,841
2021-11-19,135.18,135.29,135.02,135.2,1424
2021-11-19,135.17,135.19,135.03,135.1,1693
2021-11-19,135.2,135.21,135.02,135.03,1025
2021-11-19,134.8,134.875,134.8,134.875,500
2021-11-19,134.84,134.94,134.84,134.94,304
2021-11-19,134.75,134.75,134.58,134.58,837
2021-11-19,134.495,134.54,134.32,134.54,1941
2021-11-19,134.6,134.83,134.57,134.83,986
2021-11-19,134.66,135.215,134.66,135.215,601
2021-11-19,135.11,135.17,134.855,134.855,889
2021-11-19,135.04,135.04,134.82,134.98,671
2021-11-19,134.9,134.99,134.9,134.96,752
2021-11-19,134.94,135.2,134.94,135.12,1741
2021-11-19,135.31,135.625,135.25,135.25,2250
2021-11-19,135.13,135.33,135.13,135.33,336
2021-11-19,135.52,135.59,135.49,135.59,764
2021-11-19,135.63,135.86,135.63,135.86,600
2021-11-19,136.08,136.37,136.08,136.09,1060
2021-11-19,136.03,136.03,135.96,135.96,556
2021-11-19,135.71,136.03,135.71,136.01,5626
2021-11-19,135.99,136.05,135.99,136.04,1357
2021-11-19,135.76,135.76,135.75,135.75,301
2021-11-19,135.89,136.06,135.88,136.06,302
2021-11-19,135.93,135.965,135.93,135.96,324
2021-11-19,136.06,136.19,136.06,136.17,1633
2021-11-19,136.33,136.33,135.92,135.99,1200
2021-11-19,135.95,135.95,135.76,135.94,2401
2021-11-19,135.97,135.98,135.97,135.97,1201
2021-11-19,135.61,135.61,135.3,135.5,2200
2021-11-19,135.44,135.44,135.44,135.44,125
2021-11-19,135.5,135.5,135.39,135.39,650
2021-11-19,135.29,135.29,135.29,135.29,100
2021-11-19,135.36,135.57,135.33,135.5,1181
2021-11-19,135.45,135.63,135.44,135.63,700
2021-11-19,135.66,135.98,135.66,135.91,1189
2021-11-19,135.91,135.925,135.89,135.925,450
2021-11-19,135.81,135.81,134.73,134.83,1357
2021-11-19,134.94,135,134.61,134.61,1309
2021-11-19,134.38,134.38,134.33,134.33,400
2021-11-19,134.4,134.4,134.23,134.35,4454
2021-11-19,134.38,134.53,134.38,134.51,1555
2021-11-19,134.48,134.57,134.48,134.56,3063
2021-11-19,134.84,134.84,134.82,134.83,592
2021-11-19,134.92,135.42,134.92,135.26,1824
2021-11-19,135.26,135.26,135.06,135.06,984
2021-11-19,134.99,135.02,134.95,134.95,1438
2021-11-19,134.97,135.11,134.9,135,1302
2021-11-19,134.7,134.7,134.61,134.61,742
2021-11-19,134.79,134.79,134.79,134.79,139
2021-11-19,134.72,134.74,134.72,134.73,410
2021-11-19,135,135,135,135,100
2021-11-19,135.14,135.14,135.03,135.03,300
2021-11-19,135.06,135.06,135.005,135.005,800
2021-11-19,134.62,134.62,134.37,134.37,343
2021-11-19,134.51,134.61,134.42,134.47,2857
2021-11-19,134.33,134.45,134.33,134.45,862
2021-11-19,134.49,134.49,134.11,134.13,450
2021-11-19,134.06,134.07,133.98,134.03,1126
2021-11-19,134.09,134.54,134.09,134.5,3175
2021-11-19,134.56,134.56,134.18,134.18,900
2021-11-19,134.35,134.45,134.35,134.45,960
2021-11-19,134.46,134.5,134.2,134.2,1991
2021-11-19,134.17,134.29,134.11,134.25,2268
2021-11-19,134.23,134.31,133.875,133.875,751
2021-11-19,133.83,133.84,133.73,133.735,2537
2021-11-19,134.03,134.08,133.9,133.9,2053
2021-11-19,134.13,134.13,134.1,134.1,257
2021-11-19,134.22,134.23,134.16,134.16,847
2021-11-19,134.18,134.18,134,134.1,1422
2021-11-19,134.05,134.05,133.43,133.48,2944
2021-11-19,133.42,133.44,133,133,1801
2021-11-19,133.21,133.21,133.03,133.03,1350
2021-11-19,132.99,133.3,132.74,133.3,3574
2021-11-19,133.15,133.39,132.92,133.36,1717
2021-11-19,133.1,133.635,133,133.635,2220
2021-11-19,133.59,133.59,133.41,133.41,1478
2021-11-19,133.44,133.68,133.44,133.5,1304
2021-11-19,133.69,133.75,133.66,133.71,1550
2021-11-19,133.75,134.17,133.75,134.07,2062
2021-11-19,134.135,134.28,134.135,134.16,1131
2021-11-19,134.13,134.515,134.13,134.38,747
2021-11-19,134.415,134.48,133.99,134.05,1386
2021-11-19,134.02,134.09,133.81,133.97,774
2021-11-19,133.92,133.93,133.82,133.93,1056
2021-11-19,133.61,133.74,133.61,133.66,602
2021-11-19,133.81,134.09,133.81,133.98,1345
2021-11-19,134.03,134.03,133.77,133.78,900
2021-11-19,133.93,134.06,133.93,134.06,344
2021-11-19,134.03,134.03,133.95,133.95,600
2021-11-19,133.86,133.86,133.83,133.83,300
2021-11-19,134.2,134.39,134.19,134.31,1087
2021-11-19,134.4,134.4,133.89,133.955,693
2021-11-19,133.995,134.14,133.99,134.14,2573
2021-11-19,134.33,134.33,134.28,134.28,381
2021-11-19,134.19,134.26,134.08,134.23,2226
2021-11-19,134.295,134.66,134.295,134.6,1150
2021-11-19,134.57,134.84,134.57,134.84,737
2021-11-19,134.69,134.7,134.32,134.32,1224
2021-11-19,134.275,134.34,134.23,134.26,1717
2021-11-19,134.07,134.22,134.07,134.22,600
2021-11-19,134.265,134.27,134,134,1785
2021-11-19,133.86,134.12,133.86,134.11,697
2021-11-19,133.94,134,133.865,134,1612
2021-11-19,133.98,134.01,133.86,133.87,6100
2021-11-19,133.76,133.76,133.52,133.64,2686
2021-11-19,133.62,133.7,133.56,133.57,1148
2021-11-19,133.73,133.75,133.62,133.67,1149
2021-11-19,133.63,133.67,133.47,133.47,1186
2021-11-19,133.54,133.78,133.54,133.6,855
2021-11-19,133.57,133.83,133.57,133.73,1771
2021-11-19,133.75,134.27,133.7,134.27,2424
2021-11-19,134.24,134.33,134.06,134.06,1586
2021-11-19,134.05,134.05,133.97,134,1068
2021-11-19,134.18,134.18,134.18,134.18,475
2021-11-19,134.235,134.45,134.235,134.45,1535
2021-11-19,134.59,134.94,134.53,134.9,4590
2021-11-19,134.74,134.86,134.51,134.86,2958
2021-11-19,134.93,134.96,134.66,134.85,3923
2021-11-19,134.84,134.84,134.7,134.81,1392
2021-11-19,134.805,134.85,134.61,134.66,2054
2021-11-19,134.6,134.79,134.59,134.76,1479
2021-11-19,134.74,135.08,134.65,135.04,2891
2021-11-19,135.09,135.09,134.54,134.97,4551
2021-11-19,134.92,134.97,134.63,134.68,3323
2021-11-19,134.67,134.71,134,134.71,8168
2021-11-22,140.95,141.51,138.82,138.91,9177
2021-11-22,138.835,139,137.61,137.61,10294
2021-11-22,137.175,138.2,137.08,137.605,4901
2021-11-22,137.71,139.085,137.71,139,5100
2021-11-22,139.15,139.15,136.92,136.92,6082
2021-11-22,136.79,136.79,135.67,136.32,5456
2021-11-22,136.54,136.88,136.08,136.5,7498
2021-11-22,136.53,136.83,136.11,136.83,2584
2021-11-22,137.14,138.28,136.94,138.28,3730
2021-11-22,138.21,138.44,137.18,137.71,9689
2021-11-22,137.65,138.575,137.32,138.52,4909
2021-11-22,138.72,139.13,137.79,138.4,6655
2021-11-22,137.63,138.085,137.55,138,5514
2021-11-22,138.08,138.26,136.98,137.28,5289
2021-11-22,136.83,136.84,135.12,135.34,2015
2021-11-22,135.54,135.77,134.84,135.74,2927
2021-11-22,135.29,135.88,135.28,135.31,4453
2021-11-22,134.86,134.86,133.67,133.84,3873
2021-11-22,133.32,133.64,133.07,133.26,2947
2021-11-22,133.21,133.21,132.39,133.01,3292
2021-11-22,133.16,133.79,133.11,133.54,3640
2021-11-22,133.54,133.54,132.56,132.59,2521
2021-11-22,132.76,133.7,132.72,132.75,4534
2021-11-22,132.315,132.34,131.13,131.13,6350
2021-11-22,131.11,131.67,130.51,130.53,6840
2021-11-22,130.39,131.28,130.39,130.61,3706
2021-11-22,130.28,130.47,127.64,128.74,12089
2021-11-22,128.65,129.4,127.24,128.235,9120
2021-11-22,128.23,128.71,126.35,126.99,9426
2021-11-22,127,127.71,126.05,126.18,12030
2021-11-22,126.35,126.81,125.47,126.5,36954
2021-11-22,126.75,127.865,126.695,127.75,9274
2021-11-22,127.39,127.66,126.85,127.66,5122
2021-11-22,127.75,128.27,126.96,128.11,4438
2021-11-22,128.02,128.02,127.5,127.5,5729
2021-11-22,127.72,127.76,126.94,127.47,2494
2021-11-22,127.735,127.735,125.67,125.67,6588
2021-11-22,125.66,126.68,125.66,126.68,2627
2021-11-22,126.72,127.085,126.31,126.34,2522
2021-11-22,126.99,127.795,126.99,127.795,2927
2021-11-22,127.575,128.91,127.575,128.36,5436
2021-11-22,128.64,129.12,128.51,128.51,2694
2021-11-22,128.42,128.75,127.66,127.95,2450
2021-11-22,127.845,128.16,127.845,128.15,939
2021-11-22,128.12,128.44,128.12,128.39,2084
2021-11-22,128.68,128.99,127.89,127.89,3157
2021-11-22,128.285,128.285,126.85,127.39,2985
2021-11-22,127.81,129.15,127.56,129.15,3227
2021-11-22,129.3,129.68,128.785,129.68,2941
2021-11-22,129.7,129.7,128.31,128.52,1808
2021-11-22,128.72,129.6,128.72,129.37,2449
2021-11-22,129.17,129.23,128.95,128.95,1113
2021-11-22,128.73,129.89,128.68,129.675,2562
2021-11-22,129.975,129.98,129.12,129.43,6415
2021-11-22,129.455,129.455,129.24,129.24,2109
2021-11-22,128.88,129.4,128.7,129.16,2436
2021-11-22,128.755,128.995,128.55,128.81,3980
2021-11-22,128.79,129.13,128.77,128.795,2117
2021-11-22,129.04,129.05,128.79,128.965,894
2021-11-22,128.55,128.91,128.54,128.91,1179
2021-11-22,129.35,130.58,129.35,130.39,7817
2021-11-22,130.46,130.46,130.03,130.03,2624
2021-11-22,130.35,130.6,130.28,130.53,1681
2021-11-22,130.42,130.5,129.9,129.92,3349
2021-11-22,130.27,130.53,130.2,130.4,1875
2021-11-22,130.44,131.03,130.44,130.73,4411
2021-11-22,130.2,130.36,130.01,130.01,1289
2021-11-22,129.89,129.89,129.39,129.47,990
2021-11-22,129.455,129.455,129.26,129.26,1662
2021-11-22,129.41,129.41,129.41,129.41,432
2021-11-22,129.08,129.9,128.59,129.9,2139
2021-11-22,130.05,130.13,129.95,130.13,535
2021-11-22,130.26,130.32,130.02,130.02,1625
2021-11-22,129.83,129.83,129.46,129.46,990
2021-11-22,129.44,129.44,128.65,128.65,926
2021-11-22,128.52,128.57,127.94,128.14,1254
2021-11-22,127.84,127.99,127.63,127.64,1805
2021-11-22,127.665,127.94,127.665,127.94,1464
2021-11-22,127.91,127.91,127.87,127.87,329
2021-11-22,127.89,128.06,127.89,128.06,396
2021-11-22,128.03,128.04,127.79,127.92,855
2021-11-22,128.13,128.14,128.08,128.13,1180
2021-11-22,128.04,128.3,127.9,128.3,1435
2021-11-22,127.695,127.75,127.695,127.75,200
2021-11-22,127.82,127.82,127.01,127.08,1454
2021-11-22,127.1,127.155,126.36,127.08,3130
2021-11-22,127.36,127.36,127.15,127.15,362
2021-11-22,127.01,127.41,127,127.025,1065
2021-11-22,126.51,126.7,126.45,126.65,2923
2021-11-22,126.675,126.675,126.31,126.405,1923
2021-11-22,126.485,126.67,126.08,126.67,1995
2021-11-22,126.36,126.36,125.83,125.83,2457
2021-11-22,125.87,125.9,125.4,125.49,1201
2021-11-22,125.66,125.66,124.81,124.96,3133
2021-11-22,124.9,125.12,124.58,124.58,1925
2021-11-22,124.525,124.67,123.97,124.62,3368
2021-11-22,124.6,124.72,124.6,124.72,602
2021-11-22,124.68,124.69,124.68,124.69,349
2021-11-22,124.34,124.37,124.18,124.265,1197
2021-11-22,124.62,124.79,124.42,124.75,1851
2021-11-22,124.64,125.41,124.64,125.29,800
2021-11-22,125.32,125.62,125.32,125.545,1350
2021-11-22,125.35,125.35,125.11,125.12,606
2021-11-22,125.08,125.245,125.04,125.1,2053
2021-11-22,125.11,125.12,124.51,124.51,1614
2021-11-22,124.79,124.91,124.74,124.76,1128
2021-11-22,124.86,125.34,124.86,125.325,5098
2021-11-22,124.64,124.64,123.55,123.55,2925
2021-11-22,123.52,123.85,123.51,123.75,2306
2021-11-22,123.8,124.07,123.78,124.07,1215
2021-11-22,123.92,124.2,123.65,124,3171
2021-11-22,124.125,124.21,124.02,124.21,4420
2021-11-22,124.58,124.67,123.86,123.86,2631
2021-11-22,123.565,123.7,122.91,123.19,3284
2021-11-22,123.11,123.39,122.77,122.77,1420
2021-11-22,122.92,123.28,122.92,123.26,1782
2021-11-22,123.05,123.36,122.91,123.195,898
2021-11-22,123.19,123.2,123.04,123.2,1175
2021-11-22,123.13,123.195,122.6,122.67,2038
2021-11-22,122.92,122.98,122.715,122.78,2253
2021-11-22,122.66,122.66,122.14,122.26,1851
2021-11-22,122.5,122.5,121.91,122.11,3486
2021-11-22,122.33,123.1,122.33,123,4665
2021-11-22,123.09,123.58,123.08,123.51,2760
2021-11-22,123.48,123.92,123.25,123.9,3090
2021-11-22,123.7,124.24,123.7,124.24,1445
2021-11-22,124.24,124.25,123.74,124.05,2604
2021-11-22,123.85,123.85,123.36,123.36,1401
2021-11-22,123.57,123.74,123.02,123.02,1427
2021-11-22,123,123,122.38,122.38,2291
2021-11-22,122.56,122.88,122.52,122.86,1454
2021-11-22,122.39,122.71,122.3,122.3,716
2021-11-22,122.12,122.18,122.03,122.08,1542
2021-11-22,122.08,122.62,122.08,122.48,1904
2021-11-22,122.51,122.51,121.62,121.62,2519
2021-11-22,121.8,122.94,121.74,122.94,8068
2021-11-22,122.65,122.65,121.54,121.62,2544
2021-11-22,121.47,121.85,121.47,121.68,9499
2021-11-22,121.49,121.49,120.71,120.79,3373
2021-11-22,120.76,121.39,120.76,121.35,3069
2021-11-22,121.5,121.83,121.33,121.41,2650
2021-11-22,121.34,121.65,121.24,121.24,1433
2021-11-22,121.14,121.39,121.09,121.32,3154
2021-11-22,121.08,121.08,120.22,120.65,3604
2021-11-22,120.575,120.645,120.08,120.22,9462
2021-11-22,120.12,120.86,120.1,120.72,8317
2021-11-22,120.45,120.45,119.29,119.29,2992
2021-11-22,119.36,120.01,119.3,119.77,3940
2021-11-22,119.95,119.96,119.42,119.79,3108
2021-11-22,119.82,119.83,119.465,119.625,3830
2021-11-22,119.455,119.69,119.15,119.59,4701
2021-11-22,119.02,119.49,118.93,119.19,3043
2021-11-22,119.07,119.19,118.41,118.41,4448
2021-11-22,118.46,118.83,117.91,118.035,11776
2021-11-22,118.025,118.18,117.84,117.99,8928
2021-11-22,118.08,118.095,117.56,117.715,2183
2021-11-22,117.67,118.64,117.405,118.64,2987
2021-11-22,118.58,118.96,118.53,118.89,4779
2021-11-22,118.91,118.91,118.03,118.03,2756
2021-11-22,118.13,118.25,117.72,117.72,2578
2021-11-22,117.71,118.59,117.71,118.59,1557
2021-11-22,118.48,118.49,118.1,118.23,4689
2021-11-22,118.26,118.39,118.195,118.36,1400
2021-11-22,118.36,118.49,118.01,118.35,4794
2021-11-22,118.45,119.27,118.45,119.2,6312
2021-11-22,119.2,119.755,119.16,119.755,7905
2021-11-22,119.79,119.79,119.33,119.48,6155
2021-11-22,119.54,120.085,119.54,120,1973
2021-11-22,120.11,120.11,119.85,120,2395
2021-11-22,120.04,120.4,120.04,120.12,1456
2021-11-22,120.18,120.38,119.9,120.38,1161
2021-11-22,120.34,120.34,119.95,120.03,1391
2021-11-22,119.72,120.39,119.72,120.39,1458
2021-11-22,120.65,120.69,120.51,120.62,2686
2021-11-22,120.47,120.54,120.35,120.54,2334
2021-11-22,120.75,121.39,120.7,121.11,5166
2021-11-22,121.135,121.37,121.135,121.34,4656
2021-11-22,121.415,121.74,121.225,121.74,3725
2021-11-22,121.8,122.37,121.8,122.1,4314
2021-11-22,122.115,122.17,121.58,121.825,4917
2021-11-22,121.83,122.26,121.65,122.1,1909
2021-11-22,122.065,122.6,122.06,122.47,3066
2021-11-22,122.42,122.42,122.115,122.4,1121
2021-11-22,122.31,122.75,121.91,122.75,1539
2021-11-22,122.99,123.24,122.9,123.18,1308
2021-11-22,123.2,123.79,123.2,123.71,3010
2021-11-22,123.61,124.09,123.61,123.91,2312
2021-11-22,123.69,123.965,123.47,123.69,1896
2021-11-22,123.55,123.84,123.49,123.53,1077
2021-11-22,123.37,123.38,123.24,123.26,1133
2021-11-22,123.29,123.88,123.29,123.88,1158
2021-11-22,123.74,123.92,123.74,123.92,1432
2021-11-22,123.98,124.07,123.83,123.88,2050
2021-11-22,123.91,123.98,123.5,123.5,2800
2021-11-22,123.44,123.46,122.92,123.09,6589
2021-11-22,123.09,123.115,122.56,122.56,2681
2021-11-22,122.62,122.62,122.18,122.55,4327
2021-11-22,122.99,123.56,122.99,123.56,575
2021-11-22,123.36,123.73,123.36,123.73,1445
2021-11-22,123.8,124.26,123.8,124,1416
2021-11-22,123.98,124.11,123.7,123.92,3731
2021-11-22,123.51,123.54,122.76,122.76,1681
2021-11-22,122.89,123.15,122.81,122.81,1004
2021-11-22,122.89,123.31,122.83,123.31,545
2021-11-22,123.29,123.36,122.74,122.74,773
2021-11-22,122.38,122.54,122.35,122.54,836
2021-11-22,122.51,122.51,122.51,122.51,252
2021-11-22,122.85,122.85,122.85,122.85,262
2021-11-22,122.8,122.8,122.115,122.115,803
2021-11-22,122.39,122.39,121.81,121.94,957
2021-11-22,121.58,121.69,120.9,120.9,4567
2021-11-22,120.99,121.24,120.99,121.1,1465
2021-11-22,120.81,121,120.6,121,1719
2021-11-22,120.99,120.99,120.305,120.59,2767
2021-11-22,120.59,120.75,120.51,120.7,5227
2021-11-22,120.86,121.13,120.86,121.02,2152
2021-11-22,121.15,121.44,121.09,121.09,720
2021-11-22,121.1,121.17,120.905,120.905,900
2021-11-22,121.33,121.37,121.31,121.34,643
2021-11-22,121.42,121.69,121.42,121.69,231
2021-11-22,121.67,121.77,121.67,121.68,490
2021-11-22,121.73,121.92,121.73,121.92,444
2021-11-22,121.88,122.25,121.855,122.25,504
2021-11-22,122.31,122.31,121.61,121.98,2390
2021-11-22,121.93,121.93,121.76,121.89,1357
2021-11-22,121.955,122.12,121.84,121.85,3150
2021-11-22,121.56,121.835,121.38,121.78,1532
2021-11-22,121.65,122.04,121.65,122.04,476
2021-11-22,122.03,122.03,121.93,121.97,1585
2021-11-22,122,122.23,122,122.23,450
2021-11-22,122.27,122.45,122.27,122.45,419
2021-11-22,122.6,122.88,122.6,122.71,412
2021-11-22,122.81,123.14,122.81,123.14,733
2021-11-22,122.81,122.85,122.81,122.85,474
2021-11-22,123.02,123.09,123.02,123.09,200
2021-11-22,123.21,123.21,123.18,123.18,476
2021-11-22,123.19,123.25,123.13,123.13,1210
2021-11-22,123.06,123.095,122.99,123.095,410
2021-11-22,123.02,123.02,122.5,122.57,862
2021-11-22,122.63,122.63,122.63,122.63,100
2021-11-22,122.79,122.79,122.68,122.68,999
2021-11-22,122.525,122.525,122.36,122.47,814
2021-11-22,122.685,122.71,122.56,122.71,451
2021-11-22,122.47,122.66,122.44,122.66,606
2021-11-22,122.315,122.315,122.005,122.25,2566
2021-11-22,122,122.07,122,122.04,1665
2021-11-22,122.25,122.57,122.25,122.57,725
2021-11-22,122.54,122.7,122.54,122.7,203
2021-11-22,122.845,122.845,122.76,122.76,472
2021-11-22,122.5,122.5,122.41,122.41,326
2021-11-22,122.19,122.19,122.19,122.19,473
2021-11-22,122.18,122.41,121.985,122.41,2533
2021-11-22,122.01,122.01,122,122,387
2021-11-22,122.36,122.63,122.36,122.38,375
2021-11-22,122.4,122.69,122.36,122.69,514
2021-11-22,122.495,122.495,122.375,122.395,2306
2021-11-22,122.225,122.225,122.18,122.19,625
2021-11-22,122.72,122.74,122.72,122.74,466
2021-11-22,122.64,123.305,122.61,123.27,1003
2021-11-22,123.15,123.15,123.12,123.12,353
2021-11-22,123.23,123.23,123,123.22,334
2021-11-22,123.19,123.96,123.19,123.66,3191
2021-11-22,123.715,124.17,123.71,124.17,2193
2021-11-22,124.13,124.13,123.94,123.94,2156
2021-11-22,124.1,124.1,123.49,123.49,2120
2021-11-22,123.505,123.715,123.505,123.715,3141
2021-11-22,123.58,123.67,123.53,123.67,3272
2021-11-22,123.89,124.36,123.89,124.36,1193
2021-11-22,124.27,124.5,124.26,124.5,715
2021-11-22,124.73,124.73,124.2,124.21,1925
2021-11-22,123.99,124.11,123.75,124.11,1113
2021-11-22,124.08,124.08,123.79,123.79,340
2021-11-22,123.99,124,123.98,123.98,406
2021-11-22,123.95,123.95,123.75,123.75,477
2021-11-22,123.18,123.18,122.79,122.88,2360
2021-11-22,122.82,122.82,122.33,122.46,1650
2021-11-22,122.25,122.34,122.18,122.18,1476
2021-11-22,122.09,122.32,122.09,122.26,1816
2021-11-22,122.295,122.35,122.22,122.23,820
2021-11-22,122.09,122.15,121.985,122.05,1415
2021-11-22,122.41,122.57,122.28,122.29,1183
2021-11-22,122.04,122.09,122,122.09,378
2021-11-22,122.06,122.32,121.985,122.32,1096
2021-11-22,122.48,122.48,122.43,122.43,300
2021-11-22,122.285,122.285,122.24,122.24,325
2021-11-22,122.275,122.275,122.05,122.05,478
2021-11-22,121.93,122.13,121.8,122.13,958
2021-11-22,122.3,122.8,122.3,122.53,1246
2021-11-22,123,123.32,122.87,123.32,1173
2021-11-22,123.21,123.42,123.18,123.4,1624
2021-11-22,122.86,123.21,122.85,122.85,1286
2021-11-22,122.715,122.715,122.715,122.715,370
2021-11-22,122.42,122.49,122.32,122.32,600
2021-11-22,122.315,122.4,122.085,122.105,1540
2021-11-22,122.03,122.06,121.82,121.82,1471
2021-11-22,121.94,122.26,121.94,122.26,929
2021-11-22,122.27,122.29,122.26,122.29,500
2021-11-22,122.075,122.58,122.075,122.58,929
2021-11-22,122.9,122.9,122.9,122.9,300
2021-11-22,122.695,122.73,122.67,122.69,700
2021-11-22,122.74,122.74,122.69,122.69,312
2021-11-22,122.76,122.76,122.57,122.57,833
2021-11-22,122.445,122.445,122.14,122.2,1019
2021-11-22,122.51,122.7,122.47,122.7,469
2021-11-22,122.48,122.48,122.48,122.48,210
2021-11-22,122.41,122.54,122.3,122.54,968
2021-11-22,122.8,123.06,122.8,123.06,1514
2021-11-22,122.98,123.04,122.87,123.04,529
2021-11-22,122.81,122.81,122.36,122.395,800
2021-11-22,122.43,122.49,122.38,122.38,637
2021-11-22,122.47,122.81,122.47,122.81,761
2021-11-22,122.695,122.7,122.695,122.7,300
2021-11-22,123.35,123.53,123.35,123.38,1198
2021-11-22,123.18,123.29,123.18,123.29,606
2021-11-22,123.155,123.44,123.075,123.075,410
2021-11-22,123.16,123.16,123.04,123.08,1800
2021-11-22,123.11,123.12,122.85,122.85,500
2021-11-22,123.17,123.3,123.17,123.3,358
2021-11-22,123.29,123.5,123.115,123.5,966
2021-11-22,123.15,123.15,123.13,123.13,275
2021-11-22,123.03,123.07,122.95,122.95,419
2021-11-22,122.93,123.04,122.91,122.98,1019
2021-11-22,123.16,123.38,123.16,123.38,875
2021-11-22,123.49,123.52,123.49,123.49,700
2021-11-22,123.68,123.68,123.36,123.51,1542
2021-11-22,123.31,123.59,123.31,123.59,1369
2021-11-22,123.57,123.78,123.57,123.78,500
2021-11-22,123.8,123.8,123.8,123.8,198
2021-11-22,124.09,124.09,123.98,124.05,301
2021-11-22,124.19,124.19,124.19,124.19,256
2021-11-22,124.245,124.5,124.245,124.395,900
2021-11-22,124.43,124.55,124.43,124.48,624
2021-11-22,124.465,124.93,123.82,124.93,1463
2021-11-22,125,125.29,124.82,124.905,1502
2021-11-22,124.73,124.78,124.54,124.6,700
2021-11-22,124.36,124.44,124.16,124.44,503
2021-11-22,124.38,124.38,124.01,124.015,1000
2021-11-22,124.18,124.47,124.18,124.31,1302
2021-11-22,124.37,124.99,124.37,124.99,4418
2021-11-22,125,125.08,124.69,125.08,3497
2021-11-22,125.1,125.11,124.9,124.99,4559
2021-11-22,125.12,125.15,124.67,124.82,2921
2021-11-22,124.83,124.94,124.66,124.83,1311
2021-11-22,124.78,124.78,124.22,124.3,1648
2021-11-22,124.32,124.57,124.2,124.21,1366
2021-11-22,123.93,123.94,123.87,123.94,1244
2021-11-22,123.9,123.9,123.85,123.85,551
2021-11-22,123.705,123.76,123.49,123.49,1697
2021-11-22,123.46,123.56,123.16,123.49,1213
2021-11-22,123.3,123.41,123.05,123.11,1640
2021-11-22,122.93,123.255,122.9,123.04,1658
2021-11-22,123.11,123.13,122.97,122.99,3251
2021-11-22,122.95,123.01,122.5,122.665,4135
2021-11-22,122.71,122.98,122.5,122.59,2448
2021-11-22,122.69,122.9,122.34,122.34,2702
2021-11-22,122.3,122.98,122.3,122.92,1911
2021-11-22,122.68,122.95,122.44,122.44,2421
2021-11-22,122.46,122.46,121.785,121.785,1635
2021-11-22,121.84,122.08,121.8,121.87,3685
2021-11-22,121.86,122.2,121.8,121.9,1806
2021-11-22,121.88,121.88,121.15,121.15,3350
2021-11-22,121.39,121.48,121.15,121.46,4378
2021-11-22,121.46,121.75,121.46,121.75,1709
2021-11-22,121.815,122.22,121.815,122.18,3749
2021-11-22,122.22,122.54,122.22,122.44,6121
2021-11-22,122.35,122.46,122.12,122.225,1989
2021-11-22,122.25,122.41,122.25,122.32,1108
2021-11-22,122.31,122.31,122.085,122.22,1601
2021-11-22,122.48,122.48,122.34,122.34,977
2021-11-22,122.36,122.81,122.36,122.6,1099
2021-11-22,122.61,122.73,122.61,122.73,1680
2021-11-22,122.67,122.77,122.58,122.765,3700
2021-11-22,122.77,122.77,122.415,122.415,7635
2021-11-22,122.45,122.45,121.87,121.97,1978
2021-11-22,121.9,121.9,121.44,121.49,1587
2021-11-22,121.48,121.48,120.52,120.52,4633
2021-11-22,120.4,120.52,120.03,120.04,7267
2021-11-22,120.03,120.35,120.03,120.06,1918
2021-11-22,120.09,120.23,120,120.23,3042
2021-11-22,120.17,120.95,120.17,120.68,6031
2021-11-22,120.73,120.74,120.17,120.18,3313
2021-11-22,120.17,120.455,120.03,120.34,5520
2021-11-22,120.25,120.25,119.95,119.95,3157
2021-11-22,119.905,120.38,119.905,120.335,11849
2021-11-22,119.73,119.73,119.73,119.73,125
2021-11-23,119.115,120.44,119,120.38,9534
2021-11-23,120.885,120.885,118.74,118.8,16549
2021-11-23,118.23,118.605,117.81,118.02,12967
2021-11-23,118.355,119.26,118.1,118.15,8261
2021-11-23,118.26,118.72,117.94,118.02,11064
2021-11-23,117.9,118.29,117.71,117.92,7088
2021-11-23,117.92,118.09,117.15,117.735,7138
2021-11-23,117.77,117.77,116.65,116.86,11285
2021-11-23,116.91,117.63,116.91,117.415,19847
2021-11-23,117.415,117.415,116.38,117.01,10477
2021-11-23,117.06,119.875,117.06,119.875,10106
2021-11-23,119.885,119.885,118.75,118.81,6547
2021-11-23,118.81,119.2,118.505,118.88,11071
2021-11-23,118.91,119.515,118.69,119.41,19411
2021-11-23,119.42,119.42,118.91,119.01,9428
2021-11-23,118.97,119.5,118.97,119.22,7629
2021-11-23,119.21,119.34,118.7,118.7,7875
2021-11-23,118.71,119.805,118.71,119.55,6911
2021-11-23,119.27,119.27,118.86,118.97,9745
2021-11-23,118.99,120.5,118.99,120.45,7078
2021-11-23,120.63,120.63,119.935,120.31,3478
2021-11-23,120.58,121.06,120.58,120.75,1968
2021-11-23,120.69,120.75,119.53,119.63,4630
2021-11-23,119.71,120.4,119.69,120.4,2400
2021-11-23,120.49,120.58,119.77,119.93,1784
2021-11-23,120,120.09,119.61,119.62,1705
2021-11-23,119.61,120.15,119.61,120.15,2214
2021-11-23,120.45,120.81,120.38,120.38,1792
2021-11-23,120.845,121,120.845,120.87,3709
2021-11-23,120.82,120.915,120.26,120.38,2469
2021-11-23,120.97,121.225,120.51,120.51,2257
2021-11-23,120.16,120.18,119.9,119.965,1705
2021-11-23,119.825,119.94,119.24,119.24,6898
2021-11-23,119.245,119.66,119.08,119.17,4908
2021-11-23,119.21,119.63,119.21,119.525,829
2021-11-23,119.83,119.85,119.48,119.61,3030
2021-11-23,119.62,119.655,118.19,118.24,16804
2021-11-23,118.235,118.55,118.07,118.09,10066
2021-11-23,118.235,118.235,117.61,117.635,12855
2021-11-23,117.72,117.825,117.515,117.8,11011
2021-11-23,117.81,118.2,117.81,118.14,8505
2021-11-23,118.02,118.09,117.64,117.7,2707
2021-11-23,118.06,118.07,117.71,117.79,4300
2021-11-23,117.655,117.69,117.5,117.505,5349
2021-11-23,117.51,117.9,117.19,117.9,7373
2021-11-23,118.01,118.38,117.97,118.23,2232
2021-11-23,118.25,118.25,117.01,117.38,6942
2021-11-23,117.35,117.44,117.19,117.44,5367
2021-11-23,117.21,117.78,117,117.55,4902
2021-11-23,117.48,118.09,117.47,118.09,7202
2021-11-23,118.21,118.21,117.535,117.535,4581
2021-11-23,117.96,117.96,117.86,117.87,5609
2021-11-23,117.61,118.44,117.61,118.44,1509
2021-11-23,118.71,119.13,118.67,118.98,5218
2021-11-23,119,119.075,118.85,118.875,3625
2021-11-23,118.91,118.91,118.66,118.77,5467
2021-11-23,118.74,118.76,117.945,118.16,2651
2021-11-23,118.215,118.395,118.19,118.25,2103
2021-11-23,118.41,118.66,118.4,118.4,3922
2021-11-23,118.4,118.4,118.01,118.04,3795
2021-11-23,118.55,119.03,118.55,118.82,2751
2021-11-23,119.07,119.41,119.04,119.04,4376
2021-11-23,119.23,119.23,118.63,118.94,4081
2021-11-23,118.94,118.94,118.22,118.38,5617
2021-11-23,118.395,118.43,117.56,117.78,8292
2021-11-23,117.82,117.835,117.47,117.47,4083
2021-11-23,117.445,117.545,117.37,117.37,1400
2021-11-23,117.45,117.52,117.05,117.05,2954
2021-11-23,117.21,117.29,117,117.03,3459
2021-11-23,117.01,117.115,117,117.115,7892
2021-11-23,117.07,117.17,117,117.11,11177
2021-11-23,117.05,117.09,116.71,116.72,23020
2021-11-23,116.68,117.05,116.45,116.95,3822
2021-11-23,116.96,116.96,116.56,116.76,1134
2021-11-23,116.83,116.84,116.72,116.76,3546
2021-11-23,116.61,116.64,116.04,116.2,4529
2021-11-23,116.27,116.58,116.21,116.24,2095
2021-11-23,116.31,116.4,116.16,116.4,2718
2021-11-23,116.445,116.49,116,116.02,3112
2021-11-23,116.17,116.24,116,116,3600
2021-11-23,116.02,116.08,116.01,116.05,1536
2021-11-23,116.18,116.34,116.01,116.01,3918
2021-11-23,116.05,116.05,115.51,115.51,1489
2021-11-23,115.51,115.51,114.87,115.21,12348
2021-11-23,115.35,115.35,114.94,114.94,3244
2021-11-23,114.63,114.93,114.6,114.62,2463
2021-11-23,114.62,114.96,114.52,114.9,2663
2021-11-23,115.09,115.09,114.67,114.67,730
2021-11-23,114.62,114.9,114.5,114.9,1834
2021-11-23,114.84,114.84,114.65,114.65,507
2021-11-23,114.83,114.89,114.82,114.88,851
2021-11-23,114.505,114.57,114.33,114.33,12257
2021-11-23,114.26,114.265,114,114.01,3174
2021-11-23,114.01,114.26,113.46,113.57,4224
2021-11-23,113.56,113.945,113.34,113.875,3662
2021-11-23,114.42,114.57,114.41,114.57,531
2021-11-23,114.66,114.89,114.66,114.72,1204
2021-11-23,114.66,114.66,114.26,114.36,1073
2021-11-23,114.69,115.16,114.69,115.16,902
2021-11-23,114.93,115.28,114.93,115.14,1751
2021-11-23,115.3,115.3,114.79,114.79,2250
2021-11-23,114.85,115.11,114.85,115.11,301
2021-11-23,115.16,115.65,115.15,115.65,1505
2021-11-23,115.74,115.74,115.36,115.4,765
2021-11-23,115.64,115.83,115.64,115.83,902
2021-11-23,115.885,115.885,115.885,115.885,677
2021-11-23,115.84,116.18,115.84,116.18,333
2021-11-23,116.08,116.19,116.08,116.19,1225
2021-11-23,116.43,116.43,116.32,116.32,400
2021-11-23,116.035,116.035,115.82,115.82,959
2021-11-23,115.72,115.92,115.63,115.63,900
2021-11-23,115.76,115.76,115.67,115.67,852
2021-11-23,115.71,115.97,115.61,115.97,1047
2021-11-23,115.93,115.96,115.75,115.77,2001
2021-11-23,116.22,116.36,116.22,116.36,459
2021-11-23,116.23,116.255,116.19,116.255,1072
2021-11-23,116.3,116.32,116.3,116.32,300
2021-11-23,116.49,116.64,116.49,116.64,313
2021-11-23,116.66,116.75,116.66,116.75,1932
2021-11-23,116.74,116.74,116.33,116.38,1459
2021-11-23,117.22,117.3,117.08,117.17,1115
2021-11-23,117.14,117.28,117.14,117.28,201
2021-11-23,117.19,117.715,117.19,117.45,1145
2021-11-23,117.46,117.46,116.915,117.08,1618
2021-11-23,117.11,117.11,116.81,116.965,1482
2021-11-23,116.955,117.045,116.84,116.85,1400
2021-11-23,116.69,117,116.69,116.86,1250
2021-11-23,117.095,117.45,117.02,117.45,1248
2021-11-23,117.41,117.42,117.22,117.235,1252
2021-11-23,117.035,117.035,117.01,117.02,1315
2021-11-23,116.915,116.915,116.915,116.915,407
2021-11-23,117,117.085,117,117.085,670
2021-11-23,117.13,117.38,117.13,117.38,1527
2021-11-23,117.22,117.22,116.81,116.81,6733
2021-11-23,116.79,117,116.79,117,450
2021-11-23,116.78,116.78,116.78,116.78,289
2021-11-23,116.88,116.88,116.88,116.88,121
2021-11-23,117.05,117.05,116.835,117,2876
2021-11-23,117,117.24,117,117.24,1002
2021-11-23,117.355,117.36,117.27,117.325,1304
2021-11-23,117.2,117.29,117.035,117.035,4210
2021-11-23,116.97,117.09,116.97,117.08,730
2021-11-23,116.96,116.96,116.22,116.22,1430
2021-11-23,116.21,116.41,116.21,116.21,926
2021-11-23,116.27,116.38,116.18,116.38,681
2021-11-23,116.195,116.25,116.105,116.2,873
2021-11-23,116.19,116.33,116.19,116.305,577
2021-11-23,116.32,116.325,116.29,116.325,617
2021-11-23,116.47,116.54,116.33,116.33,889
2021-11-23,116.39,116.44,116.38,116.38,609
2021-11-23,115.91,115.915,115.33,115.53,4717
2021-11-23,115.56,115.67,115.56,115.67,815
2021-11-23,115.43,115.59,115.43,115.59,962
2021-11-23,115.57,115.57,115.57,115.57,104
2021-11-23,115.8,115.87,115.8,115.87,300
2021-11-23,115.76,116.09,115.76,116.09,871
2021-11-23,116.19,116.41,116.19,116.385,1564
2021-11-23,116.255,116.385,116.23,116.385,825
2021-11-23,116.41,116.41,116.41,116.41,100
2021-11-23,116.3,116.43,116.3,116.39,915
2021-11-23,116.54,116.63,116.5,116.5,2249
2021-11-23,116.26,116.31,116.26,116.3,543
2021-11-23,116.235,116.27,116.235,116.27,2500
2021-11-23,116.22,116.22,116.22,116.22,159
2021-11-23,116,116.32,116,116.25,4387
2021-11-23,116.26,116.275,116.26,116.275,3275
2021-11-23,116.31,116.4,116.31,116.4,600
2021-11-23,116.25,116.29,116.25,116.29,708
2021-11-23,116.16,116.19,116.16,116.18,2471
2021-11-23,116.31,116.4,116.31,116.39,1711
2021-11-23,116.5,116.57,116.38,116.49,1248
2021-11-23,116.46,116.46,116.4,116.4,341
2021-11-23,116.93,117.05,116.93,117.05,443
2021-11-23,117.12,117.12,117.12,117.12,184
2021-11-23,117.315,117.35,117.315,117.35,700
2021-11-23,117.23,117.23,117.02,117.02,300
2021-11-23,117.02,117.02,116.98,116.98,422
2021-11-23,116.77,116.89,116.77,116.86,1232
2021-11-23,116.83,116.83,116.83,116.83,100
2021-11-23,117.05,117.055,117.045,117.055,1000
2021-11-23,117.25,117.25,117.21,117.21,305
2021-11-23,117.51,117.515,117.35,117.36,1110
2021-11-23,117.12,117.12,117,117.08,1362
2021-11-23,117.18,117.205,116.99,117,701
2021-11-23,116.95,116.95,116.72,116.77,650
2021-11-23,116.59,116.86,116.55,116.86,1343
2021-11-23,116.81,116.81,116.73,116.73,250
2021-11-23,116.78,116.88,116.78,116.88,2828
2021-11-23,116.93,117.07,116.93,117.07,1200
2021-11-23,117.09,117.09,117.09,117.09,621
2021-11-23,116.82,116.97,116.82,116.86,1400
2021-11-23,116.98,116.98,116.98,116.98,100
2021-11-23,116.805,116.805,116.805,116.805,100
2021-11-23,116.75,116.76,116.72,116.76,581
2021-11-23,116.8,116.8,116.8,116.8,120
2021-11-23,116.9,116.95,116.9,116.93,395
2021-11-23,116.9,116.92,116.9,116.92,1561
2021-11-23,116.85,116.85,116.85,116.85,316
2021-11-23,116.57,116.61,116.53,116.56,2802
2021-11-23,116.77,116.77,116.77,116.77,100
2021-11-23,116.58,116.58,116.4,116.42,2005
2021-11-23,116.405,116.405,116.13,116.205,300
2021-11-23,116.15,116.29,116.15,116.29,390
2021-11-23,116.34,116.57,116.34,116.57,1800
2021-11-23,116.38,116.38,116.19,116.19,973
2021-11-23,116.08,116.08,115.82,115.91,1095
2021-11-23,115.95,115.95,115.9,115.94,652
2021-11-23,115.92,115.92,115.86,115.86,700
2021-11-23,115.88,115.88,115.88,115.88,297
2021-11-23,115.56,115.61,115.56,115.6,815
2021-11-23,115.51,115.58,115.5,115.52,999
2021-11-23,115.92,115.92,115.58,115.58,1598
2021-11-23,115.52,115.52,115.52,115.52,647
2021-11-23,115.57,115.58,115.18,115.29,1813
2021-11-23,115.41,115.46,115.41,115.45,953
2021-11-23,115.675,115.92,115.675,115.91,2011
2021-11-23,115.85,115.91,115.85,115.91,8087
2021-11-23,115.94,115.94,115.845,115.86,1103
2021-11-23,115.855,115.855,115.59,115.59,3800
2021-11-23,115.58,115.585,115.58,115.585,1405
2021-11-23,115.575,115.84,115.51,115.84,1367
2021-11-23,115.74,115.75,115.685,115.72,2000
2021-11-23,115.74,115.83,115.56,115.56,1550
2021-11-23,115.575,115.63,115.575,115.61,400
2021-11-23,115.66,115.66,115.66,115.66,701
2021-11-23,115.7,115.88,115.7,115.88,700
2021-11-23,115.91,115.92,115.91,115.92,811
2021-11-23,115.955,115.97,115.69,115.69,493
2021-11-23,115.645,115.645,115.25,115.33,709
2021-11-23,115.315,115.315,115.18,115.18,400
2021-11-23,115.2,115.2,114.92,115.02,801
2021-11-23,115.1,115.33,115.08,115.215,809
2021-11-23,115.26,115.34,115.26,115.34,450
2021-11-23,115.38,115.38,115.38,115.38,200
2021-11-23,115.33,115.38,115.33,115.38,3200
2021-11-23,115.05,115.13,115.05,115.13,410
2021-11-23,115.01,115.01,115.01,115.01,105
2021-11-23,114.935,114.935,114.935,114.935,392
2021-11-23,115.36,115.37,115.36,115.37,261
2021-11-23,115.21,115.23,115.21,115.23,400
2021-11-23,115.3,115.41,115.26,115.41,1692
2021-11-23,115.27,115.27,115.27,115.27,100
2021-11-23,115.3,115.35,115.29,115.35,1500
2021-11-23,114.925,114.96,114.925,114.96,496
2021-11-23,115.16,115.21,115.16,115.17,721
2021-11-23,115.43,115.43,115.43,115.43,150
2021-11-23,115.6,115.74,115.55,115.55,956
2021-11-23,115.63,115.63,115.63,115.63,248
2021-11-23,115.59,115.655,115.59,115.655,200
2021-11-23,115.69,115.82,115.69,115.79,500
2021-11-23,116.09,116.19,115.97,116.19,1293
2021-11-23,116.06,116.15,115.93,115.93,8606
2021-11-23,116.025,116.025,115.97,115.97,900
2021-11-23,115.695,115.695,115.695,115.695,243
2021-11-23,115.99,116.08,115.99,116.08,1695
2021-11-23,115.7,115.73,115.69,115.73,2058
2021-11-23,115.735,115.75,115.735,115.75,570
2021-11-23,115.76,115.76,115.76,115.76,157
2021-11-23,115.53,115.53,115.28,115.28,294
2021-11-23,115.24,115.315,115.24,115.315,346
2021-11-23,115.02,115.07,114.985,115.07,902
2021-11-23,115.38,115.42,115.38,115.42,3200
2021-11-23,115.22,115.22,115.185,115.185,300
2021-11-23,115.04,115.2,115.04,115.17,2365
2021-11-23,115.35,115.35,115.35,115.35,200
2021-11-23,115.13,115.15,115.075,115.15,1407
2021-11-23,115.1,115.1,115.095,115.095,310
2021-11-23,115.225,115.225,115.205,115.205,477
2021-11-23,114.99,115,114.68,114.75,2617
2021-11-23,114.89,115.05,114.87,115.05,5242
2021-11-23,114.91,114.91,114.88,114.88,1650
2021-11-23,114.99,115.1,114.99,115.1,3049
2021-11-23,115.05,115.05,115.05,115.05,1064
2021-11-23,115.05,115.11,115.05,115.11,1102
2021-11-23,115.22,115.54,115.22,115.24,1241
2021-11-23,115.15,115.15,115.04,115.04,208
2021-11-23,115.11,115.15,115.11,115.11,1830
2021-11-23,115.18,115.18,115.1,115.18,2400
2021-11-23,115.07,115.08,115.03,115.03,4500
2021-11-23,115.03,115.12,115.03,115.05,1298
2021-11-23,115.29,115.29,115.18,115.18,200
2021-11-23,115.03,115.03,115.005,115.005,1111
2021-11-23,115.005,115.02,115.005,115.01,2307
2021-11-23,115.035,115.035,115.035,115.035,2200
2021-11-23,115.005,115.14,115.005,115.14,4996
2021-11-23,115.13,115.2,115.11,115.11,4017
2021-11-23,115.12,115.275,115.12,115.24,5010
2021-11-23,115.21,115.29,115.11,115.11,6378
2021-11-23,115.015,115.035,115.01,115.035,3305
2021-11-23,115.03,115.16,115.01,115.05,3876
2021-11-23,115.005,115.005,115.005,115.005,1218
2021-11-23,115.005,115.03,115.005,115.03,418
2021-11-23,114.72,114.79,114.31,114.46,3913
2021-11-23,114.44,114.51,114.41,114.45,2613
2021-11-23,114.5,114.59,114.5,114.58,2262
2021-11-23,114.605,114.605,114.58,114.59,897
2021-11-23,114.71,114.93,114.71,114.93,825
2021-11-23,114.86,114.86,114.74,114.74,630
2021-11-23,114.94,115,114.94,115,5973
2021-11-23,115,115,114.66,114.66,505
2021-11-23,114.73,114.73,114.73,114.73,198
2021-11-23,114.68,114.8,114.58,114.58,652
2021-11-23,114.62,114.83,114.62,114.71,581
2021-11-23,114.79,114.94,114.79,114.94,701
2021-11-23,114.975,115.11,114.88,115.07,2267
2021-11-23,115.22,115.44,115.22,115.37,3028
2021-11-23,115.72,115.75,115.62,115.62,6293
2021-11-23,115.665,115.665,115.46,115.46,900
2021-11-23,115.575,115.615,115.575,115.6,1605
2021-11-23,115.36,115.39,115.36,115.39,400
2021-11-23,115.41,115.42,115.41,115.42,479
2021-11-23,115.49,115.49,115.4,115.4,788
2021-11-23,115.53,115.68,115.53,115.68,1189
2021-11-23,115.74,116.15,115.74,116.15,2655
2021-11-23,116.42,116.92,116.21,116.81,2148
2021-11-23,116.68,116.68,116.58,116.58,586
2021-11-23,116.68,116.76,116.58,116.58,701
2021-11-23,116.61,116.66,116.435,116.44,648
2021-11-23,116.45,116.58,116.3,116.58,717
2021-11-23,116.6,116.6,116.555,116.57,766
2021-11-23,116.54,116.65,116.47,116.65,866
2021-11-23,116.845,117.14,116.8,117.14,1378
2021-11-23,117.04,117.1,117.04,117.05,449
2021-11-23,117.12,117.425,117.12,117.27,1610
2021-11-23,117.075,117.08,116.71,116.71,365
2021-11-23,116.775,116.88,116.775,116.88,603
2021-11-23,117.075,117.11,116.94,116.94,515
2021-11-23,116.85,116.915,116.85,116.85,416
2021-11-23,116.98,116.99,116.89,116.905,615
2021-11-23,116.91,116.91,116.91,116.91,114
2021-11-23,117.03,117.03,116.985,116.985,241
2021-11-23,117.1,117.11,117.1,117.11,418
2021-11-23,117.36,117.36,117.17,117.17,897
2021-11-23,117.05,117.05,116.77,116.98,1155
2021-11-23,117.27,117.27,117.27,117.27,261
2021-11-23,117.575,117.575,117.575,117.575,1007
2021-11-23,117.58,117.61,117.26,117.26,722
2021-11-23,117.24,117.265,117,117.13,4505
2021-11-23,117.07,117.17,117.02,117.08,1867
2021-11-23,117.065,117.065,117.065,117.065,432
2021-11-23,116.94,116.95,116.835,116.88,1052
2021-11-23,116.9,116.955,116.83,116.83,947
2021-11-23,116.75,116.93,116.68,116.88,2326
2021-11-23,116.52,116.52,116.52,116.52,113
2021-11-23,116.42,116.59,116.41,116.59,1105
2021-11-23,116.51,116.6,116.51,116.6,620
2021-11-23,116.46,116.46,116.05,116.05,621
2021-11-23,116.01,116.28,116.01,116.15,1409
2021-11-23,116.065,116.065,115.93,116,1197
2021-11-23,116.005,116.005,115.81,115.84,2156
2021-11-23,115.695,115.695,115.28,115.34,2128
2021-11-23,115.3,115.715,115.3,115.58,1813
2021-11-23,115.445,115.53,115.305,115.33,1748
2021-11-23,115.44,115.44,115.2,115.23,1417
2021-11-23,115.575,115.83,115.475,115.475,2506
2021-11-23,115.4,115.58,115.23,115.58,1057
2021-11-23,115.64,115.64,115.31,115.33,722
2021-11-23,115.1,115.23,115.015,115.02,1197
2021-11-23,115.01,115.11,114.945,115.11,1407
2021-11-23,115.17,115.17,114.64,114.71,3749
2021-11-23,114.575,114.62,114.535,114.58,3799
2021-11-23,114.61,114.64,114.53,114.56,3401
2021-11-23,114.56,114.9,114.56,114.9,1483
2021-11-24,115.99,118.83,115.99,118.83,3131
2021-11-24,119.12,119.16,118.76,119.15,3565
2021-11-24,119.69,119.69,119.1,119.24,5608
2021-11-24,119.84,119.95,118.62,119.19,4056
2021-11-24,119.65,119.67,118.92,119.34,3683
2021-11-24,119.285,120.79,119.285,120.79,7481
2021-11-24,120.63,120.63,120.1,120.36,1984
2021-11-24,120.4,121.26,120.4,121.25,3071
2021-11-24,121.04,121.04,119.86,120.19,3528
2021-11-24,120.29,121.49,120.16,121.49,3465
2021-11-24,121.85,122.94,121.6,122.72,2884
2021-11-24,122.95,122.95,122.46,122.47,2154
2021-11-24,122.91,123.51,122.42,122.42,6341
2021-11-24,122.57,122.59,121.76,121.9,5669
2021-11-24,121.85,123,121.74,122.09,5401
2021-11-24,121.75,122.04,121.75,121.91,1337
2021-11-24,121.645,121.755,121.32,121.41,6054
2021-11-24,121.89,122.5,121.89,122.33,2386
2021-11-24,122.325,122.41,121.82,121.88,3239
2021-11-24,121.95,122.5,121.86,122.18,6203
2021-11-24,122.42,122.99,122.08,122.16,9963
2021-11-24,122.37,122.69,121.92,122.38,2452
2021-11-24,122.35,122.65,122.05,122.2,1710
2021-11-24,122.35,123.34,122.35,122.82,4008
2021-11-24,123,123.05,122.61,123.05,2262
2021-11-24,123.11,123.22,122.83,122.83,1500
2021-11-24,123.05,123.18,122.78,123.03,1915
2021-11-24,123.09,123.5,122.55,123.5,4036
2021-11-24,123.4,124.29,123.4,123.81,1803
2021-11-24,123.85,124.11,123.44,124.11,3034
2021-11-24,123.8,124.09,123.68,123.75,4161
2021-11-24,123.59,123.94,123.46,123.81,1403
2021-11-24,124.02,124.02,123.35,123.35,1923
2021-11-24,123.425,123.425,123.375,123.375,215
2021-11-24,123.11,123.15,122.21,122.21,1949
2021-11-24,122.22,122.48,122,122.33,4159
2021-11-24,122.17,122.2,122.03,122.12,987
2021-11-24,122.48,123.01,122.48,122.75,1385
2021-11-24,122.75,123.42,122.75,122.81,1802
2021-11-24,122.73,122.89,122.66,122.88,1850
2021-11-24,122.97,122.97,122.36,122.4,1852
2021-11-24,122.44,122.99,122.44,122.99,3424
2021-11-24,123.03,123.03,122.04,122.69,2393
2021-11-24,122.81,123.2,122.81,123.13,1300
2021-11-24,123.38,123.75,123.25,123.75,1742
2021-11-24,123.41,123.8,123.3,123.72,2381
2021-11-24,123.645,123.775,123.48,123.775,1965
2021-11-24,123.81,123.81,123.6,123.64,939
2021-11-24,123.59,123.76,123.5,123.5,800
2021-11-24,123.21,123.37,123.01,123.37,1288
2021-11-24,123.6,124.16,123.59,123.97,1918
2021-11-24,123.92,123.92,123.61,123.8,777
2021-11-24,123.88,123.92,123.38,123.38,1451
2021-11-24,123.66,124.09,123.66,124.09,595
2021-11-24,124.18,124.58,124.18,124.35,1085
2021-11-24,124.15,124.29,124.12,124.29,899
2021-11-24,124.13,124.13,124.13,124.13,167
2021-11-24,123.9,123.9,123.65,123.8,1080
2021-11-24,124.11,124.11,124.09,124.09,456
2021-11-24,124.25,124.55,124.24,124.39,1577
2021-11-24,124.34,124.58,124.34,124.46,1568
2021-11-24,124.57,125.04,124.57,124.9,2381
2021-11-24,124.97,125,124.65,124.66,2579
2021-11-24,124.88,124.98,124.69,124.77,1335
2021-11-24,124.81,125.2,124.66,125.2,3871
2021-11-24,125.14,125.16,124.92,125.16,1678
2021-11-24,125.06,125.19,124.82,124.83,2112
2021-11-24,124.79,125.02,124.79,124.9,1023
2021-11-24,124.73,124.88,124.59,124.88,677
2021-11-24,124.66,124.78,124.58,124.65,2041
2021-11-24,124.41,124.48,124.23,124.29,1045
2021-11-24,124.36,124.67,124.36,124.59,1195
2021-11-24,124.78,124.78,124.41,124.41,1007
2021-11-24,124.11,124.32,123.83,124.11,2130
2021-11-24,124.2,124.28,124.06,124.12,1814
2021-11-24,124.03,124.78,124.03,124.78,1218
2021-11-24,124.68,124.95,124.61,124.84,3047
2021-11-24,124.58,124.84,124.58,124.84,1844
2021-11-24,124.63,125.61,124.63,125.44,2081
2021-11-24,125.63,125.84,125.44,125.68,3026
2021-11-24,125.74,125.83,125.43,125.72,1910
2021-11-24,125.82,125.82,125.11,125.15,1480
2021-11-24,125.57,125.57,125.25,125.48,1180
2021-11-24,125.32,125.32,125.24,125.24,525
2021-11-24,124.63,124.7,124.51,124.51,1010
2021-11-24,124.65,124.65,123.9,124.04,2963
2021-11-24,124,124.37,123.98,124.19,3208
2021-11-24,124.31,124.34,123.64,123.705,3525
2021-11-24,123.78,123.95,123.4,123.72,5064
2021-11-24,123.85,124.06,123.85,124.01,1656
2021-11-24,124.08,124.08,123.7,123.89,1965
2021-11-24,123.93,123.93,123.47,123.56,815
2021-11-24,123.37,123.37,123.2,123.2,941
2021-11-24,123.24,124.06,123.24,123.84,2414
2021-11-24,124.36,124.49,124.36,124.42,465
2021-11-24,124.41,124.53,124.15,124.18,1448
2021-11-24,124.27,124.28,123.92,124.01,1036
2021-11-24,124.17,124.17,124.17,124.17,202
2021-11-24,124.03,124.03,123.41,123.41,846
2021-11-24,123.45,123.62,123.28,123.62,1463
2021-11-24,123.61,123.65,123.29,123.32,895
2021-11-24,123.78,123.79,123.78,123.79,307
2021-11-24,123.76,123.83,123.76,123.83,300
2021-11-24,123.8,123.8,123.79,123.79,330
2021-11-24,123.61,123.61,123.59,123.59,306
2021-11-24,123.61,123.61,123.55,123.55,330
2021-11-24,123.33,123.46,123.33,123.46,759
2021-11-24,123.37,123.8,123.37,123.8,685
2021-11-24,123.9,124,123.9,123.93,695
2021-11-24,123.97,123.97,123.82,123.82,675
2021-11-24,124.29,124.42,124.29,124.42,656
2021-11-24,124.35,124.42,124.31,124.31,1099
2021-11-24,124.55,124.55,124.55,124.55,310
2021-11-24,124.5,124.61,124.5,124.61,256
2021-11-24,124.67,124.67,124.48,124.48,1031
2021-11-24,124.27,124.35,124.19,124.35,1062
2021-11-24,124.49,124.82,124.49,124.82,291
2021-11-24,124.71,125.07,124.7,125.01,622
2021-11-24,124.9,125.22,124.9,125.14,945
2021-11-24,125.17,125.2,125.12,125.19,903
2021-11-24,125.13,125.13,124.96,124.98,966
2021-11-24,124.87,125.04,124.87,124.98,530
2021-11-24,124.91,125.19,124.91,125.19,440
2021-11-24,125.14,125.14,124.63,124.72,662
2021-11-24,123.94,124.0,123.66,123.9104,362.0
