Date,Open,High,Low,Close,Volume
2021-11-17,144.93,144.93,144.93,144.93,279
2021-11-17,145.37,145.37,144.99,144.99,424
2021-11-17,145.205,145.63,145.205,145.28,4032
2021-11-17,144.95,144.96,144.95,144.96,251
2021-11-17,145.54,145.54,145.54,145.54,280
2021-11-17,145.6,145.6,145.39,145.44,5864
2021-11-17,145.5,145.955,145.47,145.52,6300
2021-11-17,144.645,144.875,144.645,144.875,2000
2021-11-17,144.98,144.98,144.87,144.87,400
2021-11-17,144.68,144.68,144.68,144.68,240
2021-11-17,144.51,144.51,144.21,144.21,822
2021-11-17,144.73,144.73,144.47,144.47,200
2021-11-17,144.07,144.07,143.75,144.01,1809
2021-11-17,143.715,143.715,143.25,143.46,933
2021-11-17,143.03,143.07,142.75,142.96,1260
2021-11-17,142.96,143.35,142.81,143,1044
2021-11-17,142.96,142.96,142.23,142.23,1655
2021-11-17,142.24,142.57,142.225,142.43,6291
2021-11-17,142.26,142.45,142.22,142.45,1010
2021-11-17,142.5,142.5,142.255,142.45,1179
2021-11-17,142.45,142.835,142.45,142.795,1035
2021-11-17,142.99,142.99,142.99,142.99,216
2021-11-17,143.06,143.13,143.06,143.13,250
2021-11-17,144.02,144.02,143.81,143.81,441
2021-11-17,143.55,143.82,143.44,143.82,1405
2021-11-17,143.79,143.79,143.79,143.79,196
2021-11-17,144.98,144.98,144.24,144.24,5513
2021-11-17,144.24,144.24,143.93,143.93,300
2021-11-17,143.7,144.51,143.7,144.51,612
2021-11-17,144.68,144.92,144.68,144.92,335
2021-11-17,145.33,145.96,145.33,145.96,945
2021-11-17,145.755,145.755,145.75,145.755,713
2021-11-17,145.41,145.41,145.31,145.31,220
2021-11-17,144.83,144.99,144.77,144.99,930
2021-11-17,142.99,142.99,142.99,142.99,546
2021-11-17,143.54,143.78,143.54,143.6,1149
2021-11-17,143.97,143.97,143.97,143.97,119
2021-11-17,143.93,144.13,143.93,144.13,200
2021-11-17,143.68,143.77,143.68,143.77,604
2021-11-17,142.88,142.88,142.2,142.2,511
2021-11-17,142.24,142.7,142.025,142.275,8028
2021-11-17,142.42,142.46,142.205,142.3,1230
2021-11-17,142.3,142.47,142.12,142.17,668
2021-11-17,142.21,142.45,142.21,142.45,777
2021-11-17,142.315,142.46,142.315,142.46,606
2021-11-17,143.17,143.17,143.05,143.06,532
2021-11-17,142.93,142.93,142.93,142.93,100
2021-11-17,143.27,143.44,143.15,143.43,1236
2021-11-17,143.27,143.48,143.02,143.02,433
2021-11-17,143.06,143.06,143.01,143.01,285
2021-11-17,143.35,143.35,143.35,143.35,110
2021-11-17,143.82,143.82,143.74,143.74,250
2021-11-17,143.88,143.88,143.76,143.77,440
2021-11-17,143.77,143.77,143.77,143.77,581
2021-11-17,143.62,143.7,143.62,143.7,228
2021-11-17,143.78,143.78,143.78,143.78,105
2021-11-17,144.17,144.59,143.96,144.59,576
2021-11-17,144.41,144.41,144.01,144.01,862
2021-11-17,144.24,144.24,143.75,143.755,667
2021-11-17,143.64,143.94,143.64,143.88,303
2021-11-17,143.87,143.87,143.07,143.27,500
2021-11-17,143.59,143.59,143.59,143.59,101
2021-11-17,143.24,143.31,143.24,143.31,300
2021-11-17,143.31,143.31,143.165,143.22,712
2021-11-17,143.66,143.88,143.575,143.88,946
2021-11-17,143.56,143.56,143.49,143.49,459
2021-11-17,144.16,144.19,144.02,144.035,1636
2021-11-17,144.44,144.7,144.44,144.7,3710
2021-11-17,145,145,144.12,144.375,1077
2021-11-17,144.16,144.8,144.16,144.8,545
2021-11-17,145.175,145.41,145.07,145.41,2719
2021-11-17,145.43,145.43,145,145.105,1096
2021-11-17,145.145,145.145,144.22,144.41,1375
2021-11-17,144.36,144.41,144.3,144.41,889
2021-11-17,143.6,143.6,143.6,143.6,293
2021-11-17,143.61,143.61,143.61,143.61,280
2021-11-17,143.21,143.24,143.21,143.24,203
2021-11-17,142.89,142.905,142.58,142.58,1270
2021-11-17,142.28,142.28,142.16,142.18,343
2021-11-17,142.43,142.43,142.43,142.43,110
2021-11-17,142.65,142.65,142.65,142.65,102
2021-11-17,142.71,142.71,142.71,142.71,100
2021-11-17,142.54,142.54,142.54,142.54,111
2021-11-17,142.64,142.64,142.1,142.1,1001
2021-11-17,142,142.005,141.315,141.4,9846
2021-11-17,141.46,141.54,141.3,141.31,6980
2021-11-17,141.335,141.66,141.335,141.51,6666
2021-11-17,141.65,141.94,141.65,141.94,625
2021-11-17,142.24,142.41,142.24,142.41,600
2021-11-17,142.08,142.09,142.08,142.09,250
2021-11-17,142.37,142.75,142.37,142.74,1183
2021-11-17,142.8,142.8,142.8,142.8,150
2021-11-17,142.63,142.63,142.63,142.63,575
2021-11-17,142.79,142.79,142.49,142.49,374
2021-11-17,142.74,142.74,142.74,142.74,171
2021-11-17,142.85,142.85,142.85,142.85,506
2021-11-17,143.455,143.455,143.44,143.44,277
2021-11-17,143.39,143.65,143.24,143.51,950
2021-11-17,143.66,143.66,143.02,143.02,300
2021-11-17,142.775,142.775,142.5,142.5,499
2021-11-17,142.55,142.55,142.39,142.39,641
2021-11-17,142.47,142.53,142.47,142.53,680
2021-11-17,142.35,142.35,141.895,141.895,2873
2021-11-17,142.01,142.01,141.85,141.91,2346
2021-11-17,141.38,141.38,141.31,141.31,1200
2021-11-17,141.28,141.29,141.05,141.22,8930
2021-11-17,141.19,141.295,141.15,141.19,6223
2021-11-17,141.045,141.175,141.015,141.16,1282
2021-11-17,141.36,141.56,141.36,141.56,2309
2021-11-17,141.4,141.45,141.22,141.22,2416
2021-11-17,141.11,141.265,141.11,141.265,3388
2021-11-17,141.37,141.5,141.26,141.26,641
2021-11-17,141.43,141.65,141.42,141.49,1156
2021-11-17,141.08,141.08,140.64,140.64,1771
2021-11-17,140.81,141.06,140.81,141.06,920
2021-11-17,141.52,141.99,141.52,141.67,1047
2021-11-17,141.985,141.985,141.51,141.51,350
2021-11-17,141.42,141.42,141.42,141.42,232
2021-11-17,141.48,141.48,141.48,141.48,181
2021-11-17,141.84,141.93,141.84,141.93,300
2021-11-17,141.49,141.49,141.49,141.49,100
2021-11-17,141.49,141.49,141.15,141.15,322
2021-11-17,140.98,141.01,140.54,140.66,1337
2021-11-17,140.51,140.9,140.51,140.57,1992
2021-11-17,140.81,140.81,140.61,140.61,200
2021-11-17,140.685,140.765,140.425,140.525,6324
2021-11-17,140.82,140.925,140.69,140.885,1527
2021-11-17,141.27,141.655,141.27,141.655,592
2021-11-17,141.69,141.77,141.38,141.56,830
2021-11-17,141.66,141.88,141.66,141.735,802
2021-11-17,141.86,141.86,141.86,141.86,129
2021-11-17,141.6,141.6,141.46,141.46,930
2021-11-17,141.82,141.89,141.82,141.89,360
2021-11-17,141.9,142.67,141.77,142.625,2250
2021-11-17,142.41,142.8,142.41,142.51,410
2021-11-17,142.81,143.74,142.81,143.59,1114
2021-11-17,144.3,145.675,144.11,145.675,8119
2021-11-17,145.54,146.56,145.005,146.145,7397
2021-11-17,145.99,145.99,145.2,145.27,1017
2021-11-17,145.59,145.85,145.24,145.85,10206
2021-11-17,145.86,145.86,145.06,145.09,11506
2021-11-17,145.22,145.42,145.05,145.42,522
2021-11-17,146.01,146.19,144.2,144.81,9794
2021-11-17,144.935,144.95,144.22,144.95,1827
2021-11-17,144.98,145.31,144.9,145.31,1189
2021-11-17,145.335,145.335,145.08,145.08,339
2021-11-17,145.11,145.81,144.89,145.81,3751
2021-11-17,146.63,146.955,146.28,146.83,2902
2021-11-17,147.18,147.255,147.01,147.01,14630
2021-11-17,147.165,147.695,147.15,147.695,6326
2021-11-17,147.375,147.75,147.31,147.31,511
2021-11-17,147.43,147.445,146.69,146.805,2128
2021-11-17,146.86,146.86,146.27,146.575,700
2021-11-17,147.15,147.15,146.3,146.69,810
2021-11-17,145.65,145.65,145.65,145.65,201
2021-11-17,145.51,145.57,145.46,145.57,401
2021-11-17,145.89,146.43,145.89,146.43,360
2021-11-17,146.65,146.65,146.01,146.49,1350
2021-11-17,146.17,146.99,146.17,146.99,410
2021-11-17,146.96,146.96,146.96,146.96,101
2021-11-17,146.96,147.01,146.12,146.12,720
2021-11-17,146.22,146.51,146.22,146.51,310
2021-11-17,146.44,146.71,146.43,146.61,714
2021-11-17,146.39,146.41,146.02,146.02,425
2021-11-17,145.79,145.79,145.26,145.26,500
2021-11-17,145,145.28,145,145.175,850
2021-11-17,145.985,145.985,145.91,145.91,800
2021-11-17,146.005,146.005,144.645,144.69,13367
2021-11-17,145.74,145.81,145.74,145.81,2571
2021-11-17,146.24,146.24,145.85,145.85,234
2021-11-17,146.3,146.3,146.17,146.17,325
2021-11-17,145.77,145.935,145.77,145.88,400
2021-11-17,145.82,146.305,145.82,146.305,221
2021-11-17,146.55,146.55,146.01,146.01,437
2021-11-17,145.88,145.88,145.65,145.82,1599
2021-11-17,145.84,146.5,145.84,146.11,1734
2021-11-17,145.91,145.91,145.765,145.765,200
2021-11-17,146.02,146.78,146.02,146.705,754
2021-11-17,146.87,147.54,146.51,147.26,2317
2021-11-17,146.87,147.23,146.315,146.34,891
2021-11-17,146.6,146.98,146.6,146.98,499
2021-11-17,147.25,147.25,146.46,146.46,5501
2021-11-17,146.31,146.33,145.91,145.91,320
2021-11-17,146.16,146.89,146.16,146.89,1408
2021-11-17,146.89,147.12,146.89,147.08,1320
2021-11-17,146.99,147.175,146.84,146.84,2060
2021-11-17,146.86,147.125,146.86,147.125,1738
2021-11-17,147.17,147.21,146.2,146.33,4827
2021-11-17,146.43,147,146.43,147,2754
2021-11-17,147.07,147.22,147.03,147.12,7420
2021-11-17,147.16,147.18,146.505,146.505,2473
2021-11-17,146.24,146.71,146.17,146.455,4354
2021-11-17,146.5,146.5,145.825,146.29,5548
2021-11-17,145.54,145.54,145.54,145.54,225
2021-11-17,146,146,146,146,300
2021-11-18,136.8,136.8,135.52,135.99,10784
2021-11-18,135.89,136.365,135.62,135.76,8096
2021-11-18,135.57,135.88,133.11,133.35,12171
2021-11-18,133.33,135.2,132.53,135.04,11876
2021-11-18,134.82,135.11,134.53,134.89,13005
2021-11-18,134.67,135.04,132.04,132.14,23829
2021-11-18,132.3,133.14,131.77,133.14,10116
2021-11-18,133.48,134.47,133.31,133.78,4103
2021-11-18,133.73,133.73,131.545,132.85,13024
2021-11-18,132.74,132.97,132.205,132.65,8816
2021-11-18,132.68,134.38,132.67,133.9,10905
2021-11-18,133.73,134.165,133.65,133.74,5107
2021-11-18,133.775,134.49,133.59,134.18,8047
2021-11-18,134.24,134.66,133.88,134.03,2567
2021-11-18,134.21,134.21,133.11,133.4,5054
2021-11-18,133.05,133.21,132.425,132.64,3392
2021-11-18,132.75,132.85,132.26,132.52,7313
2021-11-18,132.61,132.61,131.01,131.045,8792
2021-11-18,131.065,131.54,130.71,130.8,8495
2021-11-18,130.73,131.73,130.66,131.65,3619
2021-11-18,131.61,131.84,130.77,130.98,2837
2021-11-18,131.01,131.01,130.51,130.76,21872
2021-11-18,130.73,130.73,130.185,130.27,17137
2021-11-18,130.26,130.47,128.515,128.515,13195
2021-11-18,128.505,129.53,128.355,129.32,13032
2021-11-18,129.185,129.4,128.54,128.54,6696
2021-11-18,128.21,130,128,129.67,11998
2021-11-18,129.63,130.03,129.6,129.75,4768
2021-11-18,129.86,130,128.94,129.285,7636
2021-11-18,129.385,130.54,129.385,130.33,6114
2021-11-18,129.34,129.59,127.29,127.53,4123
2021-11-18,127.63,128.83,127.63,128.83,7770
2021-11-18,128.725,128.97,128.48,128.97,6202
2021-11-18,128.87,129.77,128.87,129.08,1727
2021-11-18,128.94,129.68,128.76,129,2012
2021-11-18,129.84,130.39,129.65,130.28,7817
2021-11-18,130.29,130.47,129.95,130.4,12827
2021-11-18,130.64,130.885,130.625,130.885,13080
2021-11-18,130.89,130.89,130.36,130.36,2165
2021-11-18,130.3,130.3,128.89,128.89,2852
2021-11-18,128.71,129.15,128.425,128.425,3505
2021-11-18,127.95,128.01,127,127.12,4122
2021-11-18,127.02,127.2,126.745,126.78,9461
2021-11-18,126.78,127.21,126.65,127.21,16061
2021-11-18,127.22,128.2,127.19,128.095,2369
2021-11-18,128.11,128.2,127.845,127.845,6331
2021-11-18,127.89,127.89,127.31,127.51,1651
2021-11-18,127.03,127.27,126.27,126.27,3214
2021-11-18,126.45,127.735,126.38,127.11,14048
2021-11-18,127.3,127.39,126.35,126.44,9834
2021-11-18,126.26,127.225,126.26,127.08,20574
2021-11-18,127.215,127.215,127.09,127.09,3485
2021-11-18,127.16,127.185,126.88,127.185,5156
2021-11-18,127.63,128.23,127.62,128.225,2760
2021-11-18,128.24,128.515,128.05,128.37,4295
2021-11-18,128.45,128.45,127.295,127.355,1057
2021-11-18,127.31,127.31,125.8,126.2,3202
2021-11-18,126.18,126.42,126.09,126.35,2073
2021-11-18,126.375,126.66,126.375,126.56,300
2021-11-18,126.365,126.365,126.13,126.13,525
2021-11-18,126.55,127.6,126.455,127.24,2796
2021-11-18,127.355,127.455,127.32,127.44,11839
2021-11-18,127.575,127.61,126.71,126.71,2820
2021-11-18,127.25,127.995,127.25,127.925,5042
2021-11-18,127.98,128,127.66,127.79,3905
2021-11-18,127.97,127.97,127.555,127.56,1369
2021-11-18,127.76,127.76,127.25,127.25,437
2021-11-18,127.145,128,127.145,128,5229
2021-11-18,127.88,127.97,127.845,127.91,2389
2021-11-18,127.78,127.78,127.355,127.355,850
2021-11-18,127.98,128.005,127.33,127.99,3823
2021-11-18,127.83,127.83,127.4,127.72,1802
2021-11-18,127.63,127.88,127.32,127.32,2623
2021-11-18,126.79,126.83,126.51,126.61,2008
2021-11-18,126.62,126.62,125.37,125.79,4634
2021-11-18,125.93,125.93,125.69,125.72,1527
2021-11-18,126.02,126.24,126.02,126.03,914
2021-11-18,125.765,125.78,125.455,125.455,1545
2021-11-18,125.595,125.885,125.4,125.885,1386
2021-11-18,125.905,126.135,125.63,126.135,2017
2021-11-18,126.07,126.76,126.07,126.76,742
2021-11-18,126.71,127.335,126.71,127.305,800
2021-11-18,127.12,127.48,127.12,127.46,601
2021-11-18,127.88,127.99,127.61,127.85,2464
2021-11-18,127.71,128.445,127.71,127.94,2762
2021-11-18,127.66,127.97,127.46,127.97,1086
2021-11-18,127.7,127.94,127.7,127.82,404
2021-11-18,127.88,128.78,127.79,128.78,1020
2021-11-18,128.815,129.215,128.745,129.215,2210
2021-11-18,129.27,129.28,128.3,128.54,1932
2021-11-18,128.77,128.785,127.65,127.65,4126
2021-11-18,128,128.19,127.89,127.96,718
2021-11-18,127.88,127.99,127.625,127.64,1300
2021-11-18,127.57,127.59,125.93,126.55,5409
2021-11-18,126.7,126.79,126.49,126.79,2147
2021-11-18,126.75,126.75,126.75,126.75,310
2021-11-18,126.8,126.81,126.6,126.6,405
2021-11-18,126.62,127.375,126.62,127.375,943
2021-11-18,127.385,127.59,127.36,127.36,489
2021-11-18,127.03,127.26,127.03,127.09,975
2021-11-18,127.175,127.57,127.175,127.57,400
2021-11-18,127.685,128,127.685,128,614
2021-11-18,127.985,128,127.835,127.915,2654
2021-11-18,127.935,128.9,127.825,128.505,1446
2021-11-18,128.52,128.525,128.1,128.1,2200
2021-11-18,127.55,127.55,127.27,127.38,1550
2021-11-18,127.125,127.15,127.09,127.15,700
2021-11-18,127.07,127.27,127.01,127.01,309
2021-11-18,126.95,127.48,126.95,127.41,810
2021-11-18,127.11,127.11,127.015,127.035,1586
2021-11-18,127.08,127.08,126.9,126.9,550
2021-11-18,127.43,127.65,127.41,127.41,713
2021-11-18,126.97,126.97,126.63,126.63,783
2021-11-18,126.62,126.88,126.23,126.88,920
2021-11-18,126.71,126.71,126.52,126.52,526
2021-11-18,126.5,126.525,125.62,125.62,20776
2021-11-18,125.6,126.29,125.31,126.29,5187
2021-11-18,126.18,126.42,126.18,126.42,570
2021-11-18,126.41,126.93,126.41,126.82,527
2021-11-18,126.66,127.15,126.475,127.15,3164
2021-11-18,127.17,127.17,127.17,127.17,112
2021-11-18,127.05,127.73,127.05,127.6,1291
2021-11-18,127.48,127.96,127.41,127.63,1872
2021-11-18,127.65,127.68,127.61,127.61,3453
2021-11-18,128,128.19,127.77,127.77,3432
2021-11-18,128.27,128.27,128.27,128.27,100
2021-11-18,128.5,128.75,128.5,128.66,524
2021-11-18,128.16,128.16,127.88,127.88,300
2021-11-18,128.045,128.175,128.045,128.175,511
2021-11-18,127.75,127.75,127.475,127.475,1664
2021-11-18,127.59,128.215,127.59,128.215,1046
2021-11-18,128.265,128.285,128.1,128.285,2520
2021-11-18,128.35,128.35,127.7,127.7,2552
2021-11-18,127.82,127.98,127.82,127.98,217
2021-11-18,127.7,127.745,127.7,127.745,221
2021-11-18,127.92,127.92,127.66,127.66,536
2021-11-18,126.77,126.77,126.77,126.77,346
2021-11-18,127.32,127.32,127.32,127.32,106
2021-11-18,127.46,127.46,127.33,127.33,459
2021-11-18,127.13,127.15,127.13,127.15,493
2021-11-18,127.15,127.67,127.15,127.67,1012
2021-11-18,127.77,128.25,127.77,128.25,1579
2021-11-18,128.04,128.06,128.04,128.06,249
2021-11-18,128.12,128.12,128.08,128.12,789
2021-11-18,128.02,128.25,127.98,128.2,1400
2021-11-18,127.9,127.99,127.9,127.99,232
2021-11-18,127.99,128,127.81,127.81,1401
2021-11-18,127.69,127.81,127.47,127.47,2266
2021-11-18,127.59,127.59,127.59,127.59,200
2021-11-18,127.97,127.97,127.63,127.63,300
2021-11-18,127.6,127.6,126.825,126.855,848
2021-11-18,126.855,127.125,126.85,127.125,2309
2021-11-18,127.67,127.67,127.565,127.64,450
2021-11-18,127.3,127.3,127.01,127.01,407
2021-11-18,127.015,127.015,126.63,126.66,661
2021-11-18,126.71,126.76,126.49,126.7,964
2021-11-18,126.76,126.87,126.68,126.87,702
2021-11-18,126.94,127.25,126.94,127.06,2200
2021-11-18,127.59,127.59,127.57,127.57,200
2021-11-18,127.51,127.54,127.28,127.29,2305
2021-11-18,127.295,127.295,126.67,126.67,1303
2021-11-18,126.68,126.68,126.68,126.68,101
2021-11-18,127.14,127.18,126.96,126.96,523
2021-11-18,126.92,126.92,126.785,126.785,200
2021-11-18,127.29,127.29,127.29,127.29,168
2021-11-18,127.39,127.39,127.39,127.39,100
2021-11-18,127.49,127.75,127.47,127.74,1187
2021-11-18,127.685,127.685,127.5,127.5,2706
2021-11-18,127.51,127.51,127.51,127.51,249
2021-11-18,127.51,127.51,127.42,127.42,801
2021-11-18,127.31,127.31,126.73,126.73,1206
2021-11-18,126.79,126.79,125.01,125.01,2120
2021-11-18,125,125,124,124.07,2073
2021-11-18,124.49,124.66,124.49,124.62,936
2021-11-18,124.74,125.38,124.74,125.38,596
2021-11-18,125.34,125.55,124.66,124.66,3993
2021-11-18,124.5,124.76,124.5,124.76,1539
2021-11-18,124.62,124.66,123.86,123.99,2106
2021-11-18,123.81,123.81,122.8,122.8,3032
2021-11-18,123.23,123.42,123.16,123.17,954
2021-11-18,123.155,123.43,123.025,123.42,3610
2021-11-18,123.35,123.35,122.45,122.55,1577
2021-11-18,122.37,122.37,121.87,121.87,1093
2021-11-18,122.135,122.18,121.805,121.82,4556
2021-11-18,122.15,122.46,122.15,122.19,2474
2021-11-18,122.18,123.23,122.17,123.11,7198
2021-11-18,123.18,124.25,123.18,123.77,3423
2021-11-18,123.54,123.54,123.11,123.125,557
2021-11-18,122.8,123.15,122.8,123.15,1073
2021-11-18,123.24,123.3,122.2,122.24,1736
2021-11-18,122.18,122.33,121.95,121.95,968
2021-11-18,122.04,122.12,122.04,122.12,924
2021-11-18,122.11,122.11,121.76,121.76,781
2021-11-18,121.1,121.24,121.015,121.13,1970
2021-11-18,121.23,121.4,121.21,121.24,810
2021-11-18,121.16,121.16,120.615,120.74,1833
2021-11-18,120.7,120.92,120.68,120.78,1700
2021-11-18,121.39,122.58,121.39,122.4,3026
2021-11-18,122.11,122.41,121.91,121.91,1189
2021-11-18,121.8,122.18,121.8,121.92,1125
2021-11-18,121.9,122.06,121.32,121.83,3888
2021-11-18,121.67,122.06,121.36,122.06,2338
2021-11-18,121.91,122.32,121.835,122.21,3790
2021-11-18,122.155,122.38,121.97,122.38,1956
2021-11-18,122.23,122.23,122.03,122.09,1104
2021-11-18,121.9,121.9,121.76,121.76,500
2021-11-18,122.29,122.72,122.29,122.72,641
2021-11-18,122.73,123.28,122.73,123.28,1140
2021-11-18,123.58,123.58,122.91,123.44,1200
2021-11-18,123.03,123.46,123.03,123.2,666
2021-11-18,123.49,123.49,123.49,123.49,241
2021-11-18,123.53,123.6,123.46,123.6,400
2021-11-18,123.34,123.54,123.34,123.54,340
2021-11-18,123.6,123.64,123.31,123.38,958
2021-11-18,123.7,123.99,123.7,123.99,629
2021-11-18,123.85,123.88,123.74,123.78,1106
2021-11-18,124.42,124.42,123.62,123.62,556
2021-11-18,123.75,123.96,123.75,123.96,514
2021-11-18,124.11,124.24,124.1,124.24,350
2021-11-18,124.2,124.2,124.035,124.035,211
2021-11-18,124.01,124.34,124.01,124.28,803
2021-11-18,124.05,124.05,124,124,425
2021-11-18,123.19,123.36,123.03,123.32,812
2021-11-18,123.32,123.43,123.32,123.39,406
2021-11-18,123.47,123.47,123.47,123.47,150
2021-11-18,123.005,123.21,122.36,123.21,2121
2021-11-18,123.2,123.2,122.695,122.73,687
2021-11-18,122.97,122.98,122.915,122.92,2312
2021-11-18,122.905,122.98,122.905,122.98,1031
2021-11-18,123.21,123.22,123.21,123.22,490
2021-11-18,123.28,123.28,123.28,123.28,285
2021-11-18,123.51,123.51,123.37,123.37,350
2021-11-18,123.01,123.01,123.01,123.01,263
2021-11-18,123.28,123.48,123.28,123.48,300
2021-11-18,123.46,123.97,123.46,123.955,751
2021-11-18,124.44,124.44,124.29,124.29,436
2021-11-18,123.95,123.95,123.95,123.95,250
2021-11-18,124.24,124.39,124.24,124.39,524
2021-11-18,124.35,124.35,124.15,124.15,201
2021-11-18,123.74,123.84,123.74,123.84,377
2021-11-18,124.15,124.23,123.89,123.89,702
2021-11-18,123.87,124.06,123.87,124.05,470
2021-11-18,124.37,124.85,124.37,124.84,454
2021-11-18,124.8,124.85,124.8,124.81,531
2021-11-18,124.8,124.94,124.8,124.885,717
2021-11-18,124.69,124.69,124.69,124.69,135
2021-11-18,124.42,124.42,123.675,123.675,551
2021-11-18,123.43,123.43,123.43,123.43,223
2021-11-18,123.31,123.36,123.31,123.35,500
2021-11-18,123.5,123.5,122.98,122.98,453
2021-11-18,123.05,123.05,122.8,122.8,301
2021-11-18,123.66,123.79,123.66,123.79,301
2021-11-18,123.64,123.725,123.64,123.725,300
2021-11-18,123.5,123.5,122.91,123,540
2021-11-18,123.175,123.175,123.175,123.175,102
2021-11-18,122.88,122.96,122.86,122.96,442
2021-11-18,122.935,122.96,121.775,121.91,5768
2021-11-18,122.485,122.89,122.45,122.705,12776
2021-11-18,122.96,122.96,122.96,122.96,461
2021-11-18,122.905,122.905,122.65,122.65,561
2021-11-18,122.71,122.92,122.71,122.92,301
2021-11-18,123.01,123.5,123.01,123.49,336
2021-11-18,123.415,123.415,123.06,123.06,711
2021-11-18,123.065,123.065,123,123,500
2021-11-18,123.04,123.04,122.96,122.96,480
2021-11-18,122.905,123.22,122.905,122.995,2939
2021-11-18,122.995,122.995,122.83,122.85,1303
2021-11-18,122.92,123.03,122.92,123.01,381
2021-11-18,122.71,122.71,122.7,122.7,809
2021-11-18,122.725,122.725,122.56,122.56,401
2021-11-18,122.42,122.42,122.41,122.41,300
2021-11-18,122.24,122.24,121.905,122.045,1500
2021-11-18,121.625,121.67,121.435,121.6,3056
2021-11-18,121.655,121.88,121.65,121.84,610
2021-11-18,121.87,122.01,121.87,122.01,266
2021-11-18,122.075,122.075,121.84,121.84,767
2021-11-18,121.66,121.86,121.66,121.86,1401
2021-11-18,121.88,122.145,121.88,121.965,802
2021-11-18,121.68,121.7,120.67,120.795,5290
2021-11-18,120.92,120.98,120.68,120.71,2251
2021-11-18,120.64,120.66,120.63,120.64,402
2021-11-18,120.95,121,120.87,120.87,544
2021-11-18,120.69,120.77,120.47,120.485,2469
2021-11-18,120.52,120.52,120.52,120.52,156
2021-11-18,120.73,120.73,120.59,120.59,215
2021-11-18,120.69,120.7,120.61,120.7,301
2021-11-18,120.725,121.54,120.725,121.51,2901
2021-11-18,121.52,121.61,121.24,121.54,5419
2021-11-18,121.545,121.545,120.78,120.78,1900
2021-11-18,121.575,121.575,121.37,121.43,1651
2021-11-18,121.14,121.14,121.04,121.04,200
2021-11-18,120.69,121.605,120.69,121.53,1630
2021-11-18,121.33,121.64,121.26,121.64,1193
2021-11-18,121.35,121.56,121.24,121.56,1704
2021-11-18,121.6,121.73,121.6,121.66,1025
2021-11-18,121.43,121.59,121.32,121.445,2958
2021-11-18,121.36,121.59,121.33,121.585,5715
2021-11-18,121.34,121.595,121.18,121.595,1010
2021-11-18,121.405,121.54,121.335,121.335,2435
2021-11-18,121.335,121.335,121.03,121.215,3862
2021-11-18,121.19,121.27,120.95,120.97,2247
2021-11-18,120.99,121.33,120.99,121.33,1975
2021-11-18,121.365,121.365,121.3,121.315,986
2021-11-18,121.205,121.69,121.205,121.64,2741
2021-11-18,121.69,121.69,121.62,121.62,418
2021-11-18,121.5,121.52,121.325,121.385,1633
2021-11-18,121.345,121.54,121.255,121.54,1512
2021-11-18,121.555,122.59,121.555,122.59,1201
2021-11-18,122.66,122.66,122.18,122.24,1319
2021-11-18,122.78,122.78,122.63,122.67,2151
2021-11-18,122.67,123.08,122.67,122.83,2316
2021-11-18,123.38,123.39,123.21,123.33,803
2021-11-18,123.26,123.26,122.76,123.17,1771
2021-11-18,123.19,123.23,123.12,123.13,600
2021-11-18,123.02,123.06,122.77,123.06,3301
2021-11-18,123.11,123.11,122.295,122.295,633
2021-11-18,122.22,122.39,122.07,122.07,780
2021-11-18,122.135,122.77,122.135,122.77,1157
2021-11-18,123.09,123.09,123.09,123.09,111
2021-11-18,123.67,123.68,123.37,123.37,747
2021-11-18,123.52,123.52,123.365,123.365,476
2021-11-18,123.74,124.18,123.74,124.115,817
2021-11-18,124.05,124.05,124.03,124.03,354
2021-11-18,124.275,124.395,124.02,124.095,1540
2021-11-18,124.405,124.405,124.06,124.06,610
2021-11-18,124.065,124.065,123.67,123.96,3631
2021-11-18,123.935,123.935,123.71,123.71,344
2021-11-18,123.6,123.6,123.5,123.5,392
2021-11-18,123.12,123.21,123.08,123.21,1868
2021-11-18,123.46,123.61,123.46,123.61,300
2021-11-18,123.575,123.6,123.575,123.6,301
2021-11-18,123.575,123.575,123.42,123.475,821
2021-11-18,122.71,122.805,122.665,122.805,3070
2021-11-18,122.865,122.865,122.83,122.83,226
2021-11-18,122.85,122.85,122.81,122.81,200
2021-11-18,123,123.33,122.95,123.33,1306
2021-11-18,123.225,123.29,123.2,123.29,1997
2021-11-18,123.375,123.79,123.375,123.755,2450
2021-11-18,123.8,123.825,123.4,123.485,3289
2021-11-18,123.675,124.03,123.675,123.875,2615
2021-11-18,123.875,123.99,123.65,123.99,2306
2021-11-18,124.19,124.62,124.18,124.59,1219
2021-11-18,124.475,124.73,124.42,124.73,4404
2021-11-18,124.74,124.74,124.5,124.7,6512
2021-11-18,124.87,124.87,124.53,124.56,2388
2021-11-18,124.44,124.71,124.29,124.29,3128
2021-11-18,124.26,124.72,124.26,124.72,1053
2021-11-18,124.8,124.93,124.67,124.72,2184
2021-11-18,124.79,124.93,124.65,124.65,1300
2021-11-18,124.76,124.81,124.18,124.22,5610
2021-11-18,124.36,125.42,124.33,125.17,2151
2021-11-18,125.34,125.48,124.7,124.84,2231
2021-11-18,125.05,125.18,124.84,125.18,1172
2021-11-18,125.08,125.47,125.08,125.35,1303
2021-11-18,125.59,125.72,125.56,125.72,726
2021-11-18,125.84,125.84,125.64,125.7,4200
2021-11-18,125.85,126.035,125.78,125.98,6330
2021-11-18,126.005,126.22,125.82,125.89,12000
2021-11-18,125.64,125.64,124.71,124.98,2325
2021-11-18,124.92,125.03,123.595,123.99,7452
2021-11-18,124.05,124.105,123.85,124.105,4072
2021-11-18,124.29,124.29,123.5,123.51,4383
2021-11-18,123.02,123.22,123.02,123.22,493
2021-11-18,123.07,123.48,123.07,123.48,1429
2021-11-18,123.37,123.385,123.3,123.3,409
2021-11-18,123.5,123.5,123.325,123.325,1000
2021-11-18,123.35,123.54,123.35,123.36,2352
2021-11-18,123.38,123.48,123.28,123.38,2208
2021-11-18,123.28,123.63,123,123.29,6831
2021-11-18,123.43,123.58,122.96,122.985,6492
2021-11-18,122.855,123.41,122.65,123.225,3904
2021-11-18,123.165,123.39,123.16,123.335,4403
2021-11-18,123.35,123.66,123.03,123.66,6153
2021-11-18,123.52,123.52,122.845,122.845,5503
2021-11-18,122.865,122.9,122.575,122.7,3214
2021-11-18,122.74,123.1,122.71,122.87,3192
2021-11-18,122.8,122.89,122.77,122.875,3755
2021-11-18,122.87,123.38,122.87,123.335,11313
2021-11-19,127,127,127,127,426
2021-11-19,127,127,127,127,440
2021-11-19,128.01,128.01,128.01,128.01,103
2021-11-19,129.91,131.41,129.25,129.25,9632
2021-11-19,129.2,130.81,129.2,130.17,6561
2021-11-19,130.255,131.43,130.21,131.43,4230
2021-11-19,131.42,131.48,130.05,130.315,13095
2021-11-19,130.585,131.27,130.225,131.27,7157
2021-11-19,131.365,132.36,131.21,132.29,2358
2021-11-19,132.38,132.43,131.79,131.99,3317
2021-11-19,131.97,132.4,131.97,132.01,1997
2021-11-19,132.02,132.02,130,130.01,4904
2021-11-19,130.38,130.41,130.38,130.41,281
2021-11-19,130.68,130.68,128.635,128.85,7347
2021-11-19,128.7,129.03,128.525,128.54,5330
2021-11-19,128.51,128.79,128.28,128.79,3185
2021-11-19,128.85,128.85,128.155,128.7,1855
2021-11-19,128.67,129.42,128.44,129.35,3914
2021-11-19,129.43,129.965,129.43,129.72,1547
2021-11-19,130,130.425,129.85,130.06,8492
2021-11-19,130.065,130.41,129.99,129.99,2861
2021-11-19,130.095,131.265,130.095,130.97,4411
2021-11-19,131.08,131.89,130.89,131.62,1567
2021-11-19,131.98,133.05,131.95,132.81,4384
2021-11-19,132.97,132.97,132.44,132.74,1793
2021-11-19,132.73,132.74,131.94,132.01,3563
2021-11-19,132.99,133.49,132.9,133.49,900
2021-11-19,133.62,134.42,133.62,134.42,2017
2021-11-19,134.4,134.49,133.65,133.77,2053
2021-11-19,133.87,133.87,133.065,133.11,3002
2021-11-19,132.91,132.91,131.855,132.11,3087
2021-11-19,132.06,132.3,131.72,132.3,2603
2021-11-19,132.41,132.54,131.92,132.54,2248
2021-11-19,132.55,132.87,132.43,132.6,2279
2021-11-19,132.73,132.95,132.73,132.95,1331
2021-11-19,132.56,132.56,132.3,132.3,1215
2021-11-19,132.285,132.285,131.57,131.66,2228
2021-11-19,131.55,131.64,130.84,130.84,1735
2021-11-19,130.515,130.62,129.43,129.43,2373
2021-11-19,129.225,129.35,128.54,129,2303
2021-11-19,129.04,129.6,129.01,129.6,3189
2021-11-19,129.22,129.22,129.1,129.1,526
2021-11-19,128.91,128.91,128.69,128.815,604
2021-11-19,128.83,129.67,128.83,129.67,2695
2021-11-19,129.85,129.85,129.85,129.85,101
2021-11-19,130.12,130.13,130.01,130.01,1251
2021-11-19,130.01,130.25,130.005,130.25,1903
2021-11-19,130.26,130.395,130.125,130.31,1680
2021-11-19,130.31,130.73,130.31,130.6,600
2021-11-19,130.75,131.17,130.75,131.17,622
2021-11-19,131.5,131.77,131.5,131.71,1348
2021-11-19,131.51,131.58,131.02,131.02,1500
2021-11-19,130.75,130.825,130.69,130.825,1252
2021-11-19,130.97,131.44,130.97,131.11,1065
2021-11-19,130.97,131.39,130.97,131.39,400
2021-11-19,131.87,131.87,131.85,131.85,346
2021-11-19,131.88,132,131.72,131.72,648
2021-11-19,131.72,131.72,131.72,131.72,270
2021-11-19,130.965,131.11,130.8,130.8,1002
2021-11-19,130.87,130.92,130.87,130.92,402
2021-11-19,131.03,131.03,130.95,131,800
2021-11-19,131.01,131.14,131,131.08,2201
2021-11-19,131.19,131.51,131.19,131.38,939
2021-11-19,131.65,133.12,131.65,132.79,2359
2021-11-19,132.78,133.41,132.78,133.41,912
2021-11-19,133.27,133.41,133.16,133.27,856
2021-11-19,133.85,133.85,133.34,133.34,815
2021-11-19,133.6,134.49,133.6,134.49,1704
2021-11-19,134.285,134.285,133.39,133.5,867
2021-11-19,133.6,133.6,133.03,133.03,694
2021-11-19,132.125,132.33,132.125,132.33,657
2021-11-19,132.64,132.64,132.16,132.16,524
2021-11-19,132.3,132.38,132.28,132.38,445
2021-11-19,132.21,132.21,132.21,132.21,155
2021-11-19,131.79,131.79,131.79,131.79,178
2021-11-19,131.84,131.84,131.84,131.84,203
2021-11-19,131.94,132.73,131.94,132.73,1070
2021-11-19,132.885,133.18,132.885,133.18,201
2021-11-19,133.57,133.57,133.34,133.34,1671
2021-11-19,133.18,133.18,133.01,133.01,700
2021-11-19,132.68,132.68,132.02,132.02,200
2021-11-19,132.42,132.42,132.42,132.42,400
2021-11-19,132.48,132.55,132.46,132.55,821
2021-11-19,132.64,132.65,131.98,131.99,781
2021-11-19,131.95,132.105,131.165,131.31,913
2021-11-19,131.355,131.355,131.355,131.355,104
2021-11-19,131.24,131.32,131.24,131.32,210
2021-11-19,131.235,131.395,131.235,131.395,1325
2021-11-19,131.46,131.62,131.41,131.55,400
2021-11-19,131.25,131.25,131.19,131.19,451
2021-11-19,131.1,131.49,130.99,131.49,1600
2021-11-19,131.42,131.42,131.38,131.38,382
2021-11-19,131.28,131.48,131.02,131.48,1214
2021-11-19,131.5,131.74,131.5,131.74,500
2021-11-19,131.675,131.675,131.675,131.675,100
2021-11-19,131.77,132.46,131.77,132.46,425
2021-11-19,132.4,132.4,132.4,132.4,114
2021-11-19,132.56,132.68,132.465,132.68,850
2021-11-19,132.38,132.43,132.38,132.43,401
2021-11-19,132.74,133.37,132.62,133.01,8107
2021-11-19,132.74,132.74,132.01,132.11,450
2021-11-19,131.91,131.91,131.91,131.91,101
2021-11-19,131.79,131.79,131.67,131.67,390
2021-11-19,131.725,131.725,131.69,131.69,200
2021-11-19,131.7,131.95,131.7,131.95,412
2021-11-19,132.15,132.53,132.15,132.53,1128
2021-11-19,132.72,133.15,132.72,133.15,763
2021-11-19,133.16,133.56,133.115,133.115,878
2021-11-19,132.655,133.01,132.565,132.68,1000
2021-11-19,132.99,133.01,132.75,132.75,1494
2021-11-19,132.71,132.72,132.6,132.6,400
2021-11-19,132.725,133.09,132.725,133.09,372
2021-11-19,133.23,133.29,133.23,133.23,502
2021-11-19,133.175,133.25,133.085,133.25,542
2021-11-19,133.245,133.245,133.225,133.225,436
2021-11-19,133.2,133.2,133.2,133.2,300
2021-11-19,133.45,133.45,133.45,133.45,468
2021-11-19,134.035,134.16,133.18,133.23,817
2021-11-19,133.195,133.66,133.195,133.615,1112
2021-11-19,133.585,133.84,133.57,133.81,1109
2021-11-19,133.62,133.71,133.615,133.675,724
2021-11-19,133.62,133.85,133.615,133.85,503
2021-11-19,133.945,133.945,133.52,133.78,821
2021-11-19,133.72,133.88,133.72,133.86,854
2021-11-19,133.61,133.885,133.545,133.885,600
2021-11-19,133.8,133.83,133.8,133.83,350
2021-11-19,133.77,133.77,133.77,133.77,125
2021-11-19,133.705,134.24,133.705,134.24,4295
2021-11-19,134.63,134.93,134.63,134.785,801
2021-11-19,134.94,135.34,134.94,134.98,1862
2021-11-19,134.86,134.91,134.66,134.75,741
2021-11-19,134.92,135.195,134.92,135.12,648
2021-11-19,135.235,135.69,135.235,135.69,402
2021-11-19,135.92,135.92,135.86,135.86,424
2021-11-19,136.18,136.89,136.18,136.89,526
2021-11-19,136.86,137.335,136.86,137.25,1250
2021-11-19,137.17,137.62,137.07,137.07,5803
2021-11-19,137.1,137.1,136.41,136.61,2672
2021-11-19,136.45,136.47,135.9,135.9,989
2021-11-19,135.575,135.59,135.47,135.59,502
2021-11-19,135.745,135.86,135.745,135.86,1094
2021-11-19,135.81,135.825,135.755,135.755,702
2021-11-19,135.74,135.99,135.74,135.99,346
2021-11-19,136.39,136.79,136.39,136.75,1399
2021-11-19,136.74,136.9,136.67,136.9,846
2021-11-19,136.9,137.19,136.45,136.45,1351
2021-11-19,136.35,137.22,136.35,137.07,1200
2021-11-19,137.16,137.36,136.87,137.16,2158
2021-11-19,136.8,136.82,136,136.41,5014
2021-11-19,136.43,136.56,136.34,136.41,1208
2021-11-19,136.28,136.415,136.28,136.3,901
2021-11-19,136.4,136.99,136.4,136.99,350
2021-11-19,137.18,137.72,137.18,137.72,1032
2021-11-19,137.4,137.75,137.36,137.75,422
2021-11-19,137.91,137.98,137.81,137.81,1304
2021-11-19,137.75,137.91,137.33,137.37,1032
2021-11-19,137.38,137.38,137.38,137.38,209
2021-11-19,137.58,137.58,137.58,137.58,176
2021-11-19,137.83,137.89,137.405,137.405,808
2021-11-19,137.26,137.49,137.26,137.49,732
2021-11-19,137.31,137.31,136.96,136.96,1139
2021-11-19,136.75,138.1,136.75,138.04,1678
2021-11-19,138.01,138.14,137.12,137.51,1834
2021-11-19,137.6,137.79,137.585,137.71,1163
2021-11-19,138.005,138.145,137.81,138.145,1656
2021-11-19,138.17,138.35,138.01,138.14,1673
2021-11-19,138.335,138.99,138.32,138.99,2162
2021-11-19,138.965,139.305,138.74,139.305,3612
2021-11-19,139.15,139.74,139.15,139.42,3049
2021-11-19,139.43,139.79,139.35,139.65,2634
2021-11-19,139.7,139.71,139.11,139.27,1920
2021-11-19,139.38,139.445,139.225,139.225,402
2021-11-19,139.26,139.26,138.63,138.81,1276
2021-11-19,138.725,138.73,138.34,138.35,1209
2021-11-19,138.66,139.48,138.58,139.28,1693
2021-11-19,139.34,139.5,139.14,139.14,1503
2021-11-19,139.16,139.16,139.16,139.16,573
2021-11-19,139.3,139.33,139.3,139.33,430
2021-11-19,139.21,139.21,138.54,138.55,868
2021-11-19,138.65,138.8,138.65,138.8,608
2021-11-19,138.69,138.8,138.52,138.52,1078
2021-11-19,138.51,138.63,138.51,138.63,301
2021-11-19,138.61,138.61,138.57,138.57,454
2021-11-19,138.54,138.54,138.36,138.36,509
2021-11-19,138.26,138.26,138.03,138.03,802
2021-11-19,138,138.03,137.7,138.02,1448
2021-11-19,138.29,138.29,138.02,138.02,830
2021-11-19,138.345,138.345,138.345,138.345,151
2021-11-19,138.38,138.46,138.38,138.46,303
2021-11-19,138.31,138.31,138.31,138.31,320
2021-11-19,138.375,138.38,138.32,138.32,303
2021-11-19,138.25,138.25,138.13,138.17,304
2021-11-19,138.24,138.24,138.24,138.24,101
2021-11-19,138.725,138.99,138.725,138.99,1153
2021-11-19,138.915,139.19,138.9,139.19,601
2021-11-19,139.27,139.37,139.225,139.225,962
2021-11-19,139.39,139.57,139.39,139.57,327
2021-11-19,139.69,139.8,139.665,139.8,501
2021-11-19,139.79,139.79,139.26,139.26,601
2021-11-19,139.38,139.57,139.38,139.57,602
2021-11-19,139.69,139.745,139.37,139.37,645
2021-11-19,139.42,139.42,139.25,139.25,201
2021-11-19,139.47,139.47,139.46,139.46,714
2021-11-19,139.3,139.3,139.3,139.3,241
2021-11-19,139.37,139.37,139.21,139.21,504
2021-11-19,139.01,139.015,138.6,138.6,603
2021-11-19,138.59,138.69,138.32,138.45,619
2021-11-19,138.375,138.375,137.54,137.54,847
2021-11-19,136.58,137.29,136.58,136.68,2948
2021-11-19,136.74,136.97,136.74,136.97,3972
2021-11-19,137.4,137.44,137.4,137.44,261
2021-11-19,137.425,137.425,137.425,137.425,202
2021-11-19,137.46,137.46,137.27,137.28,511
2021-11-19,137.41,137.68,137.41,137.68,504
2021-11-19,137.735,137.735,137.735,137.735,381
2021-11-19,137.745,137.76,137.68,137.68,674
2021-11-19,137.17,137.3,137.01,137.01,634
2021-11-19,136.86,136.86,134.01,134.9,1861
2021-11-19,134.6,135.03,134.005,134.01,1851
2021-11-19,133.92,134,132.76,133.59,2052
2021-11-19,133.85,134.49,132.605,132.605,2917
2021-11-19,132.515,132.74,130.82,131.605,8436
2021-11-19,131.795,132.17,131.005,131.17,10570
2021-11-19,131.765,132.4,131.31,131.64,5150
2021-11-19,131.14,131.49,130.14,131.34,4335
2021-11-19,131.26,132.49,131.065,131.835,3385
2021-11-19,132.09,132.09,131.11,131.15,1200
2021-11-19,131.07,131.65,130.51,131.28,2205
2021-11-19,131.48,131.49,130.005,130.09,4116
2021-11-19,129.87,130.35,129.235,130.08,3918
2021-11-19,130.085,130.085,129.12,129.47,9030
2021-11-19,129.47,129.68,128.41,128.41,10555
2021-11-19,128.38,130.49,128.24,129.44,12723
2021-11-19,129.5,130.45,129.5,130.27,2020
2021-11-19,130.49,130.6,130.17,130.6,1602
2021-11-19,130.585,131.22,130.585,131.1,3503
2021-11-19,131.01,131.13,130.335,130.46,10916
2021-11-19,130.59,130.59,129.28,129.28,2483
2021-11-19,129.53,129.81,129.32,129.58,2394
2021-11-19,129.415,130.14,129.225,130.075,3441
2021-11-19,129.705,129.94,128.63,128.98,5498
2021-11-19,129,129.23,128.93,129.2,1025
2021-11-19,129.28,129.31,129.22,129.22,801
2021-11-19,129.78,130.47,129.78,130.34,1567
2021-11-19,130.3,130.3,129.7,130.14,851
2021-11-19,130.495,130.5,130.445,130.5,400
2021-11-19,131.14,131.14,130.245,130.575,502
2021-11-19,130.84,130.95,130.84,130.95,573
2021-11-19,131.34,131.38,130.74,130.74,610
2021-11-19,131,131.145,130.95,130.95,650
2021-11-19,130.79,131.28,130.79,131.24,1001
2021-11-19,131.21,131.35,131.21,131.35,462
2021-11-19,131.515,131.57,131.515,131.57,530
2021-11-19,131.48,131.48,131.45,131.45,650
2021-11-19,131.75,131.75,131.44,131.44,630
2021-11-19,130.875,130.875,130.15,130.47,1325
2021-11-19,130.405,130.405,130.16,130.39,502
2021-11-19,130.545,130.545,130.545,130.545,1099
2021-11-19,130.57,130.94,130.57,130.94,365
2021-11-19,131.51,131.515,131.51,131.515,351
2021-11-19,131.4,131.4,131,131.085,1211
2021-11-19,131.345,132.33,131.345,132.33,1203
2021-11-19,132.5,132.5,132.345,132.4,2003
2021-11-19,132.35,132.415,132.35,132.385,495
2021-11-19,132.47,133.29,132.47,133.29,1395
2021-11-19,133.275,133.275,133,133.1,2432
2021-11-19,133.26,133.5,133.26,133.45,1097
2021-11-19,133.32,133.34,132.67,132.67,2313
2021-11-19,132.83,132.83,132.545,132.545,522
2021-11-19,132.965,133.2,132.9,132.9,1198
2021-11-19,132.75,132.8,132.39,132.425,940
2021-11-19,132.71,132.83,132.41,132.41,701
2021-11-19,132.36,132.36,132.065,132.065,1180
2021-11-19,132.025,132.165,132.025,132.14,503
2021-11-19,132.105,132.105,132.1,132.1,603
2021-11-19,132.13,132.28,132.13,132.28,200
2021-11-19,132.69,132.75,132.69,132.72,401
2021-11-19,132.75,132.9,132.75,132.9,1202
2021-11-19,133.26,133.26,133,133,950
2021-11-19,133.26,133.42,133.15,133.39,1200
2021-11-19,133.39,133.91,133.39,133.91,1860
2021-11-19,133.83,133.87,133.83,133.87,1008
2021-11-19,134.265,134.27,134.12,134.16,602
2021-11-19,134.04,134.105,133.59,133.59,1200
2021-11-19,133.56,133.56,133.17,133.23,618
2021-11-19,133.22,133.22,133.12,133.12,1405
2021-11-19,133.12,133.12,132.64,132.855,1214
2021-11-19,132.875,133.07,132.875,133.065,1510
2021-11-19,133.005,133.005,132.535,132.565,1000
2021-11-19,132.505,132.505,132.005,132.005,408
2021-11-19,132.01,132.01,131.315,131.36,975
2021-11-19,131.23,131.23,130.31,130.61,2147
2021-11-19,130.49,130.94,130.49,130.8,1372
2021-11-19,130.82,131.36,130.82,131.31,1777
2021-11-19,131.39,131.4,131.11,131.11,600
2021-11-19,130.655,130.99,130.635,130.99,712
2021-11-19,130.965,131.21,130.96,131.21,1826
2021-11-19,131.03,131.04,131,131,800
2021-11-19,131.16,131.16,131.16,131.16,310
2021-11-19,131.3,131.54,131.285,131.47,1356
2021-11-19,131.54,131.84,131.54,131.73,762
2021-11-19,131.87,131.98,131.61,131.61,443
2021-11-19,131.66,131.665,131.17,131.17,801
2021-11-19,131.185,131.21,131.05,131.21,656
2021-11-19,131.31,131.69,131.31,131.58,893
2021-11-19,131.18,131.69,131.18,131.69,871
2021-11-19,131.52,131.53,131.37,131.37,800
2021-11-19,131.39,131.56,131.39,131.56,825
2021-11-19,131.63,131.77,131.59,131.77,1200
2021-11-19,131.785,131.8,131.63,131.76,904
2021-11-19,132.31,132.69,132.21,132.35,2022
2021-11-19,132.82,132.99,132.71,132.71,829
2021-11-19,132.675,132.675,131.99,131.99,639
2021-11-19,131.765,131.77,131.765,131.77,411
2021-11-19,131.7,132.31,131.7,132.3,787
2021-11-19,132.19,132.205,131.73,131.73,1207
2021-11-19,131.63,132.22,131.63,132.22,1127
2021-11-19,132.095,132.095,132.06,132.095,700
2021-11-19,131.74,131.835,131.73,131.835,870
2021-11-19,131.98,131.98,131.83,131.91,851
2021-11-19,131.91,131.91,131.62,131.62,460
2021-11-19,131.61,131.61,131.54,131.54,1165
2021-11-19,131.68,131.68,131.68,131.68,573
2021-11-19,131.58,131.58,131.57,131.57,280
2021-11-19,131.575,131.575,131.575,131.575,330
2021-11-19,131.595,131.595,131.56,131.56,420
2021-11-19,131.55,131.55,131.2,131.2,416
2021-11-19,131.18,131.18,131.18,131.18,312
2021-11-19,131.16,131.63,131.16,131.51,1143
2021-11-19,131.765,131.8,131.68,131.8,727
2021-11-19,131.81,131.81,131.56,131.56,500
2021-11-19,131.59,132.34,131.59,132.31,1320
2021-11-19,132.44,132.44,132.1,132.1,625
2021-11-19,132.31,132.47,132.31,132.42,484
2021-11-19,132.72,132.725,132.6,132.6,716
2021-11-19,132.76,133.13,132.76,133.13,1324
2021-11-19,133.125,133.3,133.1,133.1,676
2021-11-19,133.225,133.225,133.08,133.11,1422
2021-11-19,132.77,132.77,132.43,132.43,499
2021-11-19,132.745,132.79,132.34,132.38,1241
2021-11-19,132.475,132.475,132.38,132.38,416
2021-11-19,132.425,132.96,132.37,132.96,1668
2021-11-19,132.935,133.01,132.935,133.01,1102
2021-11-19,133.59,134.25,133.59,134.25,1154
2021-11-19,134.365,134.92,134.365,134.92,1302
2021-11-19,135.08,135.08,134.12,134.12,1090
2021-11-19,134.31,134.99,134.31,134.99,807
2021-11-19,134.86,134.86,134.76,134.82,949
2021-11-19,134.88,135.38,134.88,135.38,335
2021-11-19,135.62,135.64,135.44,135.44,1157
2021-11-19,135.05,135.05,134.57,134.845,1429
2021-11-19,134.315,134.315,133.3,133.42,1298
2021-11-19,133.88,134.13,133.62,133.69,4132
2021-11-19,133.77,133.785,133.31,133.31,951
2021-11-19,133.14,133.67,133.14,133.47,1206
2021-11-19,133.21,133.21,132.94,132.94,343
2021-11-19,132.915,132.915,132.915,132.915,564
2021-11-19,132.49,132.56,132.465,132.465,1696
2021-11-19,132.3,132.36,129.87,129.87,3200
2021-11-19,129.97,130,129.01,129.05,5863
2021-11-19,129.41,130.46,129.41,130.085,2192
2021-11-19,130.29,130.39,128.89,128.99,2416
2021-11-19,128.89,129.24,128.435,129.24,2765
2021-11-19,129.275,129.9,129.275,129.9,1151
2021-11-19,129.85,129.86,129.59,129.685,1253
2021-11-19,129.33,129.33,128.695,129.03,13367
2021-11-19,128.93,129,128.59,128.975,4274
2021-11-19,128.515,128.81,128.23,128.23,2472
2021-11-19,128.12,128.26,127.31,128.22,3520
2021-11-19,128.13,128.195,127.81,128.17,2404
2021-11-19,128.17,128.17,127.57,127.57,1822
2021-11-19,127.49,127.69,126.79,127.21,5373
2021-11-19,127.35,127.41,126.105,126.105,5280
2021-11-19,126.105,126.395,125.705,126.25,3139
2021-11-19,126.45,127.15,126.45,126.87,2586
2021-11-19,126.86,127.275,126.86,127.175,2241
2021-11-19,127.5,127.79,127.335,127.775,4070
2021-11-19,127.83,127.965,127.79,127.95,3267
2021-11-19,127.985,128.93,127.985,128.93,4498
2021-11-19,128.95,128.98,128.65,128.94,5300
2021-11-19,128.905,128.935,128.57,128.64,7057
2021-11-22,123,123,123,123,200
2021-11-22,125,125,125,125,889
2021-11-22,123.77,124.5,122.8,123.05,3771
2021-11-22,122.61,122.65,121.12,121.12,2566
2021-11-22,121.23,121.25,120.64,120.765,5012
2021-11-22,120.88,120.88,118.76,119.06,6012
2021-11-22,119.25,119.36,118.69,118.8,3668
2021-11-22,119.35,119.6,118.835,119.23,1406
2021-11-22,119.26,121.43,119.26,121.43,3185
2021-11-22,121.93,122.1,121.285,121.4,3197
2021-11-22,121.41,121.41,120.33,120.635,3708
2021-11-22,120.68,121.675,120.68,121.1,3042
2021-11-22,120.575,120.77,119.8,120.06,3109
2021-11-22,120.085,120.65,119.68,120.4,3045
2021-11-22,120.39,120.79,119.99,119.99,1293
2021-11-22,119.9,120.39,119.9,120.39,1910
2021-11-22,120.38,120.605,120.29,120.48,2570
2021-11-22,120.92,121.88,120.92,121.83,2641
2021-11-22,121.85,122.62,121.85,121.85,1706
2021-11-22,121.9,124.28,121.88,124.24,5781
2021-11-22,124.25,124.25,123.69,124.01,2884
2021-11-22,124.71,124.91,124.455,124.455,1799
2021-11-22,124.37,124.37,123.26,123.54,3295
2021-11-22,123.63,124.21,123.63,123.95,5940
2021-11-22,123.69,123.95,123.69,123.93,1081
2021-11-22,123.945,124,123.69,123.83,2232
2021-11-22,123.89,123.89,123.36,123.36,888
2021-11-22,123.65,123.98,123.625,123.63,1146
2021-11-22,123.725,123.9,123.725,123.9,1027
2021-11-22,123.92,123.95,123.82,123.82,1112
2021-11-22,122.92,122.92,122.56,122.645,1244
2021-11-22,122.675,122.74,121.89,121.89,836
2021-11-22,122,122.15,122,122.15,551
2021-11-22,122.48,122.97,122.48,122.91,957
2021-11-22,122.91,122.91,122.55,122.89,2167
2021-11-22,122.81,123.32,122.81,123.32,1158
2021-11-22,123.28,123.87,123.28,123.87,583
2021-11-22,123.86,124.11,123.54,123.86,2954
2021-11-22,123.61,124.14,123.61,124.14,565
2021-11-22,123.97,123.97,123.91,123.91,465
2021-11-22,123.75,123.75,123.32,123.395,1195
2021-11-22,123.39,123.39,122.85,123.26,937
2021-11-22,122.98,122.98,122.89,122.89,723
2021-11-22,123.16,123.16,122.49,122.49,592
2021-11-22,122.64,122.64,122.15,122.15,1163
2021-11-22,121.81,122.43,121.73,122.43,952
2021-11-22,122.8,122.8699,121.62,121.775,1776.0
