Date,Open,High,Low,Close,Volume
2021-11-17,4.825,4.825,4.825,4.825,1180
2021-11-17,4.825,4.825,4.825,4.825,420
2021-11-17,4.825,4.825,4.82,4.825,515
2021-11-17,4.825,4.825,4.825,4.825,510
2021-11-17,4.825,4.83,4.825,4.825,4700
2021-11-17,4.825,4.825,4.825,4.825,3897
2021-11-17,4.825,4.83,4.825,4.83,7353
2021-11-17,4.835,4.835,4.835,4.835,100
2021-11-17,4.835,4.835,4.835,4.835,5306
2021-11-17,4.835,4.835,4.81,4.815,10423
2021-11-17,4.815,4.815,4.815,4.815,3800
2021-11-17,4.815,4.815,4.815,4.815,6040
2021-11-17,4.815,4.815,4.815,4.815,7200
2021-11-17,4.815,4.825,4.81,4.825,3834
2021-11-18,4.65,4.675,4.65,4.66,10130
2021-11-18,4.665,4.67,4.655,4.655,2200
2021-11-18,4.665,4.665,4.665,4.665,3927
2021-11-18,4.665,4.665,4.655,4.665,5900
2021-11-18,4.675,4.675,4.6,4.6,6036
2021-11-18,4.55,4.55,4.535,4.545,12918
2021-11-18,4.48,4.51,4.48,4.51,564
2021-11-18,4.51,4.515,4.5,4.5,6900
2021-11-18,4.5,4.5,4.5,4.5,2340
2021-11-18,4.485,4.5,4.485,4.5,3018
2021-11-18,4.49,4.495,4.3,4.3,4390
2021-11-18,4.3,4.31,4.18,4.18,2247
2021-11-18,4.29,4.34,4.29,4.31,610
2021-11-18,4.37,4.4,4.37,4.4,800
2021-11-18,4.4,4.45,4.4,4.45,1200
2021-11-18,4.42,4.5,4.42,4.5,500
2021-11-18,4.35,4.375,4.35,4.375,417
2021-11-18,4.4,4.4,4.4,4.4,200
2021-11-18,4.385,4.385,4.38,4.385,412
2021-11-18,4.375,4.415,4.375,4.405,10401
2021-11-18,4.405,4.415,4.405,4.415,1084
2021-11-18,4.44,4.44,4.43,4.435,1500
2021-11-18,4.455,4.455,4.455,4.455,100
2021-11-18,4.45,4.455,4.445,4.445,700
2021-11-18,4.44,4.44,4.44,4.44,101
2021-11-18,4.43,4.43,4.43,4.43,100
2021-11-18,4.39,4.39,4.39,4.39,100
2021-11-18,4.38,4.38,4.38,4.38,187
2021-11-18,4.385,4.385,4.385,4.385,100
2021-11-18,4.39,4.39,4.375,4.375,775
2021-11-18,4.37,4.37,4.355,4.355,300
2021-11-18,4.36,4.36,4.35,4.35,500
2021-11-18,4.36,4.36,4.36,4.36,125
2021-11-18,4.355,4.355,4.355,4.355,500
2021-11-18,4.36,4.36,4.36,4.36,105
2021-11-18,4.41,4.41,4.41,4.41,200
2021-11-18,4.405,4.405,4.405,4.405,282
2021-11-18,4.38,4.38,4.375,4.375,219
2021-11-18,4.365,4.365,4.365,4.365,100
2021-11-18,4.35,4.35,4.35,4.35,100
2021-11-18,4.34,4.34,4.34,4.34,300
2021-11-18,4.35,4.35,4.35,4.35,100
2021-11-18,4.37,4.37,4.37,4.37,100
2021-11-18,4.395,4.4,4.395,4.4,400
2021-11-18,4.41,4.41,4.41,4.41,100
2021-11-18,4.435,4.435,4.435,4.435,101
2021-11-18,4.43,4.43,4.41,4.41,301
2021-11-18,4.385,4.39,4.385,4.39,200
2021-11-18,4.395,4.395,4.395,4.395,100
2021-11-18,4.39,4.39,4.39,4.39,200
2021-11-18,4.39,4.39,4.385,4.39,500
2021-11-18,4.4,4.4,4.39,4.39,899
2021-11-18,4.39,4.39,4.39,4.39,100
2021-11-18,4.395,4.395,4.375,4.38,700
2021-11-18,4.38,4.38,4.38,4.38,1100
2021-11-18,4.39,4.39,4.39,4.39,200
2021-11-18,4.4,4.4,4.4,4.4,100
2021-11-18,4.39,4.39,4.385,4.385,615
2021-11-18,4.385,4.385,4.385,4.385,100
2021-11-18,4.385,4.39,4.385,4.39,700
2021-11-18,4.385,4.385,4.385,4.385,103
2021-11-18,4.39,4.39,4.39,4.39,397
2021-11-18,4.41,4.41,4.405,4.41,700
2021-11-18,4.405,4.405,4.405,4.405,100
2021-11-18,4.39,4.39,4.385,4.385,799
2021-11-18,4.38,4.38,4.38,4.38,100
2021-11-18,4.375,4.385,4.375,4.385,1687
2021-11-18,4.395,4.395,4.395,4.395,500
2021-11-18,4.39,4.39,4.385,4.385,300
2021-11-18,4.39,4.4,4.39,4.4,414
2021-11-18,4.395,4.395,4.395,4.395,100
2021-11-18,4.39,4.39,4.39,4.39,100
2021-11-18,4.4,4.4,4.4,4.4,300
2021-11-18,4.405,4.405,4.405,4.405,100
2021-11-18,4.405,4.41,4.405,4.405,1325
2021-11-18,4.415,4.43,4.415,4.425,2220
2021-11-18,4.425,4.43,4.425,4.43,400
2021-11-18,4.445,4.445,4.445,4.445,400
2021-11-18,4.445,4.445,4.445,4.445,100
2021-11-18,4.44,4.44,4.43,4.44,1956
2021-11-18,4.455,4.455,4.455,4.455,100
2021-11-18,4.465,4.465,4.465,4.465,719
2021-11-18,4.42,4.42,4.42,4.42,701
2021-11-18,4.415,4.415,4.415,4.415,200
2021-11-18,4.405,4.405,4.405,4.405,100
2021-11-18,4.41,4.41,4.41,4.41,100
2021-11-18,4.405,4.405,4.4,4.405,5207
2021-11-18,4.44,4.44,4.435,4.435,588
2021-11-18,4.415,4.42,4.405,4.42,600
2021-11-18,4.405,4.43,4.405,4.405,700
2021-11-18,4.405,4.405,4.405,4.405,100
2021-11-18,4.405,4.405,4.405,4.405,100
2021-11-18,4.405,4.405,4.405,4.405,200
2021-11-18,4.39,4.39,4.385,4.385,3042
2021-11-18,4.385,4.385,4.385,4.385,1050
2021-11-18,4.385,4.385,4.385,4.385,900
2021-11-18,4.385,4.385,4.38,4.38,1498
2021-11-18,4.375,4.375,4.375,4.375,100
2021-11-18,4.375,4.375,4.375,4.375,2200
2021-11-18,4.375,4.375,4.375,4.375,4600
2021-11-18,4.375,4.375,4.375,4.375,400
2021-11-18,4.375,4.375,4.375,4.375,1400
2021-11-18,4.375,4.375,4.375,4.375,400
2021-11-18,4.375,4.375,4.375,4.375,400
2021-11-18,4.375,4.375,4.375,4.375,400
2021-11-18,4.375,4.375,4.375,4.375,400
2021-11-18,4.375,4.375,4.375,4.375,3740
2021-11-18,4.375,4.375,4.375,4.375,200
2021-11-18,4.375,4.375,4.375,4.375,600
2021-11-18,4.37,4.37,4.35,4.35,2504
2021-11-18,4.345,4.345,4.335,4.335,5928
2021-11-18,4.315,4.32,4.315,4.32,3208
2021-11-18,4.315,4.32,4.315,4.32,1100
2021-11-18,4.31,4.31,4.31,4.31,300
2021-11-18,4.3,4.31,4.285,4.31,600
2021-11-18,4.3,4.3,4.3,4.3,100
2021-11-18,4.3,4.3,4.3,4.3,100
2021-11-18,4.3,4.3,4.3,4.3,100
2021-11-18,4.3,4.3,4.3,4.3,100
2021-11-18,4.295,4.295,4.295,4.295,300
2021-11-18,4.295,4.295,4.295,4.295,900
2021-11-18,4.295,4.295,4.295,4.295,300
2021-11-18,4.31,4.31,4.31,4.31,100
2021-11-18,4.305,4.305,4.305,4.305,300
2021-11-18,4.305,4.305,4.305,4.305,100
2021-11-18,4.31,4.31,4.31,4.31,115
2021-11-18,4.305,4.31,4.305,4.31,200
2021-11-18,4.305,4.305,4.305,4.305,100
2021-11-18,4.305,4.305,4.305,4.305,100
2021-11-18,4.305,4.305,4.305,4.305,100
2021-11-18,4.31,4.31,4.305,4.305,400
2021-11-18,4.32,4.32,4.32,4.32,100
2021-11-18,4.32,4.32,4.32,4.32,300
2021-11-18,4.32,4.32,4.32,4.32,100
2021-11-18,4.32,4.32,4.32,4.32,100
2021-11-18,4.32,4.32,4.315,4.315,400
2021-11-18,4.325,4.325,4.325,4.325,100
2021-11-18,4.33,4.33,4.33,4.33,200
2021-11-18,4.34,4.34,4.34,4.34,300
2021-11-18,4.325,4.33,4.325,4.33,830
2021-11-18,4.33,4.33,4.33,4.33,100
2021-11-18,4.33,4.33,4.33,4.33,200
2021-11-18,4.335,4.335,4.335,4.335,100
2021-11-18,4.34,4.34,4.34,4.34,300
2021-11-18,4.335,4.34,4.33,4.33,3100
2021-11-18,4.335,4.335,4.33,4.33,565
2021-11-18,4.335,4.335,4.335,4.335,109
2021-11-18,4.335,4.34,4.335,4.335,600
2021-11-18,4.335,4.335,4.335,4.335,200
2021-11-18,4.335,4.335,4.335,4.335,100
2021-11-18,4.335,4.335,4.335,4.335,100
2021-11-18,4.335,4.335,4.335,4.335,300
2021-11-18,4.335,4.335,4.335,4.335,100
2021-11-18,4.335,4.335,4.335,4.335,170
2021-11-18,4.335,4.34,4.335,4.34,800
2021-11-18,4.335,4.335,4.335,4.335,300
2021-11-18,4.335,4.335,4.335,4.335,1100
2021-11-18,4.335,4.34,4.335,4.335,1300
2021-11-18,4.335,4.335,4.335,4.335,500
2021-11-18,4.335,4.335,4.335,4.335,100
2021-11-18,4.335,4.335,4.335,4.335,100
2021-11-18,4.335,4.335,4.335,4.335,300
2021-11-18,4.335,4.335,4.335,4.335,100
2021-11-18,4.335,4.335,4.335,4.335,100
2021-11-18,4.335,4.335,4.335,4.335,200
2021-11-18,4.335,4.335,4.335,4.335,100
2021-11-18,4.335,4.335,4.335,4.335,400
2021-11-18,4.335,4.34,4.335,4.335,314
2021-11-18,4.335,4.335,4.335,4.335,300
2021-11-18,4.335,4.335,4.335,4.335,100
2021-11-18,4.335,4.335,4.335,4.335,200
2021-11-18,4.34,4.34,4.34,4.34,100
2021-11-18,4.35,4.35,4.345,4.345,800
2021-11-18,4.345,4.345,4.345,4.345,200
2021-11-18,4.345,4.345,4.345,4.345,100
2021-11-18,4.35,4.35,4.35,4.35,1647
2021-11-18,4.35,4.35,4.35,4.35,2600
2021-11-18,4.35,4.35,4.35,4.35,400
2021-11-18,4.355,4.36,4.355,4.355,5300
2021-11-18,4.355,4.355,4.355,4.355,200
2021-11-18,4.355,4.36,4.355,4.355,2312
2021-11-18,4.355,4.355,4.355,4.355,600
2021-11-18,4.355,4.355,4.355,4.355,500
2021-11-18,4.355,4.355,4.355,4.355,1600
2021-11-18,4.35,4.35,4.345,4.345,1825
2021-11-18,4.345,4.345,4.335,4.335,2142
2021-11-18,4.335,4.335,4.335,4.335,439
2021-11-18,4.335,4.335,4.335,4.335,2814
2021-11-18,4.335,4.335,4.335,4.335,679
2021-11-18,4.335,4.335,4.335,4.335,200
2021-11-18,4.335,4.335,4.335,4.335,771
2021-11-18,4.34,4.35,4.34,4.35,633
2021-11-18,4.35,4.355,4.35,4.355,665
2021-11-18,4.355,4.355,4.35,4.35,1501
2021-11-18,4.355,4.355,4.355,4.355,1896
2021-11-18,4.355,4.355,4.35,4.355,6761
2021-11-18,4.355,4.355,4.35,4.355,10809
2021-11-18,4.355,4.355,4.355,4.355,7551
2021-11-18,4.355,4.355,4.35,4.355,18669
2021-11-18,4.355,4.355,4.355,4.355,2007
2021-11-19,4.49,4.49,4.49,4.49,1050
2021-11-19,4.555,4.56,4.465,4.465,4700
2021-11-19,4.485,4.505,4.485,4.5,2500
2021-11-19,4.5,4.5,4.495,4.5,4900
2021-11-19,4.5,4.5,4.5,4.5,1900
2021-11-19,4.515,4.515,4.515,4.515,772
2021-11-19,4.5,4.5,4.5,4.5,100
2021-11-19,4.45,4.45,4.45,4.45,510
2021-11-19,4.495,4.495,4.475,4.475,300
2021-11-19,4.495,4.495,4.495,4.495,508
2021-11-19,4.5,4.5,4.5,4.5,400
2021-11-19,4.495,4.495,4.495,4.495,721
2021-11-19,4.485,4.485,4.48,4.48,721
2021-11-19,4.495,4.495,4.49,4.49,501
2021-11-19,4.485,4.485,4.485,4.485,500
2021-11-19,4.485,4.485,4.48,4.48,1000
2021-11-19,4.485,4.485,4.485,4.485,700
2021-11-19,4.485,4.485,4.48,4.48,400
2021-11-19,4.475,4.475,4.475,4.475,200
2021-11-19,4.5,4.5,4.5,4.5,2574
2021-11-19,4.49,4.49,4.49,4.49,300
2021-11-19,4.5,4.5,4.5,4.5,4170
2021-11-19,4.485,4.485,4.485,4.485,300
2021-11-19,4.47,4.47,4.47,4.47,130
2021-11-19,4.48,4.48,4.48,4.48,100
2021-11-19,4.485,4.5,4.485,4.5,4224
2021-11-19,4.5,4.5,4.5,4.5,1126
2021-11-19,4.495,4.5,4.495,4.5,830
2021-11-19,4.5,4.505,4.49,4.49,1500
2021-11-19,4.485,4.485,4.485,4.485,100
2021-11-19,4.5,4.5,4.5,4.5,100
2021-11-19,4.5,4.5,4.5,4.5,150
2021-11-19,4.495,4.495,4.495,4.495,114
2021-11-19,4.5,4.5,4.5,4.5,150
2021-11-19,4.5,4.5,4.5,4.5,825
2021-11-19,4.505,4.505,4.505,4.505,2200
2021-11-19,4.495,4.495,4.495,4.495,2001
2021-11-19,4.495,4.495,4.49,4.49,1500
2021-11-19,4.485,4.485,4.485,4.485,300
2021-11-19,4.485,4.485,4.48,4.48,531
2021-11-19,4.495,4.495,4.495,4.495,1007
2021-11-19,4.5,4.5,4.5,4.5,107
2021-11-19,4.5,4.5,4.5,4.5,103
2021-11-19,4.5,4.505,4.5,4.505,400
2021-11-19,4.495,4.495,4.495,4.495,300
2021-11-19,4.495,4.495,4.495,4.495,110
2021-11-19,4.495,4.495,4.495,4.495,400
2021-11-19,4.5,4.5,4.5,4.5,1650
2021-11-19,4.5,4.5,4.5,4.5,603
2021-11-19,4.5,4.5,4.495,4.495,400
2021-11-19,4.5,4.5,4.5,4.5,200
2021-11-19,4.5,4.5,4.5,4.5,1848
2021-11-19,4.5,4.5,4.5,4.5,351
2021-11-19,4.495,4.495,4.495,4.495,100
2021-11-19,4.5,4.5,4.5,4.5,100
2021-11-19,4.5,4.5,4.5,4.5,3400
2021-11-19,4.495,4.495,4.49,4.49,1200
2021-11-19,4.485,4.485,4.485,4.485,500
2021-11-19,4.485,4.485,4.475,4.475,2400
2021-11-19,4.485,4.485,4.485,4.485,200
2021-11-19,4.49,4.49,4.49,4.49,300
2021-11-19,4.5,4.5,4.5,4.5,1484
2021-11-19,4.5,4.5,4.5,4.5,1917
2021-11-19,4.5,4.5,4.5,4.5,100
2021-11-19,4.495,4.495,4.495,4.495,100
2021-11-19,4.5,4.5,4.5,4.5,100
2021-11-19,4.495,4.495,4.495,4.495,100
2021-11-19,4.5,4.5,4.5,4.5,100
2021-11-19,4.495,4.495,4.495,4.495,400
2021-11-19,4.495,4.495,4.495,4.495,200
2021-11-19,4.5,4.5,4.5,4.5,100
2021-11-19,4.495,4.495,4.495,4.495,331
2021-11-19,4.495,4.495,4.495,4.495,500
2021-11-19,4.495,4.495,4.495,4.495,157
2021-11-19,4.495,4.495,4.495,4.495,200
2021-11-19,4.495,4.495,4.495,4.495,100
2021-11-19,4.5,4.53,4.5,4.525,17120
2021-11-19,4.525,4.525,4.51,4.51,3919
2021-11-19,4.5,4.5,4.5,4.5,899
2021-11-19,4.49,4.49,4.47,4.47,2609
2021-11-19,4.48,4.49,4.48,4.49,200
2021-11-19,4.49,4.49,4.49,4.49,139
2021-11-19,4.5,4.505,4.5,4.5,689
2021-11-19,4.495,4.495,4.495,4.495,1500
2021-11-19,4.495,4.495,4.495,4.495,384
2021-11-19,4.495,4.495,4.495,4.495,428
2021-11-19,4.5,4.5,4.5,4.5,1642
2021-11-19,4.495,4.495,4.495,4.495,220
2021-11-19,4.5,4.5,4.495,4.5,2900
2021-11-19,4.5,4.5,4.5,4.5,200
2021-11-19,4.5,4.5,4.5,4.5,300
2021-11-19,4.495,4.495,4.495,4.495,545
2021-11-19,4.495,4.495,4.495,4.495,266
2021-11-19,4.495,4.495,4.495,4.495,125
2021-11-19,4.5,4.5,4.495,4.495,1460
2021-11-19,4.495,4.495,4.495,4.495,150
2021-11-19,4.495,4.495,4.495,4.495,583
2021-11-19,4.495,4.495,4.495,4.495,200
2021-11-19,4.495,4.495,4.495,4.495,100
2021-11-19,4.495,4.495,4.495,4.495,319
2021-11-19,4.495,4.495,4.495,4.495,215
2021-11-19,4.495,4.495,4.495,4.495,100
2021-11-19,4.495,4.495,4.495,4.495,100
2021-11-19,4.495,4.495,4.495,4.495,200
2021-11-19,4.495,4.495,4.495,4.495,301
2021-11-19,4.5,4.5,4.5,4.5,1499
2021-11-19,4.5,4.5,4.5,4.5,400
2021-11-19,4.5,4.5,4.5,4.5,400
2021-11-19,4.5,4.5,4.5,4.5,700
2021-11-19,4.5,4.5,4.495,4.5,1197
2021-11-19,4.5,4.5,4.5,4.5,142
2021-11-19,4.5,4.5,4.5,4.5,301
2021-11-19,4.5,4.5,4.5,4.5,402
2021-11-19,4.5,4.5,4.5,4.5,202
2021-11-19,4.5,4.5,4.5,4.5,301
2021-11-19,4.5,4.5,4.5,4.5,400
2021-11-19,4.5,4.5,4.5,4.5,302
2021-11-19,4.495,4.495,4.495,4.495,201
2021-11-19,4.5,4.5,4.5,4.5,193
2021-11-19,4.495,4.495,4.495,4.495,200
2021-11-19,4.495,4.495,4.495,4.495,201
2021-11-19,4.495,4.495,4.495,4.495,100
2021-11-19,4.495,4.495,4.495,4.495,100
2021-11-19,4.495,4.495,4.495,4.495,500
2021-11-19,4.495,4.495,4.495,4.495,2224
2021-11-19,4.495,4.495,4.495,4.495,100
2021-11-19,4.495,4.495,4.495,4.495,100
2021-11-19,4.495,4.495,4.495,4.495,677
2021-11-19,4.495,4.495,4.495,4.495,2524
2021-11-19,4.49,4.49,4.47,4.47,12002
2021-11-19,4.47,4.47,4.47,4.47,200
2021-11-19,4.475,4.5,4.475,4.5,5859
2021-11-19,4.495,4.495,4.485,4.485,2900
2021-11-19,4.485,4.49,4.485,4.49,2470
2021-11-19,4.495,4.495,4.495,4.495,1961
2021-11-19,4.5,4.5,4.495,4.495,1400
2021-11-19,4.495,4.495,4.495,4.495,741
2021-11-19,4.495,4.495,4.495,4.495,700
2021-11-19,4.495,4.495,4.495,4.495,416
2021-11-19,4.495,4.495,4.495,4.495,2505
2021-11-22,4.54,4.61,4.49,4.49,5125
2021-11-22,4.5,4.5,4.48,4.495,2000
2021-11-22,4.49,4.5,4.49,4.5,7500
2021-11-22,4.495,4.495,4.47,4.47,500
2021-11-22,4.485,4.5,4.485,4.5,1255
2021-11-22,4.5,4.5,4.495,4.495,7469
2021-11-22,4.485,4.485,4.485,4.485,417
2021-11-22,4.455,4.455,4.455,4.455,100
2021-11-22,4.5,4.5,4.5,4.5,200
2021-11-22,4.5,4.5,4.495,4.495,740
2021-11-22,4.49,4.49,4.47,4.48,1383
2021-11-22,4.485,4.49,4.48,4.48,1030
2021-11-22,4.485,4.49,4.48,4.49,2000
2021-11-22,4.495,4.5,4.49,4.5,7100
2021-11-22,4.495,4.5,4.495,4.495,4942
2021-11-22,4.5,4.5,4.495,4.495,6801
2021-11-22,4.5,4.515,4.495,4.505,16794
2021-11-22,4.505,4.505,4.49,4.495,2800
2021-11-22,4.495,4.5,4.495,4.495,3100
2021-11-22,4.5,4.5,4.495,4.495,10100
2021-11-22,4.495,4.5,4.49,4.495,12306
2021-11-22,4.495,4.5,4.49,4.495,6551
2021-11-22,4.495,4.5,4.495,4.495,500
2021-11-22,4.5,4.5,4.495,4.5,1800
2021-11-22,4.5,4.51,4.5,4.5,10110
2021-11-22,4.5,4.5,4.49,4.49,1440
2021-11-22,4.495,4.5,4.495,4.5,800
2021-11-22,4.5,4.5,4.5,4.5,2700
2021-11-22,4.5,4.5,4.5,4.5,200
2021-11-22,4.5,4.5,4.495,4.495,1200
2021-11-22,4.5,4.5,4.495,4.495,1840
2021-11-22,4.5,4.5,4.495,4.495,4710
2021-11-22,4.495,4.5,4.495,4.5,7848
2021-11-22,4.5,4.5,4.495,4.5,4408
2021-11-22,4.5,4.51,4.495,4.51,11557
2021-11-22,4.535,4.535,4.515,4.52,6390
2021-11-22,4.53,4.53,4.515,4.515,8846
2021-11-22,4.515,4.515,4.515,4.515,500
2021-11-22,4.52,4.52,4.515,4.515,2100
2021-11-22,4.52,4.555,4.52,4.555,2555
2021-11-22,4.555,4.56,4.545,4.545,2645
2021-11-22,4.515,4.525,4.515,4.525,4121
2021-11-22,4.525,4.525,4.525,4.525,120
2021-11-22,4.525,4.525,4.525,4.525,100
2021-11-22,4.535,4.535,4.535,4.535,500
2021-11-22,4.535,4.545,4.535,4.545,680
2021-11-22,4.55,4.57,4.55,4.56,1099
2021-11-22,4.56,4.56,4.55,4.56,513
2021-11-22,4.585,4.585,4.585,4.585,500
2021-11-22,4.595,4.64,4.595,4.635,1800
2021-11-22,4.635,4.645,4.635,4.645,1200
2021-11-22,4.65,4.65,4.645,4.65,500
2021-11-22,4.645,4.7,4.645,4.695,2000
2021-11-22,4.695,4.715,4.69,4.715,3754
2021-11-22,4.75,4.795,4.74,4.78,6998
2021-11-22,4.77,4.79,4.755,4.76,12917
2021-11-22,4.72,4.73,4.72,4.725,2600
2021-11-22,4.74,4.8,4.74,4.78,6579
2021-11-22,4.78,4.79,4.78,4.79,1600
2021-11-22,4.78,4.78,4.735,4.76,2034
2021-11-22,4.77,4.785,4.77,4.785,1177
2021-11-22,4.805,4.84,4.805,4.84,6108
2021-11-22,4.845,4.865,4.835,4.85,4875
2021-11-22,4.85,4.855,4.84,4.85,959
2021-11-22,4.825,4.84,4.825,4.825,3684
2021-11-22,4.845,4.85,4.835,4.85,3703
2021-11-22,4.84,4.84,4.825,4.825,629
2021-11-22,4.85,4.855,4.835,4.835,754
2021-11-22,4.835,4.835,4.82,4.825,1131
2021-11-22,4.825,4.825,4.825,4.825,800
2021-11-22,4.825,4.825,4.825,4.825,800
2021-11-22,4.835,4.86,4.835,4.85,3191
2021-11-22,4.85,4.885,4.85,4.885,4444
2021-11-22,4.895,4.895,4.855,4.855,1305
2021-11-22,4.855,4.86,4.845,4.845,954
2021-11-22,4.85,4.855,4.845,4.855,1300
2021-11-22,4.87,4.92,4.87,4.92,2140
2021-11-22,4.91,4.91,4.875,4.885,911
2021-11-22,4.92,4.92,4.92,4.92,186
2021-11-22,4.935,4.97,4.935,4.97,4500
2021-11-22,4.97,4.97,4.92,4.92,2163
2021-11-22,4.915,4.955,4.915,4.93,962
2021-11-22,4.925,4.925,4.905,4.91,858
2021-11-22,4.915,4.95,4.915,4.95,2539
2021-11-22,4.965,4.965,4.94,4.955,2197
2021-11-22,4.955,4.955,4.9,4.93,986
2021-11-22,4.925,4.93,4.925,4.93,1204
2021-11-22,4.925,4.97,4.925,4.97,2309
2021-11-22,4.965,4.98,4.965,4.975,2853
2021-11-22,4.975,5.01,4.975,5.005,3609
2021-11-22,5.005,5.005,4.98,4.995,4414
2021-11-22,4.995,4.995,4.99,4.99,2506
2021-11-22,4.99,4.99,4.975,4.975,750
2021-11-22,4.945,4.95,4.94,4.94,475
2021-11-22,4.935,4.935,4.935,4.935,100
2021-11-22,4.955,4.965,4.955,4.965,300
2021-11-22,4.96,4.96,4.96,4.96,306
2021-11-22,4.995,5,4.99,4.995,1268
2021-11-22,4.98,4.98,4.965,4.97,512
2021-11-22,4.97,4.97,4.97,4.97,3415
2021-11-22,4.975,4.975,4.975,4.975,300
2021-11-22,4.96,4.99,4.955,4.99,1808
2021-11-22,4.99,4.99,4.985,4.99,669
2021-11-22,4.99,4.99,4.99,4.99,431
2021-11-22,5,5,4.995,4.995,2054
2021-11-22,4.995,5,4.995,4.995,2100
2021-11-22,4.995,4.995,4.995,4.995,8300
2021-11-22,5,5.005,4.995,5.005,1208
2021-11-22,5.005,5.005,4.985,5,7578
2021-11-22,4.995,5.005,4.995,5.005,7405
2021-11-22,4.995,4.995,4.995,4.995,400
2021-11-22,4.99,4.995,4.99,4.99,3400
2021-11-22,4.985,4.985,4.985,4.985,1600
2021-11-22,4.99,4.995,4.99,4.995,650
2021-11-22,4.99,4.995,4.99,4.99,910
2021-11-22,5,5,4.995,5,648
2021-11-22,4.995,5,4.995,5,2500
2021-11-22,4.995,5,4.99,4.995,6828
2021-11-22,4.995,5.045,4.99,5.045,5535
2021-11-22,5.03,5.08,5.03,5.075,5815
2021-11-22,5.09,5.095,5.08,5.08,719
2021-11-22,5.05,5.055,5.05,5.055,2100
2021-11-22,5.06,5.095,5.06,5.095,2825
2021-11-22,5.095,5.095,5.095,5.095,2216
2021-11-22,5.095,5.1,5.095,5.1,929
2021-11-22,5.11,5.115,5.1,5.105,2522
2021-11-22,5.115,5.14,5.115,5.14,1400
2021-11-22,5.12,5.125,5.12,5.125,1700
2021-11-22,5.115,5.115,5.11,5.11,900
2021-11-22,5.085,5.11,5.085,5.11,3000
2021-11-22,5.1,5.1,5.1,5.1,300
2021-11-22,5.095,5.095,5.09,5.095,975
2021-11-22,5.115,5.145,5.115,5.145,3308
2021-11-22,5.145,5.15,5.145,5.145,400
2021-11-22,5.155,5.17,5.155,5.17,942
2021-11-22,5.185,5.195,5.18,5.18,3264
2021-11-22,5.175,5.175,5.175,5.175,400
2021-11-22,5.175,5.175,5.17,5.175,700
2021-11-22,5.19,5.19,5.19,5.19,154
2021-11-22,5.185,5.185,5.185,5.185,1700
2021-11-22,5.185,5.185,5.18,5.18,300
2021-11-22,5.185,5.185,5.175,5.175,6600
2021-11-22,5.17,5.17,5.17,5.17,100
2021-11-22,5.175,5.175,5.175,5.175,100
2021-11-22,5.175,5.185,5.175,5.185,400
2021-11-22,5.185,5.185,5.185,5.185,600
2021-11-22,5.15,5.15,5.15,5.15,600
2021-11-22,5.14,5.14,5.06,5.06,2818
2021-11-22,5.035,5.04,5.025,5.025,2481
2021-11-22,5.015,5.035,5.005,5.025,9924
2021-11-22,5.025,5.025,5.005,5.005,7480
2021-11-22,5.005,5.01,4.995,5.005,5692
2021-11-22,5,5.03,4.995,5.025,7811
2021-11-22,5.01,5.01,5,5,825
2021-11-22,5.005,5.01,5.005,5.01,4178
2021-11-22,5.005,5.015,5.005,5.015,2021
2021-11-22,5.015,5.015,5.015,5.015,422
2021-11-22,5.005,5.005,4.995,5.005,6202
2021-11-22,5.015,5.015,5.015,5.015,117
2021-11-22,5.01,5.02,5.01,5.02,200
2021-11-22,5.015,5.015,5.015,5.015,2430
2021-11-22,5.015,5.015,5.015,5.015,194
2021-11-22,5.005,5.005,5.005,5.005,700
2021-11-22,5.005,5.005,5.005,5.005,300
2021-11-22,5.005,5.005,5.005,5.005,700
2021-11-22,5.005,5.005,5.005,5.005,300
2021-11-22,4.965,4.975,4.965,4.975,200
2021-11-22,5,5,5,5,200
2021-11-22,5,5.005,5,5.005,400
2021-11-22,5.005,5.005,4.995,4.995,300
2021-11-22,4.995,5.005,4.995,5.005,1410
2021-11-22,5,5,4.99,4.99,800
2021-11-22,5.005,5.01,5,5.01,1928
2021-11-22,5.015,5.015,5.015,5.015,700
2021-11-22,5.015,5.02,5.015,5.015,1550
2021-11-22,5,5,4.98,4.985,670
2021-11-22,4.975,4.98,4.975,4.98,400
2021-11-22,4.995,4.995,4.995,4.995,100
2021-11-22,4.995,4.995,4.995,4.995,200
2021-11-22,5.005,5.005,5.005,5.005,150
2021-11-22,5.005,5.005,5.005,5.005,200
2021-11-22,4.995,4.995,4.985,4.985,500
2021-11-22,4.975,4.98,4.975,4.98,300
2021-11-22,4.985,5.005,4.985,5.005,1000
2021-11-22,4.995,4.995,4.995,4.995,200
2021-11-22,4.995,4.995,4.995,4.995,200
2021-11-22,5.015,5.015,5.015,5.015,700
2021-11-22,5.015,5.015,5.015,5.015,600
2021-11-22,5.015,5.015,5.015,5.015,400
2021-11-22,5.025,5.055,5.025,5.055,5694
2021-11-22,5.075,5.075,5.075,5.075,110
2021-11-22,5.09,5.1,5.09,5.1,1749
2021-11-22,5.095,5.095,5.095,5.095,186
2021-11-22,5.09,5.09,5.09,5.09,152
2021-11-22,5.025,5.03,5.025,5.03,2651
2021-11-22,4.995,4.995,4.995,4.995,200
2021-11-22,4.995,4.995,4.995,4.995,193
2021-11-22,4.995,5,4.995,5,400
2021-11-22,4.98,4.98,4.98,4.98,166
2021-11-22,4.965,4.965,4.965,4.965,100
2021-11-22,4.97,4.975,4.97,4.975,700
2021-11-22,4.975,4.975,4.975,4.975,600
2021-11-22,4.96,4.96,4.96,4.96,197
2021-11-22,4.975,4.975,4.975,4.975,363
2021-11-22,4.98,4.98,4.98,4.98,100
2021-11-22,4.97,4.97,4.97,4.97,100
2021-11-22,5,5,5,5,390
2021-11-22,4.995,4.995,4.995,4.995,226
2021-11-22,4.97,4.97,4.96,4.96,500
2021-11-22,4.97,4.97,4.97,4.97,127
2021-11-22,4.98,4.98,4.98,4.98,120
2021-11-22,4.985,4.985,4.985,4.985,100
2021-11-22,4.985,4.985,4.985,4.985,100
2021-11-22,5,5,5,5,120
2021-11-22,4.995,4.995,4.995,4.995,100
2021-11-22,4.99,4.99,4.985,4.985,200
2021-11-22,4.985,4.985,4.985,4.985,100
2021-11-22,4.985,4.985,4.985,4.985,100
2021-11-22,4.995,4.995,4.995,4.995,400
2021-11-22,5,5,4.995,4.995,200
2021-11-22,5,5,5,5,100
2021-11-22,5.005,5.005,5.005,5.005,100
2021-11-22,5,5,4.995,4.995,895
2021-11-22,4.975,4.975,4.975,4.975,100
2021-11-22,4.98,4.98,4.98,4.98,100
2021-11-22,4.995,4.995,4.995,4.995,300
2021-11-22,4.985,4.985,4.985,4.985,200
2021-11-22,4.985,4.985,4.985,4.985,195
2021-11-22,4.985,4.985,4.985,4.985,200
2021-11-22,4.99,5.005,4.99,4.995,700
2021-11-22,4.975,4.975,4.975,4.975,113
2021-11-22,4.975,4.975,4.975,4.975,200
2021-11-22,4.975,4.985,4.975,4.985,400
2021-11-22,4.985,4.995,4.985,4.995,683
2021-11-22,4.985,4.985,4.985,4.985,300
2021-11-22,4.99,4.99,4.99,4.99,100
2021-11-22,4.985,4.985,4.985,4.985,300
2021-11-22,4.99,4.99,4.99,4.99,100
2021-11-22,4.99,4.99,4.99,4.99,100
2021-11-22,4.99,4.99,4.99,4.99,100
2021-11-22,4.97,4.97,4.97,4.97,102
2021-11-22,4.965,4.965,4.965,4.965,236
2021-11-22,4.965,4.965,4.965,4.965,459
2021-11-22,4.975,4.98,4.975,4.98,540
2021-11-22,4.98,4.98,4.98,4.98,200
2021-11-22,4.98,4.98,4.98,4.98,236
2021-11-22,4.985,4.985,4.98,4.98,200
2021-11-22,4.97,4.97,4.97,4.97,100
2021-11-22,4.96,4.96,4.96,4.96,266
2021-11-22,4.955,4.955,4.95,4.95,642
2021-11-22,4.955,4.965,4.955,4.965,1322
2021-11-22,4.96,4.96,4.955,4.955,548
2021-11-22,4.955,4.955,4.955,4.955,100
2021-11-22,4.955,4.955,4.955,4.955,123
2021-11-22,4.95,4.955,4.95,4.955,280
2021-11-22,4.94,4.94,4.92,4.92,1149
2021-11-22,4.925,4.925,4.92,4.925,700
2021-11-22,4.93,4.935,4.93,4.93,1800
2021-11-22,4.925,4.925,4.925,4.925,640
2021-11-22,4.925,4.925,4.925,4.925,334
2021-11-22,4.935,4.935,4.935,4.935,531
2021-11-22,4.925,4.935,4.925,4.935,1800
2021-11-22,4.92,4.945,4.92,4.945,1500
2021-11-22,4.945,4.945,4.94,4.94,985
2021-11-22,4.925,4.925,4.915,4.915,344
2021-11-23,5.55,5.56,5.55,5.55,850
2021-11-23,5.55,5.55,5.55,5.55,250
2021-11-23,5.55,5.55,5.55,5.55,250
2021-11-23,5.55,5.55,5.55,5.55,250
2021-11-23,5.57,5.57,5.57,5.57,200
2021-11-23,5.55,5.55,5.51,5.51,650
2021-11-23,5.51,5.51,5.51,5.51,450
2021-11-23,5.49,5.49,5.49,5.49,200
2021-11-23,5.49,5.49,5.49,5.49,200
2021-11-23,5.49,5.49,5.49,5.49,250
2021-11-23,5.47,5.48,5.47,5.48,500
2021-11-23,5.48,5.48,5.48,5.48,200
2021-11-23,5.51,5.51,5.51,5.51,581
2021-11-23,5.51,5.51,5.51,5.51,700
2021-11-23,5.5,5.5,5.5,5.5,300
2021-11-23,5.51,5.51,5.51,5.51,200
2021-11-23,5.55,5.55,5.55,5.55,1050
2021-11-23,5.53,5.55,5.53,5.55,700
2021-11-23,5.57,5.57,5.56,5.56,950
2021-11-23,5.55,5.55,5.55,5.55,150
2021-11-23,5.55,5.55,5.55,5.55,500
2021-11-23,5.55,5.56,5.55,5.56,6200
2021-11-23,5.56,5.56,5.56,5.56,100
2021-11-23,5.53,5.53,5.51,5.51,800
2021-11-23,5.53,5.53,5.53,5.53,200
2021-11-23,5.55,5.55,5.55,5.55,300
2021-11-23,5.55,5.55,5.55,5.55,950
2021-11-23,5.52,5.52,5.37,5.37,18620
2021-11-23,5.37,5.51,5.33,5.51,99080
2021-11-23,5.48,5.5,5.45,5.495,12354
2021-11-23,5.48,5.51,5.47,5.5,43979
2021-11-23,5.505,5.54,5.49,5.52,77249
2021-11-23,5.52,5.6,5.51,5.59,33886
2021-11-23,5.6,5.775,5.6,5.745,21382
2021-11-23,5.76,5.885,5.715,5.845,19287
2021-11-23,5.845,5.85,5.8,5.805,26073
2021-11-23,5.8,5.83,5.775,5.775,80475
2021-11-23,5.765,5.77,5.685,5.715,17742
2021-11-23,5.715,5.73,5.69,5.73,17509
2021-11-23,5.74,5.74,5.695,5.7,3748
2021-11-23,5.695,5.71,5.69,5.705,33742
2021-11-23,5.71,5.725,5.695,5.725,20622
2021-11-23,5.72,5.77,5.72,5.765,9870
2021-11-23,5.765,5.77,5.74,5.755,9491
2021-11-23,5.745,5.75,5.725,5.735,10885
2021-11-23,5.71,5.71,5.695,5.7,7700
2021-11-23,5.7,5.705,5.7,5.7,8421
2021-11-23,5.7,5.705,5.695,5.695,6303
2021-11-23,5.695,5.695,5.62,5.62,14289
2021-11-23,5.62,5.62,5.59,5.595,15743
2021-11-23,5.595,5.595,5.5,5.505,13446
2021-11-23,5.505,5.57,5.5,5.57,20033
2021-11-23,5.575,5.61,5.575,5.59,22150
2021-11-23,5.585,5.59,5.58,5.585,19387
2021-11-23,5.585,5.59,5.585,5.585,8642
2021-11-23,5.585,5.605,5.58,5.605,22944
2021-11-23,5.605,5.65,5.605,5.645,18506
2021-11-23,5.65,5.65,5.64,5.645,25352
2021-11-23,5.64,5.65,5.64,5.64,12071
2021-11-23,5.64,5.65,5.635,5.635,13176
2021-11-23,5.625,5.625,5.615,5.615,5277
2021-11-23,5.615,5.615,5.59,5.59,1777
2021-11-23,5.59,5.62,5.59,5.62,28806
2021-11-23,5.605,5.61,5.6,5.6,7107
2021-11-23,5.6,5.61,5.6,5.61,3466
2021-11-23,5.6,5.605,5.6,5.6,1829
2021-11-23,5.6,5.6,5.59,5.595,21013
2021-11-23,5.595,5.605,5.595,5.605,5741
2021-11-23,5.605,5.61,5.6,5.6,7936
2021-11-23,5.6,5.61,5.6,5.61,9340
2021-11-23,5.605,5.615,5.595,5.595,19494
2021-11-23,5.575,5.575,5.555,5.555,800
2021-11-23,5.55,5.555,5.475,5.48,9388
2021-11-23,5.485,5.49,5.435,5.45,7552
2021-11-23,5.445,5.45,5.44,5.44,4988
2021-11-23,5.44,5.45,5.43,5.43,2774
2021-11-23,5.425,5.43,5.37,5.37,8156
2021-11-23,5.37,5.375,5.355,5.355,8233
2021-11-23,5.35,5.37,5.32,5.35,12775
2021-11-23,5.37,5.4,5.37,5.4,2254
2021-11-23,5.4,5.41,5.4,5.41,2576
2021-11-23,5.33,5.335,5.305,5.31,6609
2021-11-23,5.28,5.31,5.28,5.31,3821
2021-11-23,5.31,5.31,5.26,5.27,4789
2021-11-23,5.265,5.28,5.23,5.23,5347
2021-11-23,5.23,5.24,5.22,5.24,2203
2021-11-23,5.235,5.25,5.23,5.245,10000
2021-11-23,5.235,5.26,5.235,5.26,3060
2021-11-23,5.275,5.3,5.265,5.275,3381
2021-11-23,5.25,5.31,5.235,5.31,2111
2021-11-23,5.27,5.33,5.27,5.31,4206
2021-11-23,5.335,5.335,5.3,5.3,1739
2021-11-23,5.31,5.31,5.3,5.3,2500
2021-11-23,5.31,5.31,5.275,5.275,4822
2021-11-23,5.25,5.28,5.25,5.28,11235
2021-11-23,5.285,5.285,5.255,5.26,2457
2021-11-23,5.275,5.275,5.27,5.27,908
2021-11-23,5.24,5.24,5.23,5.235,6395
2021-11-23,5.235,5.235,5.23,5.235,1571
2021-11-23,5.235,5.25,5.235,5.245,7600
2021-11-23,5.24,5.24,5.23,5.23,3957
2021-11-23,5.22,5.235,5.22,5.23,4901
2021-11-23,5.23,5.235,5.225,5.23,2709
2021-11-23,5.23,5.23,5.215,5.215,940
2021-11-23,5.205,5.22,5.205,5.22,5205
2021-11-23,5.18,5.18,5.15,5.165,6499
2021-11-23,5.15,5.165,5.15,5.15,11005
2021-11-23,5.135,5.15,5.1,5.1,4701
2021-11-23,5.11,5.12,5.1,5.1,2493
2021-11-23,5.1,5.1,5.08,5.08,1235
2021-11-23,5.07,5.07,5.055,5.055,362
2021-11-23,5.025,5.04,5.025,5.03,2738
2021-11-23,5.04,5.04,5.035,5.035,1543
2021-11-23,5.035,5.04,5.03,5.035,1251
2021-11-23,5.025,5.05,5.025,5.05,2079
2021-11-23,5.015,5.02,5,5,3170
2021-11-23,5,5,4.98,4.995,5317
2021-11-23,4.995,4.995,4.98,4.985,3608
2021-11-23,4.995,5,4.99,4.995,4720
2021-11-23,4.995,5.07,4.995,5.07,2844
2021-11-23,5.08,5.11,5.08,5.11,3268
2021-11-23,5.13,5.13,5.095,5.095,755
2021-11-23,5.095,5.095,5.07,5.08,4770
2021-11-23,5.08,5.095,5.08,5.085,1291
2021-11-23,5.08,5.08,5.035,5.035,1565
2021-11-23,5.03,5.03,5.005,5.01,2546
2021-11-23,5.015,5.055,5.015,5.055,1845
2021-11-23,5.065,5.065,5.045,5.045,1880
2021-11-23,5.025,5.04,5.01,5.01,6695
2021-11-23,5.02,5.03,5.005,5.03,2100
2021-11-23,5.03,5.03,5.03,5.03,289
2021-11-23,5.02,5.03,5.015,5.03,717
2021-11-23,5.03,5.04,5.03,5.04,428
2021-11-23,5.05,5.05,5.05,5.05,1100
2021-11-23,5.05,5.07,5.05,5.07,1758
2021-11-23,5.07,5.07,5.06,5.06,300
2021-11-23,5.03,5.03,5.03,5.03,100
2021-11-23,5.015,5.015,5.01,5.01,1200
2021-11-23,5.01,5.01,5.005,5.005,434
2021-11-23,5,5,4.98,4.98,1728
2021-11-23,4.975,4.975,4.94,4.94,4253
2021-11-23,4.935,4.94,4.935,4.94,200
2021-11-23,4.94,4.96,4.94,4.96,1320
2021-11-23,4.965,4.97,4.955,4.97,785
2021-11-23,4.99,5,4.99,5,500
2021-11-23,5.04,5.04,5.01,5.01,458
2021-11-23,5.02,5.02,5,5.015,1204
2021-11-23,5.025,5.025,5.005,5.01,1608
2021-11-23,5.015,5.015,5.015,5.015,100
2021-11-23,5.01,5.015,5.01,5.015,3481
2021-11-23,5.005,5.005,4.985,5,1600
2021-11-23,4.985,4.985,4.985,4.985,200
2021-11-23,4.985,4.985,4.96,4.975,995
2021-11-23,4.975,4.98,4.975,4.98,2094
2021-11-23,5,5.025,5,5.005,3220
2021-11-23,4.985,5,4.985,5,8355
2021-11-23,4.995,4.995,4.985,4.99,1679
2021-11-23,4.975,4.975,4.955,4.955,800
2021-11-23,4.95,4.975,4.95,4.975,1335
2021-11-23,4.975,4.975,4.975,4.975,200
2021-11-23,4.945,4.945,4.945,4.945,100
2021-11-23,4.96,4.97,4.96,4.96,800
2021-11-23,4.97,4.97,4.97,4.97,2500
2021-11-23,4.95,4.975,4.95,4.975,3665
2021-11-23,4.96,4.96,4.96,4.96,100
2021-11-23,4.94,4.94,4.94,4.94,710
2021-11-23,4.93,4.93,4.925,4.93,1620
2021-11-23,4.94,4.95,4.94,4.94,2273
2021-11-23,4.925,4.925,4.9,4.9,1300
2021-11-23,4.9,4.925,4.9,4.925,200
2021-11-23,4.93,4.93,4.93,4.93,100
2021-11-23,4.925,4.93,4.92,4.92,369
2021-11-23,4.97,4.97,4.97,4.97,132
2021-11-23,4.96,4.96,4.96,4.96,100
2021-11-23,4.96,4.965,4.96,4.96,900
2021-11-23,4.96,4.96,4.96,4.96,539
2021-11-23,4.9,4.9,4.9,4.9,600
2021-11-23,4.9,4.9,4.88,4.895,3300
2021-11-23,4.95,4.95,4.95,4.95,300
2021-11-23,4.94,4.945,4.94,4.94,3700
2021-11-23,4.94,4.94,4.935,4.94,15237
2021-11-23,4.94,4.94,4.94,4.94,500
2021-11-23,4.94,4.94,4.94,4.94,700
2021-11-23,4.94,4.945,4.94,4.945,300
2021-11-23,4.945,4.945,4.945,4.945,400
2021-11-23,4.945,4.98,4.945,4.975,6014
2021-11-23,4.975,4.99,4.975,4.99,1800
2021-11-23,4.985,4.985,4.98,4.98,600
2021-11-23,4.985,4.985,4.985,4.985,800
2021-11-23,4.985,5,4.98,5,3324
2021-11-23,5,5.01,5,5.005,3767
2021-11-23,5.005,5.02,5.005,5.02,4440
2021-11-23,5,5,4.99,5,1100
2021-11-23,4.985,4.985,4.985,4.985,200
2021-11-23,5,5,5,5,1800
2021-11-23,4.985,4.985,4.975,4.975,782
2021-11-23,4.975,4.975,4.975,4.975,600
2021-11-23,4.975,4.985,4.975,4.985,500
2021-11-23,4.995,5,4.995,4.995,2346
2021-11-23,4.995,4.995,4.995,4.995,2556
2021-11-23,4.995,4.995,4.97,4.975,1900
2021-11-23,4.975,4.985,4.965,4.965,1249
2021-11-23,4.955,4.955,4.955,4.955,1603
2021-11-23,4.955,4.955,4.955,4.955,100
2021-11-23,4.95,4.96,4.95,4.96,700
2021-11-23,4.945,4.945,4.94,4.94,3441
2021-11-23,4.94,4.975,4.94,4.975,1200
2021-11-23,4.97,4.975,4.97,4.975,400
2021-11-23,4.985,4.985,4.985,4.985,1384
2021-11-23,4.985,4.985,4.975,4.985,2999
2021-11-23,4.975,4.98,4.975,4.98,672
2021-11-23,4.975,4.975,4.975,4.975,100
2021-11-23,4.975,4.975,4.95,4.95,1321
2021-11-23,4.95,4.95,4.95,4.95,450
2021-11-23,4.93,4.93,4.92,4.92,400
2021-11-23,4.92,4.92,4.92,4.92,300
2021-11-23,4.91,4.91,4.91,4.91,900
2021-11-23,4.905,4.905,4.905,4.905,1200
2021-11-23,4.915,4.915,4.91,4.91,624
2021-11-23,4.9,4.9,4.9,4.9,101
2021-11-23,4.9,4.9,4.9,4.9,1000
2021-11-23,4.9,4.9,4.895,4.895,800
2021-11-23,4.865,4.875,4.865,4.87,1000
2021-11-23,4.87,4.87,4.84,4.84,500
2021-11-23,4.835,4.845,4.83,4.835,699
2021-11-23,4.815,4.82,4.815,4.82,2215
2021-11-23,4.82,4.82,4.82,4.82,300
2021-11-23,4.805,4.805,4.8,4.8,584
2021-11-23,4.805,4.82,4.805,4.82,300
2021-11-23,4.815,4.84,4.815,4.84,741
2021-11-23,4.845,4.905,4.845,4.895,1400
2021-11-23,4.915,4.915,4.9,4.9,400
2021-11-23,4.9,4.9,4.9,4.9,600
2021-11-23,4.915,4.915,4.915,4.915,100
2021-11-23,4.915,4.915,4.915,4.915,3758
2021-11-23,4.93,4.93,4.93,4.93,100
2021-11-23,4.94,4.94,4.94,4.94,100
2021-11-23,4.955,4.955,4.935,4.935,6882
2021-11-23,4.94,4.94,4.935,4.935,200
2021-11-23,4.91,4.915,4.905,4.905,600
2021-11-23,4.89,4.89,4.89,4.89,100
2021-11-23,4.895,4.895,4.895,4.895,500
2021-11-23,4.895,4.895,4.895,4.895,500
2021-11-23,4.89,4.895,4.89,4.89,800
2021-11-23,4.895,4.895,4.895,4.895,300
2021-11-23,4.895,4.895,4.895,4.895,889
2021-11-23,4.895,4.895,4.895,4.895,200
2021-11-23,4.9,4.93,4.9,4.93,277
2021-11-23,4.92,4.925,4.92,4.925,1773
2021-11-23,4.925,4.925,4.925,4.925,906
2021-11-23,4.925,4.94,4.925,4.94,1355
2021-11-23,4.94,4.945,4.94,4.94,1100
2021-11-23,4.94,4.945,4.94,4.94,1000
2021-11-23,4.94,4.945,4.94,4.94,806
2021-11-23,4.955,4.955,4.955,4.955,600
2021-11-23,4.96,4.96,4.95,4.95,598
2021-11-23,4.95,4.95,4.95,4.95,300
2021-11-23,4.955,4.955,4.95,4.955,890
2021-11-23,4.955,4.955,4.955,4.955,861
2021-11-23,4.955,4.955,4.955,4.955,1298
2021-11-23,4.955,4.955,4.955,4.955,1225
2021-11-23,4.955,4.955,4.955,4.955,100
2021-11-23,4.955,4.955,4.955,4.955,1400
2021-11-23,4.95,4.95,4.95,4.95,100
2021-11-23,4.945,4.945,4.94,4.94,400
2021-11-23,4.94,4.94,4.94,4.94,300
2021-11-23,4.945,4.945,4.945,4.945,400
2021-11-23,4.94,4.94,4.94,4.94,100
2021-11-23,4.945,4.945,4.945,4.945,100
2021-11-23,4.945,4.955,4.935,4.935,4400
2021-11-23,4.935,4.935,4.935,4.935,200
2021-11-23,4.935,4.935,4.935,4.935,100
2021-11-23,4.955,4.985,4.955,4.985,1684
2021-11-23,4.995,4.995,4.995,4.995,500
2021-11-23,4.995,5,4.995,4.995,2233
2021-11-23,4.995,4.995,4.995,4.995,769
2021-11-23,4.99,4.99,4.99,4.99,200
2021-11-23,4.99,5.005,4.99,4.995,3901
2021-11-23,4.995,4.995,4.995,4.995,100
2021-11-23,4.995,4.995,4.965,4.965,300
2021-11-23,4.965,4.965,4.965,4.965,800
2021-11-23,4.95,4.95,4.95,4.95,406
2021-11-23,4.95,4.955,4.935,4.935,4287
2021-11-23,4.935,4.94,4.935,4.94,900
2021-11-23,4.945,4.945,4.945,4.945,1475
2021-11-23,4.945,4.945,4.935,4.94,1347
2021-11-23,4.93,4.93,4.93,4.93,100
2021-11-23,4.935,4.935,4.935,4.935,900
2021-11-23,4.93,4.935,4.93,4.935,400
2021-11-23,4.935,4.935,4.935,4.935,2076
2021-11-23,4.93,4.93,4.91,4.91,1000
2021-11-23,4.915,4.915,4.915,4.915,1800
2021-11-23,4.915,4.92,4.915,4.915,1300
2021-11-23,4.945,4.945,4.945,4.945,100
2021-11-23,4.945,4.945,4.945,4.945,1459
2021-11-23,4.955,4.98,4.955,4.98,2287
2021-11-23,4.985,4.985,4.985,4.985,295
2021-11-23,4.985,4.985,4.985,4.985,302
2021-11-23,4.985,4.995,4.985,4.995,1129
2021-11-23,4.995,4.995,4.995,4.995,400
2021-11-23,5,5,4.99,4.99,16884
2021-11-23,4.985,4.995,4.985,4.99,700
2021-11-23,4.98,4.985,4.975,4.985,533
2021-11-23,4.985,4.985,4.985,4.985,408
2021-11-23,4.975,4.975,4.95,4.95,937
2021-11-23,4.955,4.955,4.955,4.955,596
2021-11-23,4.955,4.955,4.95,4.95,200
2021-11-23,4.955,4.955,4.95,4.95,1952
2021-11-23,4.955,4.955,4.95,4.95,2686
2021-11-23,4.95,4.955,4.95,4.95,331
2021-11-23,4.955,4.955,4.955,4.955,678
2021-11-23,4.955,4.955,4.955,4.955,964
2021-11-23,4.955,4.955,4.955,4.955,100
2021-11-23,4.955,4.955,4.955,4.955,1200
2021-11-23,4.955,4.96,4.95,4.96,1271
2021-11-23,4.99,4.99,4.985,4.985,300
2021-11-23,4.985,4.985,4.985,4.985,200
2021-11-23,5,5.005,4.995,4.995,1316
2021-11-23,4.98,4.98,4.98,4.98,200
2021-11-23,4.96,4.96,4.96,4.96,100
2021-11-23,4.96,4.96,4.96,4.96,400
2021-11-23,4.955,4.96,4.94,4.94,1710
2021-11-23,4.94,4.94,4.94,4.94,100
2021-11-23,4.94,4.94,4.94,4.94,200
2021-11-23,4.94,4.945,4.94,4.945,1103
2021-11-23,4.95,4.95,4.95,4.95,847
2021-11-23,4.97,4.985,4.965,4.985,1967
2021-11-23,4.985,4.985,4.985,4.985,200
2021-11-23,4.99,5,4.99,4.995,3500
2021-11-23,4.995,4.995,4.995,4.995,3300
2021-11-23,4.995,4.995,4.975,4.985,1400
2021-11-23,4.985,4.985,4.985,4.985,552
2021-11-23,4.985,4.985,4.985,4.985,224
2021-11-23,4.985,4.985,4.98,4.985,1600
2021-11-23,4.985,4.995,4.985,4.995,1634
2021-11-23,4.995,5.035,4.995,5.035,1452
2021-11-23,5.035,5.035,5.015,5.015,1200
2021-11-23,5,5.005,5,5.005,1870
2021-11-23,5,5.005,4.995,4.995,900
2021-11-23,5.005,5.005,5,5,1104
2021-11-23,5,5,4.995,5,1620
2021-11-23,4.995,5,4.995,5,200
2021-11-23,4.995,4.995,4.995,4.995,1646
2021-11-23,5.005,5.005,4.995,4.995,967
2021-11-23,4.995,4.995,4.995,4.995,400
2021-11-23,4.995,4.995,4.995,4.995,1532
2021-11-23,4.995,4.995,4.995,4.995,2100
2021-11-23,4.995,4.995,4.995,4.995,6000
2021-11-23,4.995,4.995,4.995,4.995,1400
2021-11-23,4.995,5,4.995,5,4538
2021-11-23,4.995,4.995,4.99,4.995,3700
2021-11-23,4.995,4.995,4.995,4.995,3250
2021-11-23,4.995,4.995,4.995,4.995,1668
2021-11-23,4.995,4.995,4.995,4.995,1896
2021-11-23,5,5.005,4.985,4.985,3273
2021-11-23,4.985,4.985,4.965,4.965,800
2021-11-23,4.965,4.965,4.965,4.965,3361
2021-11-23,4.965,4.965,4.965,4.965,1555
2021-11-23,4.965,4.965,4.965,4.965,1641
2021-11-23,4.96,4.965,4.955,4.955,1059
2021-11-23,4.95,4.95,4.935,4.935,2045
2021-11-23,4.935,4.935,4.93,4.93,700
2021-11-23,4.935,4.935,4.93,4.935,1852
2021-11-23,4.93,4.935,4.93,4.935,3371
2021-11-23,4.935,4.95,4.93,4.95,3259
2021-11-23,4.945,4.945,4.945,4.945,1000
2021-11-23,4.945,4.95,4.945,4.95,710
2021-11-23,4.965,4.965,4.965,4.965,1004
2021-11-23,4.965,4.965,4.965,4.965,2542
2021-11-23,4.965,4.965,4.935,4.935,5040
2021-11-23,4.925,4.925,4.925,4.925,421
2021-11-23,4.92,4.92,4.855,4.855,6956
2021-11-23,4.855,4.865,4.855,4.865,410
2021-11-23,4.87,4.89,4.87,4.89,900
2021-11-23,4.905,4.91,4.905,4.91,458
2021-11-23,4.905,4.91,4.905,4.91,642
2021-11-23,4.935,4.945,4.935,4.935,2140
2021-11-23,4.93,4.93,4.93,4.93,100
2021-11-23,4.935,4.935,4.935,4.935,400
2021-11-23,4.945,4.945,4.945,4.945,1227
2021-11-23,4.95,4.955,4.95,4.955,924
2021-11-23,4.97,4.97,4.96,4.965,139.0
