Date,Open,High,Low,Close,Volume
2021-11-19,20.36,20.36,20.35,20.36,527
2021-11-19,20.36,20.365,20.36,20.36,850
2021-11-19,20.37,20.37,20.36,20.36,508
2021-11-19,20.365,20.38,20.365,20.38,437
2021-11-19,20.365,20.365,20.365,20.365,130
2021-11-19,20.37,20.37,20.36,20.37,630
2021-11-19,20.365,20.365,20.365,20.365,330
2021-11-19,20.365,20.365,20.36,20.365,1031
2021-11-19,20.365,20.38,20.365,20.375,1130
2021-11-19,20.37,20.37,20.37,20.37,162
2021-11-19,20.375,20.385,20.37,20.385,1362
2021-11-19,20.385,20.39,20.37,20.37,701
2021-11-19,20.38,20.39,20.38,20.39,850
2021-11-19,20.39,20.39,20.385,20.385,200
2021-11-19,20.39,20.395,20.385,20.385,700
2021-11-19,20.395,20.405,20.395,20.405,406
2021-11-19,20.41,20.445,20.41,20.44,1728
2021-11-19,20.44,20.46,20.435,20.46,1655
2021-11-19,20.46,20.46,20.45,20.45,1500
2021-11-19,20.455,20.465,20.455,20.46,1218
2021-11-19,20.455,20.465,20.455,20.46,725
2021-11-19,20.41,20.41,20.25,20.25,4690
2021-11-19,20.24,20.305,20.215,20.305,4339
2021-11-19,20.31,20.32,20.3,20.32,800
2021-11-19,20.315,20.35,20.315,20.35,400
2021-11-19,20.335,20.335,20.335,20.335,112
2021-11-19,20.32,20.32,20.31,20.315,721
2021-11-19,20.305,20.305,20.29,20.295,512
2021-11-19,20.27,20.28,20.27,20.28,311
2021-11-19,20.315,20.315,20.29,20.3,1541
2021-11-19,20.315,20.33,20.315,20.33,900
2021-11-19,20.32,20.33,20.32,20.325,1211
2021-11-19,20.34,20.36,20.34,20.355,598
2021-11-19,20.335,20.34,20.335,20.34,611
2021-11-19,20.33,20.33,20.32,20.32,511
2021-11-19,20.325,20.335,20.325,20.335,400
2021-11-19,20.32,20.32,20.3,20.3,936
2021-11-19,20.27,20.275,20.27,20.275,411
2021-11-19,20.28,20.28,20.275,20.275,1225
2021-11-19,20.275,20.28,20.265,20.28,700
2021-11-19,20.295,20.295,20.29,20.29,800
2021-11-19,20.315,20.32,20.315,20.32,1195
2021-11-19,20.335,20.345,20.335,20.345,600
2021-11-19,20.335,20.335,20.32,20.325,500
2021-11-19,20.325,20.325,20.325,20.325,101
2021-11-19,20.335,20.335,20.325,20.325,1416
2021-11-19,20.34,20.34,20.34,20.34,815
2021-11-19,20.345,20.345,20.34,20.34,400
2021-11-19,20.335,20.345,20.325,20.345,900
2021-11-19,20.34,20.34,20.34,20.34,200
2021-11-19,20.34,20.34,20.34,20.34,828
2021-11-19,20.325,20.33,20.325,20.33,456
2021-11-19,20.3,20.32,20.295,20.32,1410
2021-11-19,20.31,20.32,20.31,20.315,400
2021-11-19,20.32,20.32,20.31,20.315,1200
2021-11-19,20.315,20.32,20.305,20.305,1430
2021-11-19,20.3,20.32,20.295,20.315,1354
2021-11-19,20.315,20.355,20.315,20.345,1055
2021-11-19,20.345,20.39,20.34,20.37,2123
2021-11-19,20.375,20.375,20.335,20.335,1415
2021-11-19,20.335,20.35,20.335,20.34,1462
2021-11-19,20.345,20.35,20.34,20.34,1367
2021-11-19,20.32,20.33,20.32,20.33,300
2021-11-19,20.33,20.355,20.33,20.355,1036
2021-11-19,20.355,20.365,20.35,20.35,1500
2021-11-19,20.35,20.365,20.35,20.365,651
2021-11-19,20.37,20.37,20.355,20.36,1236
2021-11-19,20.36,20.39,20.36,20.39,883
2021-11-19,20.385,20.39,20.38,20.385,1136
2021-11-19,20.385,20.39,20.385,20.39,1436
2021-11-19,20.395,20.41,20.395,20.41,520
2021-11-19,20.41,20.42,20.41,20.415,1393
2021-11-19,20.415,20.43,20.405,20.41,2844
2021-11-19,20.385,20.39,20.335,20.335,1382
2021-11-19,20.335,20.345,20.325,20.345,923
2021-11-19,20.385,20.39,20.385,20.39,300
2021-11-19,20.385,20.4,20.385,20.4,300
2021-11-19,20.4,20.405,20.385,20.385,1111
2021-11-19,20.39,20.39,20.32,20.32,680
2021-11-19,20.305,20.315,20.295,20.315,717
2021-11-19,20.3,20.3,20.28,20.285,1403
2021-11-19,20.29,20.295,20.275,20.29,940
2021-11-19,20.3,20.3,20.28,20.3,1211
2021-11-19,20.32,20.33,20.32,20.33,235
2021-11-19,20.325,20.325,20.3,20.3,1569
2021-11-19,20.29,20.29,20.265,20.265,1100
2021-11-19,20.26,20.26,20.235,20.235,1024
2021-11-19,20.245,20.265,20.24,20.24,1762
2021-11-19,20.225,20.225,20.135,20.195,4208
2021-11-19,20.19,20.205,20.18,20.205,1541
2021-11-19,20.205,20.205,20.185,20.185,571
2021-11-19,20.19,20.19,20.16,20.175,1533
2021-11-19,20.18,20.205,20.18,20.2,684
2021-11-19,20.195,20.2,20.185,20.185,685
2021-11-19,20.19,20.195,20.1,20.1,3137
2021-11-19,20.11,20.15,20.1,20.15,1053
2021-11-19,20.175,20.175,20.14,20.14,1085
2021-11-19,20.15,20.205,20.15,20.205,909
2021-11-19,20.205,20.22,20.2,20.2,1635
2021-11-19,20.195,20.25,20.195,20.25,3965
2021-11-19,20.28,20.325,20.28,20.325,2566
2021-11-19,20.315,20.315,20.275,20.275,3769
2021-11-19,20.275,20.3,20.27,20.3,2628
2021-11-19,20.305,20.325,20.3,20.3,5826
2021-11-19,20.315,20.38,20.315,20.345,4127
2021-11-19,20.34,20.385,20.335,20.335,9180
2021-11-19,20.34,20.34,20.315,20.325,4130
2021-11-19,20.335,20.35,20.325,20.345,6838
2021-11-19,20.345,20.35,20.315,20.345,8313
2021-11-19,20.345,20.38,20.33,20.375,9722
2021-11-22,20.52,20.54,20.465,20.49,4285
2021-11-22,20.51,20.58,20.51,20.57,2414
2021-11-22,20.52,20.52,20.45,20.49,1200
2021-11-22,20.19,20.19,20.15,20.15,625
2021-11-22,20.15,20.15,19.88,19.93,2026
2021-11-22,19.925,19.95,19.695,19.695,1794
2021-11-22,19.61,19.7,19.6,19.62,4152
2021-11-22,19.61,19.7,19.61,19.63,4143
2021-11-22,19.7,19.8,19.7,19.8,2759
2021-11-22,19.8,19.82,19.67,19.67,1310
2021-11-22,19.725,19.83,19.68,19.75,4224
2021-11-22,19.78,19.8,19.75,19.795,2272
2021-11-22,19.775,19.775,19.735,19.735,6274
2021-11-22,19.735,19.735,19.45,19.47,4169
2021-11-22,19.415,19.42,19.21,19.32,5043
2021-11-22,19.435,19.56,19.415,19.56,2509
2021-11-22,19.43,19.45,19.43,19.45,1581
2021-11-22,19.45,19.485,19.4,19.485,2322
2021-11-22,19.46,19.515,19.46,19.485,3690
2021-11-22,19.505,19.55,19.505,19.55,2100
2021-11-22,19.55,19.56,19.53,19.56,986
2021-11-22,19.615,19.62,19.615,19.615,1150
2021-11-22,19.615,19.715,19.61,19.69,3328
2021-11-22,19.695,19.735,19.66,19.73,2526
2021-11-22,19.73,19.765,19.72,19.72,6780
2021-11-22,19.72,19.77,19.685,19.77,4561
2021-11-22,19.78,19.78,19.76,19.76,1335
2021-11-22,19.72,19.75,19.705,19.705,1218
2021-11-22,19.72,19.72,19.59,19.59,882
2021-11-22,19.58,19.58,19.505,19.505,2162
2021-11-22,19.535,19.605,19.525,19.585,12934
2021-11-22,19.58,19.59,19.51,19.51,1952
2021-11-22,19.54,19.55,19.53,19.55,1300
2021-11-22,19.54,19.67,19.53,19.67,1291
2021-11-22,19.66,19.66,19.57,19.57,2401
2021-11-22,19.585,19.635,19.585,19.615,1125
2021-11-22,19.615,19.615,19.595,19.595,372
2021-11-22,19.62,19.65,19.62,19.635,512
2021-11-22,19.67,19.7,19.67,19.7,1229
2021-11-22,19.7,19.7,19.625,19.67,1957
2021-11-22,19.68,19.68,19.65,19.65,512
2021-11-22,19.675,19.7,19.655,19.69,1475
2021-11-22,19.72,19.72,19.7,19.7,1837
2021-11-22,19.675,19.675,19.675,19.675,309
2021-11-22,19.73,19.74,19.725,19.73,2310
2021-11-22,19.69,19.69,19.66,19.66,813
2021-11-22,19.58,19.58,19.565,19.57,1106
2021-11-22,19.59,19.59,19.56,19.56,716
2021-11-22,19.61,19.61,19.55,19.57,410
2021-11-22,19.57,19.57,19.57,19.57,311
2021-11-22,19.52,19.54,19.52,19.54,501
2021-11-22,19.55,19.56,19.5,19.53,1476
2021-11-22,19.585,19.61,19.585,19.61,600
2021-11-22,19.64,19.66,19.64,19.66,402
2021-11-22,19.63,19.64,19.6,19.6,1722
2021-11-22,19.595,19.605,19.58,19.58,8803
2021-11-22,19.575,19.575,19.49,19.49,1621
2021-11-22,19.49,19.51,19.49,19.505,500
2021-11-22,19.49,19.495,19.44,19.44,1684
2021-11-22,19.44,19.44,19.385,19.385,739
2021-11-22,19.4,19.415,19.4,19.4,1355
2021-11-22,19.43,19.43,19.43,19.43,1514
2021-11-22,19.51,19.51,19.495,19.495,310
2021-11-22,19.5,19.5,19.475,19.475,210
2021-11-22,19.515,19.515,19.515,19.515,101
2021-11-22,19.455,19.455,19.445,19.445,300
2021-11-22,19.41,19.41,19.41,19.41,130
2021-11-22,19.425,19.425,19.35,19.36,1432
2021-11-22,19.38,19.38,19.365,19.365,1015
2021-11-22,19.385,19.385,19.385,19.385,115
2021-11-22,19.395,19.395,19.345,19.38,1083
2021-11-22,19.37,19.37,19.325,19.355,1118
2021-11-22,19.375,19.42,19.375,19.385,1265
2021-11-22,19.385,19.415,19.385,19.415,1733
2021-11-22,19.4,19.41,19.4,19.41,500
2021-11-22,19.36,19.36,19.33,19.33,2763
2021-11-22,19.315,19.32,19.3,19.3,1558
2021-11-22,19.305,19.31,19.29,19.3,2818
2021-11-22,19.27,19.305,19.27,19.295,2590
2021-11-22,19.28,19.305,19.275,19.305,4910
2021-11-22,19.275,19.28,19.265,19.28,14997
2021-11-22,19.27,19.27,19.21,19.21,2150
2021-11-22,19.19,19.23,19.19,19.23,1574
2021-11-22,19.2,19.24,19.195,19.2,2387
2021-11-22,19.23,19.24,19.225,19.23,1813
2021-11-22,19.205,19.205,19.17,19.19,2386
2021-11-22,19.14,19.17,19.08,19.155,5231
2021-11-22,19.155,19.2,19.15,19.2,2451
2021-11-22,19.1,19.1,18.98,19.01,4523
2021-11-22,19.02,19.03,18.99,19.02,11571
2021-11-22,19.04,19.04,18.93,18.93,4828
2021-11-22,18.93,18.965,18.88,18.9,7415
2021-11-22,18.89,18.89,18.78,18.79,4532
2021-11-22,18.8,18.945,18.8,18.945,1289
2021-11-22,19,19.05,18.98,19.04,3147
2021-11-22,19.035,19.1,19.035,19.1,2233
2021-11-22,19.09,19.11,19.02,19.025,3021
2021-11-22,18.97,18.99,18.94,18.95,1118
2021-11-22,18.98,19.02,18.97,19.01,1820
2021-11-22,19.01,19.01,18.96,18.97,620
2021-11-22,18.975,18.975,18.93,18.975,820
2021-11-22,18.99,19.055,18.98,19.035,3463
2021-11-22,19.04,19.1,19.03,19.055,2850
2021-11-22,19.09,19.11,19.07,19.07,1665
2021-11-22,19.06,19.07,19.01,19.01,656
2021-11-22,19.03,19.03,19.03,19.03,116
2021-11-22,19.03,19.04,18.99,18.99,500
2021-11-22,19.005,19.005,18.97,18.985,600
2021-11-22,18.99,18.995,18.98,18.995,434
2021-11-22,18.965,18.97,18.905,18.97,1114
2021-11-22,18.99,18.99,18.98,18.98,400
2021-11-22,18.96,18.96,18.96,18.96,100
2021-11-22,18.93,18.93,18.91,18.93,1070
2021-11-22,18.905,18.91,18.905,18.91,358
2021-11-22,18.9,18.9,18.88,18.89,1710
2021-11-22,18.89,18.89,18.84,18.84,2987
2021-11-22,18.85,18.87,18.85,18.87,565
2021-11-22,18.91,18.95,18.9,18.95,3250
2021-11-22,18.95,18.95,18.94,18.945,900
2021-11-22,18.99,18.99,18.96,18.96,1256
2021-11-22,18.955,18.96,18.925,18.96,1931
2021-11-22,19,19,18.93,18.94,1729
2021-11-22,18.915,18.955,18.915,18.935,2881
2021-11-22,18.935,18.97,18.935,18.97,851
2021-11-22,18.965,18.99,18.93,18.93,1358
2021-11-22,18.92,18.92,18.87,18.87,1134
2021-11-22,18.825,18.84,18.82,18.83,1160
2021-11-22,18.81,18.845,18.8,18.84,3791
2021-11-22,18.85,18.885,18.85,18.885,1096
2021-11-22,18.82,18.82,18.77,18.79,2928
2021-11-22,18.77,18.77,18.74,18.76,926
2021-11-22,18.78,18.78,18.78,18.78,648
2021-11-22,18.8,18.83,18.77,18.83,1899
2021-11-22,18.81,18.835,18.81,18.83,1615
2021-11-22,18.81,18.81,18.74,18.74,1797
2021-11-22,18.79,18.79,18.78,18.785,1700
2021-11-22,18.79,18.8,18.76,18.76,2319
2021-11-22,18.77,18.77,18.74,18.74,577
2021-11-22,18.735,18.755,18.72,18.72,1024
2021-11-22,18.73,18.73,18.71,18.71,895
2021-11-22,18.705,18.71,18.62,18.68,3955
2021-11-22,18.68,18.68,18.67,18.68,1494
2021-11-22,18.67,18.69,18.655,18.655,2095
2021-11-22,18.655,18.665,18.63,18.64,2171
2021-11-22,18.61,18.61,18.56,18.56,4045
2021-11-22,18.565,18.6,18.5,18.6,7120
2021-11-22,18.62,18.63,18.6,18.62,1238
2021-11-22,18.625,18.72,18.62,18.705,4845
2021-11-22,18.7,18.72,18.7,18.7,2203
2021-11-22,18.69,18.69,18.565,18.565,2779
2021-11-22,18.565,18.565,18.51,18.52,2880
2021-11-22,18.565,18.65,18.565,18.65,975
2021-11-22,18.64,18.64,18.555,18.585,613
2021-11-22,18.53,18.54,18.51,18.54,592
2021-11-22,18.55,18.55,18.5,18.515,2270
2021-11-22,18.55,18.55,18.35,18.35,4905
2021-11-22,18.34,18.455,18.34,18.395,5631
2021-11-22,18.415,18.555,18.415,18.555,700
2021-11-22,18.525,18.6,18.525,18.565,2441
2021-11-22,18.555,18.645,18.555,18.615,4031
2021-11-22,18.625,18.66,18.61,18.615,3835
2021-11-22,18.63,18.705,18.63,18.705,3122
2021-11-22,18.665,18.71,18.665,18.71,1889
2021-11-22,18.67,18.685,18.665,18.685,1324
2021-11-22,18.695,18.715,18.685,18.715,1449
2021-11-22,18.7,18.725,18.7,18.705,2831
2021-11-22,18.725,18.765,18.715,18.755,2223
2021-11-22,18.765,18.775,18.745,18.775,3000
2021-11-22,18.775,18.805,18.73,18.775,5123
2021-11-22,18.775,18.835,18.715,18.825,4154
2021-11-22,18.815,18.825,18.785,18.795,1900
2021-11-22,18.775,18.8,18.775,18.795,1139
2021-11-22,18.79,18.815,18.79,18.815,805
2021-11-22,18.815,18.85,18.815,18.85,2773
2021-11-22,18.845,18.885,18.83,18.885,2992
2021-11-22,18.89,18.925,18.89,18.91,2802
2021-11-22,18.875,18.945,18.875,18.945,2600
2021-11-22,18.905,18.965,18.905,18.955,3379
2021-11-22,18.925,18.975,18.925,18.975,1332
2021-11-22,18.95,18.985,18.935,18.985,1368
2021-11-22,18.955,18.955,18.925,18.955,1730
2021-11-22,18.99,18.995,18.94,18.94,1625
2021-11-22,18.98,18.99,18.915,18.96,2904
2021-11-22,18.905,18.905,18.855,18.875,6180
2021-11-22,18.845,18.885,18.845,18.885,1200
2021-11-22,18.885,18.885,18.845,18.845,1205
2021-11-22,18.825,18.825,18.77,18.77,4033
2021-11-22,18.77,18.83,18.77,18.8,808
2021-11-22,18.785,18.785,18.76,18.77,1340
2021-11-22,18.77,18.77,18.77,18.77,124
2021-11-22,18.815,18.83,18.795,18.795,800
2021-11-22,18.795,18.795,18.795,18.795,900
2021-11-22,18.87,18.88,18.83,18.87,2940
2021-11-22,18.835,18.875,18.835,18.875,797
2021-11-22,18.925,18.975,18.925,18.975,2167
2021-11-22,18.965,18.99,18.955,18.99,1300
2021-11-22,18.995,19,18.945,18.945,5661
2021-11-22,18.945,18.945,18.945,18.945,400
2021-11-22,18.96,18.96,18.885,18.92,820
2021-11-22,18.915,18.92,18.915,18.92,325
2021-11-22,18.915,18.935,18.915,18.935,327
2021-11-22,18.93,18.94,18.93,18.94,200
2021-11-22,18.93,18.93,18.905,18.905,200
2021-11-22,18.915,18.96,18.915,18.96,300
2021-11-22,19,19,18.975,18.975,500
2021-11-22,18.97,18.97,18.97,18.97,106
2021-11-22,18.965,18.98,18.92,18.95,2840
2021-11-22,18.95,18.95,18.93,18.93,614
2021-11-22,18.925,18.96,18.925,18.96,500
2021-11-22,18.96,18.96,18.92,18.92,900
2021-11-22,18.95,18.96,18.95,18.95,870
2021-11-22,18.92,18.95,18.92,18.95,200
2021-11-22,18.89,18.9,18.89,18.895,1008
2021-11-22,18.925,18.925,18.92,18.92,200
2021-11-22,18.93,18.93,18.93,18.93,439
2021-11-22,18.94,18.94,18.905,18.905,1261
2021-11-22,18.895,18.895,18.895,18.895,320
2021-11-22,18.945,18.945,18.945,18.945,121
2021-11-22,18.95,18.96,18.95,18.955,412
2021-11-22,18.94,18.94,18.94,18.94,119
2021-11-22,18.945,18.98,18.945,18.98,690
2021-11-22,18.945,18.945,18.945,18.945,600
2021-11-22,18.95,18.95,18.95,18.95,200
2021-11-22,18.945,18.945,18.935,18.935,221
2021-11-22,18.935,18.935,18.935,18.935,200
2021-11-22,18.955,18.955,18.955,18.955,502
2021-11-22,18.925,18.925,18.925,18.925,730
2021-11-22,18.945,18.945,18.945,18.945,301
2021-11-22,18.965,18.965,18.965,18.965,1146
2021-11-22,18.93,18.935,18.925,18.935,736
2021-11-22,18.92,18.92,18.915,18.915,726
2021-11-22,18.905,18.93,18.885,18.93,1356
2021-11-22,18.95,18.95,18.95,18.95,295
2021-11-22,18.965,18.965,18.965,18.965,1205
2021-11-22,18.965,18.98,18.94,18.94,800
2021-11-22,18.955,18.975,18.955,18.975,1531
2021-11-22,18.98,18.98,18.98,18.98,600
2021-11-22,18.985,19.005,18.985,19.005,300
2021-11-22,19,19.01,18.975,18.98,1500
2021-11-22,18.98,18.985,18.98,18.98,350
2021-11-22,18.985,18.985,18.985,18.985,201
2021-11-22,18.995,18.995,18.985,18.99,1800
2021-11-22,18.985,18.985,18.975,18.975,601
2021-11-22,18.965,18.965,18.955,18.955,1047
2021-11-22,18.94,18.94,18.92,18.935,900
2021-11-22,18.965,18.965,18.935,18.935,533
2021-11-22,18.935,18.935,18.925,18.935,1910
2021-11-22,18.94,18.94,18.935,18.935,600
2021-11-22,18.925,18.925,18.915,18.925,900
2021-11-22,18.935,18.935,18.935,18.935,400
2021-11-22,18.935,18.935,18.92,18.93,870
2021-11-22,18.925,18.925,18.925,18.925,200
2021-11-22,18.9,18.905,18.895,18.9,1701
2021-11-22,18.905,18.905,18.885,18.89,404
2021-11-22,18.895,18.9,18.895,18.9,450
2021-11-22,18.925,18.93,18.925,18.93,1077
2021-11-22,18.915,18.915,18.915,18.915,433
2021-11-22,18.885,18.89,18.885,18.89,608
2021-11-22,18.915,18.915,18.895,18.915,1920
2021-11-22,18.915,18.915,18.9,18.905,1600
2021-11-22,18.89,18.915,18.885,18.915,2800
2021-11-22,18.895,18.895,18.895,18.895,200
2021-11-22,18.9,18.935,18.9,18.935,1400
2021-11-22,18.94,18.955,18.94,18.955,1255
2021-11-22,18.955,18.955,18.945,18.95,1375
2021-11-22,18.97,18.97,18.965,18.965,642
2021-11-22,18.965,18.99,18.965,18.99,800
2021-11-22,18.98,18.98,18.98,18.98,131
2021-11-22,18.975,18.975,18.955,18.97,600
2021-11-22,18.975,18.975,18.975,18.975,100
2021-11-22,18.985,18.985,18.985,18.985,2339
2021-11-22,18.98,18.985,18.955,18.955,1082
2021-11-22,18.955,18.955,18.955,18.955,348
2021-11-22,18.95,18.95,18.94,18.94,1811
2021-11-22,18.94,18.96,18.94,18.955,2391
2021-11-22,18.955,18.955,18.94,18.94,2074
2021-11-22,18.93,18.93,18.92,18.92,1101
2021-11-22,18.92,18.925,18.92,18.92,1380
2021-11-22,18.925,18.925,18.9,18.9,2402
2021-11-22,18.9,18.91,18.895,18.895,1814
2021-11-22,18.905,18.905,18.905,18.905,200
2021-11-22,18.895,18.895,18.895,18.895,300
2021-11-22,18.89,18.89,18.87,18.87,1165
2021-11-22,18.865,18.87,18.865,18.87,1253
2021-11-22,18.875,18.89,18.875,18.885,501
2021-11-22,18.885,18.885,18.88,18.885,1665
2021-11-22,18.885,18.885,18.865,18.865,562
2021-11-22,18.875,18.88,18.875,18.88,457
2021-11-22,18.88,18.88,18.84,18.84,1541
2021-11-22,18.845,18.845,18.845,18.845,1067
2021-11-22,18.845,18.87,18.845,18.86,962
2021-11-22,18.855,18.855,18.845,18.855,1212
2021-11-22,18.885,18.89,18.885,18.885,3351
2021-11-22,18.875,18.885,18.875,18.885,1022
2021-11-22,18.885,18.895,18.885,18.895,603
2021-11-22,18.88,18.88,18.855,18.855,1360
2021-11-22,18.855,18.865,18.855,18.865,520
2021-11-22,18.865,18.865,18.865,18.865,400
2021-11-22,18.86,18.86,18.855,18.855,800
2021-11-22,18.835,18.845,18.835,18.845,600
2021-11-22,18.845,18.845,18.8,18.805,1484
2021-11-22,18.805,18.805,18.765,18.775,2039
2021-11-22,18.775,18.8,18.765,18.8,412
2021-11-22,18.81,18.82,18.805,18.81,3700
2021-11-22,18.815,18.815,18.815,18.815,219
2021-11-22,18.835,18.835,18.83,18.83,658
2021-11-22,18.815,18.815,18.815,18.815,190
2021-11-22,18.815,18.815,18.815,18.815,100
2021-11-22,18.815,18.815,18.815,18.815,396
2021-11-22,18.815,18.825,18.805,18.805,2101
2021-11-22,18.805,18.805,18.805,18.805,500
2021-11-22,18.8,18.805,18.79,18.805,938
2021-11-22,18.805,18.835,18.805,18.83,365
2021-11-22,18.835,18.855,18.835,18.845,17212
2021-11-22,18.845,18.885,18.845,18.885,5034
2021-11-22,18.885,18.905,18.885,18.905,9200
2021-11-22,18.905,18.905,18.895,18.895,600
2021-11-22,18.895,18.935,18.895,18.935,7343
2021-11-22,18.935,18.935,18.93,18.935,550
2021-11-22,18.935,18.95,18.935,18.94,1162
2021-11-22,18.94,18.94,18.94,18.94,347
2021-11-22,18.95,18.95,18.935,18.935,3101
2021-11-22,18.93,18.98,18.915,18.98,4982
2021-11-22,18.99,18.99,18.985,18.985,6011
2021-11-22,19,19.005,18.995,19.005,13197
2021-11-22,19.005,19.035,19.005,19.035,5679
2021-11-22,19.02,19.02,18.99,18.99,1856
2021-11-22,18.99,18.995,18.98,18.995,3300
2021-11-22,19,19.02,19,19.015,664
2021-11-22,19.015,19.04,19.01,19.04,1701
2021-11-22,19.045,19.07,19.045,19.07,12831
2021-11-22,19.07,19.07,19.055,19.07,1465
2021-11-22,19.075,19.1,19.075,19.095,6468
2021-11-22,19.095,19.095,19.095,19.095,808
2021-11-22,19.09,19.09,19.085,19.085,1729
2021-11-22,19.085,19.085,19.085,19.085,202
2021-11-22,19.085,19.1,19.075,19.095,3602
2021-11-22,19.09,19.1,19.055,19.075,3300
2021-11-22,19.065,19.065,19.02,19.025,2149
2021-11-22,19.035,19.05,19.03,19.03,943
2021-11-22,18.975,18.995,18.975,18.98,1225
2021-11-22,18.975,18.99,18.975,18.99,8553
2021-11-22,18.995,18.995,18.99,18.995,74579
2021-11-22,18.995,18.995,18.995,18.995,1401
2021-11-22,18.995,18.995,18.995,18.995,3065
2021-11-22,18.995,19.005,18.975,18.99,3553
2021-11-22,18.945,18.95,18.945,18.95,601
2021-11-22,18.95,18.95,18.945,18.945,858
2021-11-22,18.94,18.94,18.93,18.93,1045
2021-11-22,18.925,18.94,18.925,18.935,2100
2021-11-22,18.94,18.99,18.94,18.985,1725
2021-11-22,18.985,18.99,18.975,18.975,10152
2021-11-22,18.97,18.98,18.97,18.98,1032
2021-11-22,18.935,18.935,18.935,18.935,226
2021-11-22,18.925,18.945,18.925,18.945,3164
2021-11-22,18.935,18.955,18.935,18.95,8653
2021-11-22,18.935,18.94,18.93,18.93,3566
2021-11-22,18.91,18.91,18.91,18.91,400
2021-11-22,18.915,18.915,18.905,18.905,300
2021-11-22,18.905,18.905,18.905,18.905,1157
2021-11-22,18.9,18.9,18.9,18.9,811
2021-11-22,18.895,18.905,18.89,18.905,6047
2021-11-22,18.9,18.905,18.9,18.905,506
2021-11-22,18.905,18.91,18.9,18.905,1035
2021-11-22,18.905,18.91,18.9,18.905,4321
2021-11-22,18.905,18.91,18.905,18.91,2402
2021-11-22,18.905,18.905,18.855,18.855,1374
2021-11-22,18.855,18.86,18.785,18.84,8506
2021-11-22,18.84,18.84,18.83,18.83,403
2021-11-22,18.825,18.835,18.825,18.83,2350
2021-11-22,18.825,18.825,18.81,18.815,5838
2021-11-22,18.815,18.815,18.77,18.77,16190
2021-11-22,18.77,18.77,18.755,18.755,4676
2021-11-22,18.76,18.785,18.76,18.78,12393
2021-11-22,18.785,18.81,18.785,18.8,8751
2021-11-22,18.8,18.8,18.75,18.75,4389
2021-11-22,18.74,18.745,18.74,18.745,2711
2021-11-22,18.745,18.745,18.715,18.715,12678
2021-11-22,18.715,18.735,18.715,18.735,7888
2021-11-23,18.55,18.615,18.485,18.485,3090
2021-11-23,18.42,18.42,18.3,18.3,2650
2021-11-23,18.34,18.38,18.34,18.38,200
2021-11-23,18.59,18.62,18.59,18.62,1600
2021-11-23,18.61,18.63,18.595,18.595,1700
2021-11-23,18.61,18.61,18.46,18.49,4891
2021-11-23,18.45,18.5,18.45,18.5,5400
2021-11-23,18.5,18.5,18.46,18.475,5159
2021-11-23,18.475,18.485,18.45,18.485,1328
2021-11-23,18.5,18.51,18.42,18.46,6524
2021-11-23,18.485,18.485,18.385,18.39,2712
2021-11-23,18.5,18.5,18.495,18.495,270
2021-11-23,18.505,18.515,18.49,18.505,1022
2021-11-23,18.49,18.52,18.48,18.515,4315
2021-11-23,18.505,18.505,18.41,18.41,1058
2021-11-23,18.4,18.45,18.4,18.42,1290
2021-11-23,18.435,18.5,18.435,18.48,758
2021-11-23,18.47,18.475,18.43,18.435,5732
2021-11-23,18.435,18.45,18.375,18.4,2457
2021-11-23,18.39,18.545,18.38,18.545,4709
2021-11-23,18.52,18.545,18.51,18.51,5427
2021-11-23,18.525,18.525,18.47,18.495,1113
2021-11-23,18.515,18.565,18.515,18.54,10365
2021-11-23,18.525,18.535,18.42,18.44,10928
2021-11-23,18.49,18.5,18.395,18.395,2096
2021-11-23,18.42,18.43,18.385,18.405,4048
2021-11-23,18.41,18.495,18.41,18.485,14776
2021-11-23,18.49,18.49,18.49,18.49,570
2021-11-23,18.47,18.47,18.405,18.405,1350
2021-11-23,18.44,18.46,18.345,18.345,1728
2021-11-23,18.325,18.34,18.315,18.315,1506
2021-11-23,18.34,18.385,18.325,18.385,925
2021-11-23,18.32,18.38,18.3,18.365,4178
2021-11-23,18.335,18.355,18.325,18.325,1587
2021-11-23,18.325,18.325,18.22,18.235,4560
2021-11-23,18.25,18.25,18.2,18.2,1838
2021-11-23,18.215,18.225,18.195,18.215,3511
2021-11-23,18.205,18.24,18.205,18.22,2571
2021-11-23,18.205,18.23,18.2,18.2,3821
2021-11-23,18.195,18.2,18.11,18.115,3704
2021-11-23,18.115,18.225,18.115,18.225,2383
2021-11-23,18.21,18.215,18.2,18.215,630
2021-11-23,18.18,18.2,18.17,18.18,3170
2021-11-23,18.21,18.21,18.105,18.115,8856
2021-11-23,18.105,18.105,18.055,18.075,3212
2021-11-23,18.05,18.05,17.99,17.995,4111
2021-11-23,17.985,18.065,17.985,18.025,10843
2021-11-23,18.025,18.035,18.01,18.025,8589
2021-11-23,18.035,18.06,18,18.06,6176
2021-11-23,18.055,18.155,18.055,18.155,204
2021-11-23,18.11,18.145,18.11,18.14,1400
2021-11-23,18.145,18.185,18.135,18.18,2118
2021-11-23,18.185,18.19,18.075,18.08,1712
2021-11-23,18.06,18.1,18.06,18.1,740
2021-11-23,18.085,18.085,18,18.005,1800
2021-11-23,18.005,18.025,18,18.015,5305
2021-11-23,18,18,17.96,17.96,3052
2021-11-23,17.965,18.005,17.96,17.98,4596
2021-11-23,17.965,18,17.96,18,1827
2021-11-23,17.99,18.06,17.99,18.06,601
2021-11-23,18.065,18.065,17.99,17.995,2764
2021-11-23,17.995,18.005,17.985,18.005,1854
2021-11-23,18.005,18.005,17.96,17.97,2253
2021-11-23,17.99,18.01,17.965,17.965,1300
2021-11-23,17.97,18.015,17.945,17.97,5980
2021-11-23,17.97,17.97,17.96,17.96,420
2021-11-23,17.955,17.955,17.95,17.95,545
2021-11-23,17.935,17.97,17.935,17.97,601
2021-11-23,17.995,17.995,17.96,17.96,505
2021-11-23,17.985,18,17.985,17.995,435
2021-11-23,17.98,17.98,17.965,17.965,202
2021-11-23,17.975,17.975,17.975,17.975,600
2021-11-23,17.98,17.99,17.98,17.99,407
2021-11-23,17.975,17.995,17.96,17.995,1547
2021-11-23,17.985,18.01,17.985,18,4112
2021-11-23,18,18.01,18,18.005,1807
2021-11-23,17.995,18.02,17.995,18.02,2301
2021-11-23,18.015,18.03,18.01,18.01,1269
2021-11-23,18.015,18.015,17.98,17.985,4702
2021-11-23,17.975,17.98,17.95,17.955,1908
2021-11-23,17.95,17.95,17.87,17.87,3574
2021-11-23,17.865,17.87,17.825,17.825,7535
2021-11-23,17.84,17.88,17.835,17.87,7691
2021-11-23,17.855,17.86,17.85,17.85,1618
2021-11-23,17.855,17.865,17.845,17.845,2182
2021-11-23,17.845,17.845,17.75,17.75,3678
2021-11-23,17.755,17.76,17.75,17.75,3819
2021-11-23,17.735,17.77,17.7,17.705,9307
2021-11-23,17.715,17.77,17.7,17.745,6874
2021-11-23,17.755,17.765,17.715,17.715,2328
2021-11-23,17.715,17.755,17.7,17.715,1796
2021-11-23,17.7,17.715,17.7,17.705,1637
2021-11-23,17.695,17.76,17.69,17.755,2302
2021-11-23,17.755,17.81,17.745,17.81,4205
2021-11-23,17.81,17.825,17.805,17.805,2748
2021-11-23,17.785,17.8,17.785,17.8,900
2021-11-23,17.825,17.87,17.815,17.87,1400
2021-11-23,17.865,17.89,17.825,17.825,856
2021-11-23,17.825,17.87,17.825,17.865,1857
2021-11-23,17.845,17.885,17.845,17.885,300
2021-11-23,17.88,17.89,17.88,17.89,1602
2021-11-23,17.885,17.9,17.885,17.9,831
2021-11-23,17.895,17.9,17.885,17.89,600
2021-11-23,17.895,17.9,17.895,17.895,1250
2021-11-23,17.895,17.895,17.895,17.895,1200
2021-11-23,17.9,17.905,17.895,17.895,1547
2021-11-23,17.86,17.86,17.8,17.805,2012
2021-11-23,17.785,17.825,17.765,17.825,722
2021-11-23,17.835,17.835,17.82,17.82,1211
2021-11-23,17.83,17.85,17.8,17.83,1494
2021-11-23,17.845,17.85,17.81,17.81,627
2021-11-23,17.82,17.82,17.8,17.805,500
2021-11-23,17.795,17.805,17.755,17.755,915
2021-11-23,17.78,17.79,17.775,17.785,759
2021-11-23,17.765,17.77,17.76,17.76,671
2021-11-23,17.745,17.795,17.745,17.795,2416
2021-11-23,17.815,17.87,17.815,17.87,2600
2021-11-23,17.87,17.87,17.82,17.83,1563
2021-11-23,17.895,17.9,17.895,17.9,573
2021-11-23,17.945,17.95,17.925,17.925,400
2021-11-23,17.945,17.945,17.925,17.925,692
2021-11-23,17.915,17.935,17.91,17.92,600
2021-11-23,17.905,17.905,17.885,17.885,555
2021-11-23,17.895,17.895,17.855,17.86,500
2021-11-23,17.85,17.86,17.835,17.855,600
2021-11-23,17.9,17.92,17.9,17.92,384
2021-11-23,17.925,17.925,17.925,17.925,100
2021-11-23,17.925,17.94,17.915,17.925,1935
2021-11-23,17.93,17.93,17.885,17.905,400
2021-11-23,17.91,17.925,17.91,17.925,900
2021-11-23,17.915,17.935,17.915,17.925,1200
2021-11-23,17.94,17.99,17.94,17.99,1200
2021-11-23,17.98,17.98,17.92,17.92,1700
2021-11-23,17.915,17.97,17.905,17.97,1376
2021-11-23,17.975,17.99,17.96,17.965,1305
2021-11-23,17.965,18,17.965,17.965,3051
2021-11-23,17.965,17.97,17.955,17.96,804
2021-11-23,17.975,17.99,17.975,17.985,1000
2021-11-23,17.975,17.98,17.955,17.955,1815
2021-11-23,17.93,17.93,17.905,17.905,876
2021-11-23,17.92,17.92,17.895,17.9,900
2021-11-23,17.905,17.915,17.9,17.9,706
2021-11-23,17.895,17.895,17.89,17.895,402
2021-11-23,17.9,17.9,17.895,17.895,905
2021-11-23,17.915,17.915,17.91,17.915,702
2021-11-23,17.92,17.92,17.905,17.905,401
2021-11-23,17.885,17.89,17.86,17.86,726
2021-11-23,17.865,17.88,17.865,17.865,500
2021-11-23,17.865,17.865,17.865,17.865,200
2021-11-23,17.855,17.875,17.855,17.855,316
2021-11-23,17.825,17.825,17.8,17.815,1068
2021-11-23,17.82,17.835,17.82,17.835,500
2021-11-23,17.84,17.84,17.835,17.84,300
2021-11-23,17.835,17.835,17.835,17.835,125
2021-11-23,17.835,17.855,17.825,17.855,500
2021-11-23,17.865,17.865,17.845,17.85,1440
2021-11-23,17.865,17.88,17.85,17.88,900
2021-11-23,17.88,17.88,17.87,17.87,562
2021-11-23,17.855,17.89,17.855,17.875,800
2021-11-23,17.855,17.855,17.855,17.855,100
2021-11-23,17.88,17.88,17.8,17.8,2122
2021-11-23,17.805,17.805,17.795,17.795,1100
2021-11-23,17.795,17.83,17.745,17.75,2938
2021-11-23,17.79,17.815,17.79,17.815,1323
2021-11-23,17.795,17.83,17.795,17.83,523
2021-11-23,17.8,17.82,17.8,17.82,1497
2021-11-23,17.82,17.825,17.815,17.815,600
2021-11-23,17.825,17.825,17.825,17.825,536
2021-11-23,17.815,17.83,17.815,17.83,312
2021-11-23,17.825,17.835,17.815,17.83,1400
2021-11-23,17.845,17.845,17.845,17.845,100
2021-11-23,17.84,17.895,17.84,17.895,274
2021-11-23,17.9,17.91,17.885,17.885,901
2021-11-23,17.875,17.895,17.875,17.895,323
2021-11-23,17.87,17.87,17.86,17.865,512
2021-11-23,17.825,17.825,17.825,17.825,540
2021-11-23,17.845,17.845,17.83,17.835,366
2021-11-23,17.82,17.82,17.81,17.81,1100
2021-11-23,17.795,17.815,17.785,17.81,2200
2021-11-23,17.795,17.795,17.78,17.79,1003
2021-11-23,17.785,17.8,17.785,17.8,530
2021-11-23,17.8,17.8,17.79,17.79,312
2021-11-23,17.785,17.79,17.785,17.79,900
2021-11-23,17.815,17.815,17.815,17.815,273
2021-11-23,17.825,17.835,17.825,17.83,400
2021-11-23,17.815,17.815,17.795,17.795,400
2021-11-23,17.795,17.8,17.785,17.785,1100
2021-11-23,17.79,17.79,17.79,17.79,100
2021-11-23,17.785,17.795,17.785,17.795,1305
2021-11-23,17.785,17.79,17.785,17.79,523
2021-11-23,17.795,17.795,17.785,17.785,342
2021-11-23,17.77,17.775,17.765,17.775,1340
2021-11-23,17.765,17.765,17.755,17.755,1351
2021-11-23,17.765,17.77,17.73,17.73,5401
2021-11-23,17.735,17.77,17.735,17.755,3710
2021-11-23,17.745,17.75,17.745,17.75,332
2021-11-23,17.755,17.755,17.73,17.735,577
2021-11-23,17.72,17.725,17.72,17.725,992
2021-11-23,17.725,17.73,17.725,17.73,1295
2021-11-23,17.725,17.725,17.71,17.725,3765
2021-11-23,17.725,17.725,17.725,17.725,920
2021-11-23,17.7,17.715,17.69,17.705,3322
2021-11-23,17.705,17.705,17.695,17.695,2238
2021-11-23,17.69,17.69,17.64,17.675,2760
2021-11-23,17.67,17.675,17.67,17.67,651
2021-11-23,17.665,17.675,17.665,17.675,400
2021-11-23,17.66,17.665,17.66,17.665,210
2021-11-23,17.67,17.685,17.67,17.685,560
2021-11-23,17.69,17.705,17.685,17.705,1030
2021-11-23,17.705,17.705,17.695,17.695,410
2021-11-23,17.705,17.715,17.695,17.705,3003
2021-11-23,17.705,17.705,17.705,17.705,100
2021-11-23,17.665,17.67,17.665,17.67,507
2021-11-23,17.66,17.665,17.655,17.665,2116
2021-11-23,17.675,17.705,17.675,17.705,307
2021-11-23,17.69,17.69,17.665,17.675,724
2021-11-23,17.675,17.68,17.675,17.68,1272
2021-11-23,17.7,17.7,17.675,17.675,660
2021-11-23,17.645,17.65,17.64,17.645,853
2021-11-23,17.65,17.65,17.575,17.58,1840
2021-11-23,17.565,17.565,17.555,17.565,1057
2021-11-23,17.515,17.565,17.51,17.55,4758
2021-11-23,17.545,17.555,17.53,17.555,997
2021-11-23,17.555,17.575,17.545,17.55,1077
2021-11-23,17.52,17.52,17.5,17.505,1773
2021-11-23,17.505,17.525,17.505,17.505,1630
2021-11-23,17.515,17.515,17.485,17.485,2905
2021-11-23,17.485,17.495,17.485,17.495,2955
2021-11-23,17.505,17.545,17.505,17.545,1394
2021-11-23,17.535,17.545,17.525,17.525,1010
2021-11-23,17.525,17.565,17.525,17.565,720
2021-11-23,17.575,17.575,17.565,17.565,380
2021-11-23,17.61,17.61,17.605,17.605,620
2021-11-23,17.595,17.595,17.595,17.595,220
2021-11-23,17.64,17.655,17.64,17.655,391
2021-11-23,17.655,17.66,17.655,17.655,505
2021-11-23,17.645,17.645,17.645,17.645,1230
2021-11-23,17.65,17.65,17.64,17.645,530
2021-11-23,17.64,17.64,17.615,17.64,510
2021-11-23,17.635,17.635,17.635,17.635,320
2021-11-23,17.64,17.64,17.615,17.615,1104
2021-11-23,17.615,17.64,17.615,17.64,1000
2021-11-23,17.625,17.625,17.625,17.625,700
2021-11-23,17.615,17.62,17.61,17.61,809
2021-11-23,17.605,17.605,17.575,17.585,1410
2021-11-23,17.6,17.6,17.6,17.6,100
2021-11-23,17.615,17.62,17.615,17.62,1092
2021-11-23,17.62,17.62,17.58,17.585,1811
2021-11-23,17.575,17.575,17.575,17.575,300
2021-11-23,17.575,17.595,17.575,17.595,800
2021-11-23,17.59,17.59,17.575,17.575,923
2021-11-23,17.575,17.575,17.525,17.54,2995
2021-11-23,17.52,17.52,17.52,17.52,103
2021-11-23,17.565,17.57,17.565,17.57,1126
2021-11-23,17.57,17.595,17.57,17.595,610
2021-11-23,17.595,17.6,17.595,17.6,400
2021-11-23,17.655,17.705,17.655,17.7,1013
2021-11-23,17.695,17.695,17.695,17.695,210
2021-11-23,17.705,17.76,17.705,17.75,1348
2021-11-23,17.75,17.75,17.725,17.74,853
2021-11-23,17.77,17.77,17.765,17.77,552
2021-11-23,17.765,17.77,17.745,17.77,714
2021-11-23,17.77,17.77,17.755,17.77,561
2021-11-23,17.77,17.77,17.75,17.755,654
2021-11-23,17.755,17.755,17.715,17.715,1335
2021-11-23,17.71,17.715,17.7,17.7,435
2021-11-23,17.685,17.69,17.67,17.675,1400
2021-11-23,17.675,17.695,17.675,17.695,500
2021-11-23,17.695,17.7,17.675,17.7,711
2021-11-23,17.655,17.655,17.645,17.645,202
2021-11-23,17.645,17.645,17.645,17.645,103
2021-11-23,17.635,17.645,17.625,17.625,1206
2021-11-23,17.625,17.645,17.615,17.645,2351
2021-11-23,17.645,17.685,17.645,17.685,716
2021-11-23,17.665,17.675,17.665,17.665,1730
2021-11-23,17.675,17.72,17.635,17.635,3369
2021-11-23,17.645,17.655,17.645,17.645,1771
2021-11-23,17.645,17.645,17.605,17.615,1750
2021-11-23,17.615,17.62,17.595,17.595,2846
2021-11-23,17.58,17.585,17.58,17.585,416
2021-11-23,17.585,17.59,17.585,17.585,1050
2021-11-23,17.585,17.585,17.58,17.585,2417
2021-11-23,17.585,17.585,17.53,17.53,3022
2021-11-23,17.535,17.55,17.53,17.55,2763
2021-11-23,17.56,17.57,17.535,17.545,600
2021-11-23,17.545,17.545,17.505,17.505,402
2021-11-23,17.515,17.515,17.505,17.505,700
2021-11-23,17.505,17.515,17.505,17.515,900
2021-11-23,17.515,17.52,17.505,17.505,757
2021-11-23,17.5,17.51,17.5,17.505,1131
2021-11-23,17.505,17.535,17.505,17.535,2350
2021-11-23,17.53,17.54,17.515,17.54,3127
2021-11-23,17.53,17.575,17.53,17.535,1958
2021-11-23,17.535,17.535,17.53,17.53,649
2021-11-23,17.53,17.53,17.5,17.505,1958
2021-11-23,17.5,17.5,17.48,17.495,7189
2021-11-23,17.485,17.535,17.485,17.525,1146
2021-11-23,17.525,17.525,17.485,17.485,502
2021-11-23,17.48,17.48,17.48,17.48,200
2021-11-23,17.46,17.46,17.395,17.445,4745
2021-11-23,17.455,17.475,17.455,17.475,645
2021-11-23,17.475,17.51,17.475,17.505,1093
2021-11-23,17.52,17.52,17.465,17.465,1041
2021-11-23,17.455,17.495,17.455,17.49,1787
2021-11-23,17.495,17.505,17.49,17.495,1500
2021-11-23,17.485,17.485,17.445,17.455,1224
2021-11-23,17.42,17.44,17.42,17.44,877
2021-11-23,17.435,17.435,17.39,17.405,1528
2021-11-23,17.4,17.4,17.395,17.4,339
2021-11-23,17.415,17.435,17.415,17.435,268
2021-11-23,17.425,17.45,17.425,17.45,803
2021-11-23,17.445,17.465,17.445,17.465,411
2021-11-23,17.485,17.5,17.485,17.5,402
2021-11-23,17.495,17.505,17.485,17.5,2415
2021-11-23,17.495,17.5,17.495,17.5,659
2021-11-23,17.5,17.505,17.495,17.505,753
2021-11-23,17.495,17.495,17.45,17.495,2222
2021-11-23,17.495,17.495,17.495,17.495,100
2021-11-23,17.505,17.56,17.505,17.56,1290
2021-11-23,17.6,17.625,17.595,17.625,2954
2021-11-23,17.625,17.645,17.595,17.595,2409
2021-11-23,17.585,17.585,17.555,17.56,1152
2021-11-23,17.54,17.54,17.535,17.535,1118
2021-11-23,17.545,17.57,17.53,17.555,1208
2021-11-23,17.56,17.59,17.56,17.59,1218
2021-11-23,17.585,17.62,17.585,17.595,1600
2021-11-23,17.585,17.625,17.585,17.61,814
2021-11-23,17.605,17.61,17.555,17.57,1354
2021-11-23,17.55,17.59,17.545,17.59,2300
2021-11-23,17.585,17.585,17.545,17.545,704
2021-11-23,17.575,17.575,17.575,17.575,689
2021-11-23,17.58,17.62,17.58,17.62,341
2021-11-23,17.635,17.7,17.635,17.685,1513
2021-11-23,17.705,17.715,17.695,17.71,3865
2021-11-23,17.735,17.76,17.73,17.75,3465
2021-11-23,17.745,17.745,17.74,17.745,1213
2021-11-23,17.73,17.745,17.715,17.745,1416
2021-11-23,17.745,17.765,17.72,17.725,2235
2021-11-23,17.725,17.735,17.725,17.735,1742
2021-11-23,17.74,17.77,17.72,17.745,1437
2021-11-23,17.755,17.775,17.755,17.77,1652
2021-11-23,17.78,17.8,17.78,17.8,840
2021-11-23,17.775,17.8,17.755,17.755,339
2021-11-23,17.77,17.78,17.77,17.78,600
2021-11-23,17.785,17.785,17.745,17.755,1294
2021-11-23,17.76,17.76,17.715,17.75,1800
2021-11-23,17.715,17.72,17.695,17.695,843
2021-11-23,17.695,17.695,17.69,17.695,600
2021-11-23,17.695,17.695,17.68,17.68,251
2021-11-23,17.685,17.69,17.66,17.66,2203
2021-11-23,17.665,17.675,17.655,17.655,2530
2021-11-23,17.655,17.695,17.655,17.66,3739
2021-11-23,17.665,17.69,17.665,17.69,2200
2021-11-23,17.705,17.705,17.685,17.695,1312
2021-11-23,17.695,17.695,17.695,17.695,907
2021-11-23,17.695,17.695,17.68,17.68,1199
2021-11-23,17.665,17.745,17.665,17.735,3300
2021-11-23,17.72,17.72,17.695,17.705,1020
2021-11-23,17.705,17.73,17.705,17.725,2707
2021-11-23,17.725,17.74,17.725,17.735,1941
2021-11-23,17.735,17.74,17.735,17.735,1530
2021-11-23,17.735,17.735,17.72,17.725,2377
2021-11-23,17.725,17.785,17.725,17.785,3250
2021-11-23,17.785,17.83,17.785,17.805,4327
2021-11-23,17.8,17.81,17.775,17.81,2610
2021-11-23,17.82,17.845,17.815,17.825,3805
2021-11-23,17.84,17.865,17.84,17.855,4821
2021-11-23,17.855,17.865,17.815,17.825,2565
2021-11-23,17.83,17.84,17.83,17.84,2150
2021-11-23,17.835,17.855,17.835,17.855,1468
2021-11-23,17.855,17.855,17.81,17.825,4564
2021-11-23,17.825,17.825,17.815,17.815,5611
2021-11-23,17.815,17.815,17.815,17.815,5170
2021-11-23,17.815,17.82,17.81,17.815,4680
2021-11-23,17.815,17.815,17.815,17.815,4400
2021-11-23,17.815,17.815,17.8,17.8,8932
2021-11-23,17.805,17.835,17.805,17.835,12491
2021-11-23,17.835,17.84,17.83,17.83,8020
2021-11-23,17.835,17.835,17.815,17.815,6410
2021-11-23,17.815,17.82,17.815,17.815,8951
2021-11-23,17.815,17.85,17.815,17.845,11570
2021-11-23,17.85,17.85,17.845,17.845,5473
2021-11-23,17.845,17.85,17.84,17.845,13708
2021-11-23,17.845,17.845,17.8,17.805,13822
2021-11-23,17.805,17.81,17.8,17.805,12359
2021-11-23,17.805,17.81,17.8,17.805,12087
2021-11-24,17.45,17.495,17.405,17.405,8180
2021-11-24,17.38,17.5,17.38,17.49,5864
2021-11-24,17.39,17.48,17.36,17.47,7441
2021-11-24,17.455,17.5,17.395,17.395,3601
2021-11-24,17.39,17.475,17.355,17.46,6106
2021-11-24,17.48,17.66,17.47,17.66,3800
2021-11-24,17.65,17.83,17.64,17.805,4788
2021-11-24,17.815,18.005,17.815,18.005,7783
2021-11-24,18.04,18.065,17.975,17.985,5864
2021-11-24,17.905,18,17.905,17.985,8326
2021-11-24,17.955,18.035,17.955,18.01,6688
2021-11-24,18,18.01,17.93,17.99,6461
2021-11-24,17.995,18.01,17.93,17.975,3000
2021-11-24,17.98,18,17.925,17.925,2982
2021-11-24,17.92,17.995,17.92,17.975,4789
2021-11-24,17.995,18.02,17.93,17.97,2393
2021-11-24,17.975,17.99,17.88,17.905,2300
2021-11-24,17.89,17.98,17.89,17.96,3085
2021-11-24,17.98,18.045,17.97,18.045,5653
2021-11-24,18.05,18.05,17.94,17.945,2201
2021-11-24,17.955,18,17.95,17.95,2528
2021-11-24,17.965,17.995,17.965,17.995,1918
2021-11-24,18,18.03,17.955,18.03,3382
2021-11-24,18.035,18.035,17.965,17.985,2196
2021-11-24,17.995,18.015,17.965,17.99,3302
2021-11-24,18.01,18.01,17.955,17.975,2443
2021-11-24,17.975,18.005,17.975,18.005,2790
2021-11-24,18.005,18.09,18.005,18.085,2741
2021-11-24,18.09,18.09,18.06,18.075,3565
2021-11-24,18.09,18.1,18.025,18.025,5048
2021-11-24,18.025,18.06,17.995,18.06,6855
2021-11-24,18.07,18.09,18.025,18.055,3012
2021-11-24,18.055,18.075,18.015,18.05,5990
2021-11-24,18.01,18.02,17.99,18.015,4163
2021-11-24,18.01,18.01,17.955,17.97,5213
2021-11-24,17.965,18,17.965,17.99,2548
2021-11-24,17.985,18,17.98,17.99,5566
2021-11-24,17.965,17.97,17.91,17.915,3066
2021-11-24,17.915,17.99,17.915,17.96,3633
2021-11-24,17.96,17.99,17.95,17.955,3476
2021-11-24,17.96,17.995,17.96,17.99,4466
2021-11-24,17.98,17.99,17.95,17.975,4010
2021-11-24,17.97,18,17.965,17.99,2139
2021-11-24,17.985,17.995,17.95,17.995,4230
2021-11-24,17.99,18,17.99,17.99,4493
2021-11-24,17.97,17.995,17.97,17.99,1208
2021-11-24,17.99,17.99,17.96,17.96,4481
2021-11-24,17.95,18,17.95,18,2584
2021-11-24,18.005,18.005,17.95,17.99,5502
2021-11-24,17.99,18.005,17.99,18.005,500
2021-11-24,18.005,18.07,18.005,18.055,3750
2021-11-24,18.075,18.08,18.05,18.055,3078
2021-11-24,18.06,18.07,18.015,18.02,7500
2021-11-24,18.015,18.06,18.015,18.06,5816
2021-11-24,18.035,18.095,18.035,18.095,2739
2021-11-24,18.095,18.125,18.075,18.1,7043
2021-11-24,18.11,18.12,18.1,18.12,3880
2021-11-24,18.105,18.18,18.095,18.175,5385
2021-11-24,18.15,18.175,18.135,18.155,4638
2021-11-24,18.165,18.2,18.165,18.2,3148
2021-11-24,18.195,18.23,18.195,18.225,2853
2021-11-24,18.225,18.235,18.185,18.235,3105
2021-11-24,18.235,18.27,18.235,18.255,3350
2021-11-24,18.255,18.345,18.255,18.345,8700
2021-11-24,18.355,18.355,18.32,18.35,4730
2021-11-24,18.355,18.415,18.355,18.415,7335
2021-11-24,18.415,18.435,18.39,18.435,11013
2021-11-24,18.44,18.49,18.44,18.475,7876
2021-11-24,18.475,18.505,18.455,18.48,5436
2021-11-24,18.49,18.56,18.47,18.555,6104
2021-11-24,18.515,18.555,18.5,18.555,2667
2021-11-24,18.565,18.565,18.495,18.535,3531
2021-11-24,18.535,18.545,18.505,18.505,1916
2021-11-24,18.515,18.515,18.47,18.495,2411
2021-11-24,18.48,18.48,18.435,18.445,3558
2021-11-24,18.44,18.445,18.38,18.44,4395
2021-11-24,18.445,18.465,18.42,18.445,5511
2021-11-24,18.445,18.475,18.44,18.475,7576
2021-11-24,18.475,18.51,18.465,18.48,7396
2021-11-24,18.485,18.495,18.475,18.495,5300
2021-11-24,18.505,18.53,18.49,18.495,4427
2021-11-24,18.495,18.525,18.48,18.515,2106
2021-11-24,18.52,18.525,18.5,18.505,2571
2021-11-24,18.505,18.535,18.505,18.535,950
2021-11-24,18.495,18.525,18.485,18.525,2818
2021-11-24,18.525,18.53,18.485,18.5,2622
2021-11-24,18.5,18.5,18.435,18.435,1766
2021-11-24,18.425,18.44,18.405,18.405,1300
2021-11-24,18.4,18.4,18.375,18.375,814
2021-11-24,18.365,18.38,18.35,18.37,2470
2021-11-24,18.33,18.335,18.3,18.33,2558
2021-11-24,18.315,18.315,18.285,18.285,1741
2021-11-24,18.275,18.305,18.275,18.28,2548
2021-11-24,18.275,18.285,18.27,18.27,1138
2021-11-24,18.265,18.325,18.265,18.325,1839
2021-11-24,18.335,18.435,18.335,18.435,2597
2021-11-24,18.435,18.45,18.42,18.42,3332
2021-11-24,18.41,18.415,18.405,18.405,1554
2021-11-24,18.415,18.465,18.415,18.465,2427
2021-11-24,18.465,18.475,18.46,18.46,900
2021-11-24,18.45,18.505,18.45,18.505,1527
2021-11-24,18.505,18.505,18.445,18.445,1000
2021-11-24,18.445,18.465,18.445,18.465,1927
2021-11-24,18.465,18.47,18.445,18.47,1861
2021-11-24,18.475,18.48,18.475,18.475,1661
2021-11-24,18.445,18.445,18.34,18.34,2244
2021-11-24,18.34,18.35,18.32,18.325,4404
2021-11-24,18.325,18.35,18.325,18.345,3111
2021-11-24,18.325,18.325,18.315,18.32,2594
2021-11-24,18.325,18.345,18.295,18.295,3421
2021-11-24,18.305,18.315,18.305,18.305,1327
2021-11-24,18.315,18.34,18.315,18.34,4925
2021-11-24,18.335,18.345,18.305,18.325,1593
2021-11-24,18.34,18.365,18.335,18.365,1013
2021-11-24,18.365,18.385,18.36,18.385,2500
2021-11-24,18.385,18.405,18.37,18.395,967
2021-11-24,18.395,18.405,18.365,18.365,1715
2021-11-24,18.37,18.37,18.35,18.355,2618
2021-11-24,18.375,18.385,18.375,18.385,1615
2021-11-24,18.375,18.4,18.375,18.395,1607
2021-11-24,18.4,18.405,18.39,18.39,1007
2021-11-24,18.35,18.37,18.34,18.35,7757
2021-11-24,18.325,18.355,18.325,18.355,1150
2021-11-24,18.34,18.355,18.335,18.335,1128
2021-11-24,18.335,18.335,18.3,18.3,835
2021-11-24,18.307,18.32,18.3,18.315,294.0
