Date,Open,High,Low,Close,Volume
2021-11-17,1107.88,1107.88,1105.47,1105.8,2744
2021-11-17,1105.58,1107.79,1105.03,1105.38,4536
2021-11-17,1105.59,1108,1105.59,1108,2100
2021-11-17,1110.65,1111.24,1109.12,1109.12,4428
2021-11-17,1110.41,1111.47,1110.31,1111.47,3817
2021-11-17,1111.76,1116.69,1111.76,1116.69,6906
2021-11-17,1116.56,1119.315,1115.67,1117.45,6050
2021-11-17,1115.06,1115.38,1113.62,1113.62,3887
2021-11-17,1113.75,1115.97,1113.735,1115.14,5119
2021-11-17,1113.7,1113.7,1112.24,1112.695,2821
2021-11-17,1114.14,1114.14,1110.5,1111.06,3110
2021-11-17,1110.85,1111.3,1108.56,1109.195,4284
2021-11-17,1110.15,1110.82,1109.58,1110.56,1422
2021-11-17,1110.17,1110.17,1109.05,1109.67,2078
2021-11-17,1107.81,1107.85,1105.38,1105.38,3112
2021-11-17,1103.62,1103.79,1103.35,1103.625,1842
2021-11-17,1105.225,1105.225,1103.1,1105.19,1461
2021-11-17,1106,1108.73,1106,1108.73,1194
2021-11-17,1108.79,1111.95,1108.79,1111.95,2198
2021-11-17,1111.55,1111.72,1108.16,1108.67,2280
2021-11-17,1107.06,1107.66,1104.37,1105.54,3751
2021-11-17,1106.36,1107.97,1106.36,1107.15,934
2021-11-17,1105.96,1105.96,1103.76,1103.76,388
2021-11-17,1101.01,1101.94,1100.72,1101.94,2722
2021-11-17,1102.095,1103.43,1101.91,1103.43,2185
2021-11-17,1103.33,1106.4,1103.33,1106.4,3418
2021-11-17,1105.98,1105.98,1103.47,1103.47,1204
2021-11-17,1102.38,1102.38,1098.185,1098.32,2950
2021-11-17,1098.28,1099.04,1097.315,1099.04,3305
2021-11-17,1099.92,1100.62,1099.13,1100.62,1524
2021-11-17,1100.7,1101.19,1100.7,1101.19,681
2021-11-17,1099.33,1099.45,1098.66,1099.45,903
2021-11-17,1095.66,1097.96,1095.66,1097.96,1067
2021-11-17,1103.78,1103.8,1103.78,1103.8,589
2021-11-17,1103.19,1104.12,1101.48,1101.48,1100
2021-11-17,1102.38,1102.86,1102.38,1102.64,579
2021-11-17,1100,1100,1099.48,1099.61,838
2021-11-17,1098.3,1098.58,1098.105,1098.58,1093
2021-11-17,1097.98,1097.98,1097.98,1097.98,227
2021-11-17,1097.16,1098.45,1097.16,1098.45,475
2021-11-17,1100.615,1100.615,1099.01,1099.01,466
2021-11-17,1099.68,1099.68,1098.53,1098.53,727
2021-11-17,1098.07,1098.07,1097.53,1097.62,1279
2021-11-17,1097.32,1097.32,1097.32,1097.32,524
2021-11-17,1098.91,1099.235,1098.91,1099.04,1155
2021-11-17,1098.21,1099.25,1098.21,1099.2,723
2021-11-17,1099.35,1099.35,1096.45,1096.76,2057
2021-11-17,1095.36,1095.36,1094.72,1094.72,701
2021-11-17,1093.48,1093.53,1093.48,1093.53,823
2021-11-17,1092.75,1092.75,1092.75,1092.75,673
2021-11-17,1094.77,1094.77,1094.77,1094.77,433
2021-11-17,1098.69,1101.57,1098.69,1101.57,1628
2021-11-17,1101.35,1101.35,1099.81,1100.21,1372
2021-11-17,1100.7,1100.7,1099.54,1099.54,411
2021-11-17,1099.79,1102.67,1099.79,1102.67,965
2021-11-17,1100.26,1100.26,1100.26,1100.26,301
2021-11-17,1099.14,1099.14,1099.14,1099.14,282
2021-11-17,1098.74,1099.19,1098.74,1098.8,705
2021-11-17,1099.27,1099.27,1099.27,1099.27,169
2021-11-17,1099.4,1099.4,1097.25,1097.25,717
2021-11-17,1095.63,1095.63,1094.27,1094.27,1228
2021-11-17,1094.21,1094.21,1094.21,1094.21,341
2021-11-17,1093.51,1093.51,1092.45,1093.495,1483
2021-11-17,1093.52,1093.52,1092.53,1092.53,739
2021-11-17,1092.71,1093.02,1092.71,1093.02,275
2021-11-17,1093.52,1093.52,1093.52,1093.52,442
2021-11-17,1095.13,1095.5,1095.13,1095.5,634
2021-11-17,1095.81,1095.81,1095.81,1095.81,809
2021-11-17,1095.44,1096.99,1095.44,1096.99,734
2021-11-17,1096.695,1096.695,1096.695,1096.695,503
2021-11-17,1093.49,1093.78,1092.91,1092.92,1504
2021-11-17,1093.13,1094,1092.4,1092.4,2737
2021-11-17,1092.4,1092.4,1091.5,1092.04,1100
2021-11-17,1092.26,1092.26,1092.26,1092.26,346
2021-11-17,1092.17,1092.17,1090.01,1090.77,845
2021-11-17,1089.34,1089.34,1088.56,1088.56,1564
2021-11-17,1088.32,1088.39,1087.89,1087.89,802
2021-11-17,1088.29,1089.75,1087.14,1089.75,1397
2021-11-17,1090.81,1092.5,1090.81,1092.5,717
2021-11-17,1092.06,1092.06,1091.065,1091.065,268
2021-11-17,1090.255,1090.255,1089.78,1090.195,549
2021-11-17,1090.17,1090.17,1089.915,1089.915,624
2021-11-17,1090.16,1090.16,1090.16,1090.16,343
2021-11-17,1089.83,1090.18,1089.83,1090.18,421
2021-11-17,1090.61,1090.61,1089.82,1089.82,881
2021-11-17,1089.31,1089.31,1086.75,1086.75,1304
2021-11-17,1086.9,1086.9,1085.66,1085.66,916
2021-11-17,1085.45,1086.63,1085.45,1086.63,869
2021-11-17,1087.89,1088.71,1087.89,1088.02,868
2021-11-17,1085.21,1085.24,1085.21,1085.24,356
2021-11-17,1084.1,1084.685,1083.83,1084.685,975
2021-11-17,1084.46,1085.07,1084.46,1085.07,985
2021-11-17,1086.13,1086.13,1086.13,1086.13,314
2021-11-17,1086.83,1087.75,1086.82,1087.75,411
2021-11-17,1089.13,1089.45,1089.13,1089.245,1214
2021-11-17,1087.24,1087.24,1084.95,1085.54,1141
2021-11-17,1086.93,1087,1085.64,1086.08,1115
2021-11-17,1086.07,1087.42,1086.07,1087.28,855
2021-11-17,1089.72,1090.57,1089.35,1089.91,1469
2021-11-17,1089.35,1089.35,1085.67,1085.99,1451
2021-11-17,1086.13,1086.745,1086.13,1086.745,517
2021-11-17,1086.605,1086.605,1086.17,1086.17,549
2021-11-17,1086.2,1086.2,1086.2,1086.2,297
2021-11-17,1086.72,1086.72,1086.25,1086.25,276
2021-11-17,1085.09,1085.09,1085.09,1085.09,545
2021-11-17,1085.22,1086.98,1085.22,1086.98,989
2021-11-17,1087.27,1087.27,1087.26,1087.26,592
2021-11-17,1083.5,1084.63,1082.25,1082.7,2966
2021-11-17,1081.48,1081.48,1078.55,1078.55,1488
2021-11-17,1078.75,1079.56,1078.75,1079.225,965
2021-11-17,1079.345,1079.67,1077.74,1079.5,4309
2021-11-17,1079.23,1080.36,1079.23,1080.22,1390
2021-11-17,1079.925,1080.33,1077.94,1077.94,1610
2021-11-17,1080.13,1080.13,1080.13,1080.13,411
2021-11-17,1082.7,1083.68,1082.13,1083.68,1292
2021-11-17,1080.51,1080.57,1080.51,1080.57,674
2021-11-17,1080.03,1080.94,1080.03,1080.94,674
2021-11-17,1082.75,1082.75,1080.17,1080.17,830
2021-11-17,1080.45,1080.45,1079.25,1080.18,515
2021-11-17,1080.39,1080.39,1078.97,1078.97,581
2021-11-17,1078.27,1079.38,1078.27,1078.97,1003
2021-11-17,1080.4,1082.5,1080.07,1082.5,1726
2021-11-17,1080.27,1080.27,1080.27,1080.27,266
2021-11-17,1080.46,1080.84,1080.4,1080.4,1175
2021-11-17,1081.63,1081.63,1081.42,1081.42,702
2021-11-17,1080.26,1080.26,1076.51,1078.03,1764
2021-11-17,1078.26,1078.5,1077.5,1077.8,1366
2021-11-17,1078.07,1078.22,1077.88,1077.88,540
2021-11-17,1077.745,1079.105,1077.745,1079.105,352
2021-11-17,1078.58,1078.58,1076.06,1076.8,904
2021-11-17,1076.48,1076.48,1076.48,1076.48,140
2021-11-17,1076.36,1076.36,1074.95,1075.725,1477
2021-11-17,1074.5,1074.66,1074.17,1074.17,842
2021-11-17,1073.08,1073.08,1072.61,1072.61,887
2021-11-17,1072.94,1075.49,1072.33,1074.48,1322
2021-11-17,1074.2,1076.99,1074.2,1076.49,1619
2021-11-17,1077.42,1077.42,1076.69,1076.69,739
2021-11-17,1077.21,1077.55,1076.43,1076.43,860
2021-11-17,1076.23,1076.23,1076.23,1076.23,247
2021-11-17,1076.55,1076.55,1074.5,1075.53,917
2021-11-17,1074.5,1074.5,1074,1074,3128
2021-11-17,1074.1,1074.51,1074.1,1074.51,989
2021-11-17,1076.65,1077.89,1076.65,1077.84,1743
2021-11-17,1078.47,1081.26,1078.33,1081.26,3493
2021-11-17,1081.95,1083.41,1081.885,1083.07,1424
2021-11-17,1082.58,1084.455,1082.58,1084.455,1469
2021-11-17,1084.01,1084.105,1083.87,1084,1307
2021-11-17,1084.005,1084.305,1083.32,1083.32,2159
2021-11-17,1083.2,1087.065,1083.2,1087.065,2502
2021-11-17,1087.14,1087.39,1084.72,1084.72,2649
2021-11-17,1084.485,1084.67,1084.485,1084.67,1095
2021-11-17,1084.925,1084.925,1084.61,1084.7,676
2021-11-17,1084.86,1086.55,1084.82,1086.55,1867
2021-11-17,1086.31,1087.72,1086.31,1087.49,2171
2021-11-17,1089.33,1089.54,1088.39,1088.39,678
2021-11-17,1086.6,1087.49,1086.52,1087.49,989
2021-11-17,1087.63,1087.63,1086.99,1086.99,277
2021-11-17,1087.74,1087.92,1087.74,1087.92,344
2021-11-17,1085.74,1085.845,1084.62,1085.4,1273
2021-11-17,1085.34,1085.34,1085.34,1085.34,112
2021-11-17,1084.25,1084.25,1084.13,1084.13,491
2021-11-17,1083.83,1083.83,1083.83,1083.83,127
2021-11-17,1084.51,1084.63,1084.48,1084.48,355
2021-11-17,1084.96,1084.96,1084.96,1084.96,280
2021-11-17,1087.07,1087.72,1087.07,1087.72,493
2021-11-17,1088.01,1088.01,1086.75,1086.75,318
2021-11-17,1087.86,1087.86,1087.49,1087.49,228
2021-11-17,1087.215,1087.215,1085.27,1085.27,612
2021-11-17,1084.82,1084.82,1084.82,1084.82,143
2021-11-17,1087.76,1090.8,1087.03,1090.8,879
2021-11-17,1090.685,1093.28,1090.685,1093.135,2653
2021-11-17,1093.98,1094.045,1093.74,1093.74,1050
2021-11-17,1093.925,1093.925,1093.01,1093.31,907
2021-11-17,1093.775,1095.59,1093.775,1095.59,509
2021-11-17,1095.2,1096.97,1095.2,1096.97,1967
2021-11-17,1096.785,1096.91,1095.935,1096.05,1751
2021-11-17,1095.9,1096.79,1095.23,1095.23,1948
2021-11-17,1096.22,1098.36,1096.22,1098.36,1562
2021-11-17,1096.53,1096.53,1095.51,1095.51,481
2021-11-17,1093.42,1093.69,1093.41,1093.69,844
2021-11-17,1093.07,1093.07,1093,1093,591
2021-11-17,1092.21,1094.85,1092.21,1094.85,761
2021-11-17,1095.22,1095.22,1093.7,1093.7,670
2021-11-17,1094.46,1094.46,1094.38,1094.38,492
2021-11-17,1093.25,1093.37,1092.99,1093.37,828
2021-11-17,1094.41,1094.41,1094.41,1094.41,345
2021-11-17,1094.07,1095.49,1094.07,1095.49,916
2021-11-17,1093.85,1093.85,1091.83,1091.83,433
2021-11-17,1091.79,1091.99,1091.32,1091.32,483
2021-11-17,1091.51,1091.84,1091.51,1091.84,270
2021-11-17,1091.71,1091.71,1091.71,1091.71,275
2021-11-17,1092.07,1093.02,1091.91,1093.02,715
2021-11-17,1093.73,1095.64,1093.73,1095.49,1203
2021-11-17,1095.55,1096.94,1095.55,1096.93,576
2021-11-17,1095.86,1095.86,1095.52,1095.52,540
2021-11-17,1095.67,1095.97,1095.67,1095.97,498
2021-11-17,1095.99,1095.99,1095.9,1095.98,562
2021-11-17,1096.59,1096.655,1096.2,1096.2,1220
2021-11-17,1094.46,1094.46,1092.65,1092.65,732
2021-11-17,1093.02,1093.02,1093.02,1093.02,243
2021-11-17,1093.4,1093.4,1093.32,1093.32,201
2021-11-17,1091.265,1091.77,1091.19,1091.77,694
2021-11-17,1092.705,1093.95,1092.705,1093.95,604
2021-11-17,1093.32,1093.32,1092.71,1093.22,1315
2021-11-17,1096.48,1096.6,1095.87,1096.6,1613
2021-11-17,1097.21,1098.84,1096.92,1097.82,3405
2021-11-17,1098.71,1100.88,1098.71,1098.86,2446
2021-11-17,1099.22,1101.71,1099.22,1100.4,1581
2021-11-17,1100.66,1102.04,1100.66,1100.89,791
2021-11-17,1101.37,1101.38,1098.81,1099.78,799
2021-11-17,1098.5,1098.5,1097.175,1097.175,1000
2021-11-17,1096.52,1096.68,1096.38,1096.38,477
2021-11-17,1095.96,1098.41,1095.96,1098.385,1125
2021-11-17,1098.81,1099.77,1098.81,1099.77,1811
2021-11-17,1099.52,1099.53,1096.54,1097,1216
2021-11-17,1096.99,1096.99,1096.57,1096.57,285
2021-11-17,1097.83,1098.14,1097.505,1097.505,944
2021-11-17,1097.395,1097.395,1096.59,1096.99,438
2021-11-17,1096.68,1097.25,1096.68,1097.25,340
2021-11-17,1098.34,1098.34,1097.25,1097.25,532
2021-11-17,1097.91,1098.055,1097.88,1097.89,587
2021-11-17,1097.33,1097.33,1097.33,1097.33,284
2021-11-17,1097.39,1097.39,1097.04,1097.04,313
2021-11-17,1098.83,1099.34,1098.83,1099.275,816
2021-11-17,1098.96,1099.35,1098.96,1099.35,997
2021-11-17,1098.72,1098.72,1098.72,1098.72,184
2021-11-17,1097.39,1097.39,1096.67,1096.67,1004
2021-11-17,1096.96,1096.96,1096.96,1096.96,166
2021-11-17,1097.03,1097.2,1097.03,1097.2,358
2021-11-17,1096.98,1096.98,1096.98,1096.98,109
2021-11-17,1098.68,1099.22,1098.68,1099.22,352
2021-11-17,1100.25,1101.65,1100.25,1100.98,2044
2021-11-17,1101.99,1102.58,1101.465,1101.5,3716
2021-11-17,1101.05,1101.18,1099.4,1099.53,1888
2021-11-17,1099.86,1102.08,1099.725,1101.935,1007
2021-11-17,1101.675,1101.675,1099.64,1099.64,1722
2021-11-17,1099.91,1099.91,1096.9,1097.53,2455
2021-11-17,1097.87,1097.87,1094.33,1094.33,1279
2021-11-17,1094.55,1094.84,1092,1092,1755
2021-11-17,1091.18,1091.685,1090.6,1091.48,1238
2021-11-17,1089.12,1089.14,1086.82,1086.82,1844
2021-11-17,1086.87,1086.87,1084.55,1085.585,2834
2021-11-17,1085.805,1088.69,1085.74,1087.6,2974
2021-11-17,1087.65,1088.88,1087.63,1087.63,3916
2021-11-17,1087.605,1087.92,1086.5,1086.5,1475
2021-11-17,1086.54,1086.85,1086.54,1086.85,306
2021-11-17,1089.79,1090.35,1089.79,1090.35,469
2021-11-17,1089,1089.27,1088.88,1088.98,1103
2021-11-17,1088.52,1088.91,1088.13,1088.15,1249
2021-11-17,1088.12,1088.12,1087.305,1087.305,516
2021-11-17,1087.03,1088.95,1087.03,1088.95,693
2021-11-17,1089.2,1091.73,1089.2,1091.73,2261
2021-11-17,1091.28,1092.56,1091.28,1092.56,961
2021-11-17,1092.01,1092.01,1091.22,1091.25,978
2021-11-17,1089.59,1089.59,1089.5,1089.5,560
2021-11-17,1089.4,1091.95,1089.38,1091.21,2589
2021-11-17,1091.1,1091.1,1090.8,1090.8,336
2021-11-17,1090.9,1090.9,1090.9,1090.9,345
2021-11-17,1092.17,1093,1092.17,1093,648
2021-11-17,1094.08,1094.08,1092.8,1093,748
2021-11-17,1093.23,1094.61,1093.23,1094.4,411
2021-11-17,1093.42,1093.45,1093.42,1093.45,1242
2021-11-17,1093.3,1093.99,1092.71,1093.645,1206
2021-11-17,1093.34,1093.34,1091.36,1091.36,856
2021-11-17,1090.64,1090.64,1088.05,1088.59,2099
2021-11-17,1088.52,1092.03,1088.52,1091.36,2144
2021-11-17,1090.85,1090.91,1090.43,1090.43,747
2021-11-17,1090.54,1091.1,1090.54,1091.1,359
2021-11-17,1093.15,1093.15,1093.09,1093.09,769
2021-11-17,1092.5,1095.04,1092.5,1094.84,1148
2021-11-17,1093.16,1093.44,1093.06,1093.44,903
2021-11-17,1093.04,1093.04,1092.69,1092.69,1149
2021-11-17,1092.43,1092.71,1092.36,1092.71,468
2021-11-17,1092.83,1092.83,1092.27,1092.27,546
2021-11-17,1091.46,1091.46,1091.46,1091.46,245
2021-11-17,1091.23,1091.9,1091.23,1091.65,472
2021-11-17,1092.3,1093.86,1091.69,1093.21,1753
2021-11-17,1093.51,1093.51,1093,1093,596
2021-11-17,1094.14,1094.68,1094.085,1094.68,886
2021-11-17,1094,1097.28,1093.775,1097.28,1552
2021-11-17,1097.42,1097.48,1095.62,1095.81,2254
2021-11-17,1093.23,1094.39,1093.23,1094.39,922
2021-11-17,1094.99,1094.99,1093.48,1093.48,515
2021-11-17,1094.11,1094.29,1091.01,1091.01,1463
2021-11-17,1092,1092,1089.65,1091.03,2428
2021-11-17,1090.6,1091.59,1089.59,1091.05,2707
2021-11-17,1090.93,1090.93,1089.5,1090.3,1974
2021-11-17,1089.06,1090.43,1089.04,1090.41,2168
2021-11-17,1090.75,1091.33,1090.63,1090.93,1648
2021-11-17,1090.86,1091.63,1090.86,1091.5,1746
2021-11-17,1091.04,1092.65,1091.04,1092.27,1477
2021-11-17,1092.12,1093.01,1091.78,1091.82,3503
2021-11-17,1090.92,1091.37,1090.4,1090.43,2839
2021-11-17,1090.11,1090.11,1089,1089.84,5561
2021-11-18,1104.925,1105.21,1102.79,1103.18,3825
2021-11-18,1103.19,1104.07,1100,1104.07,3363
2021-11-18,1101.205,1101.205,1090.95,1090.95,3265
2021-11-18,1090.4,1102.37,1090.16,1102.37,3096
2021-11-18,1101.49,1101.49,1097.48,1097.48,4785
2021-11-18,1098.81,1100.18,1098.81,1100.12,1758
2021-11-18,1100.54,1108.85,1100.54,1108.19,3892
2021-11-18,1108.52,1110.265,1107.58,1108.86,5256
2021-11-18,1109.3,1109.99,1103.05,1103.05,3038
2021-11-18,1104,1104.48,1102.03,1102.03,1944
2021-11-18,1101.94,1106.58,1101.94,1105.15,1336
2021-11-18,1106.99,1107,1106.77,1107,969
2021-11-18,1105.47,1106.41,1104.32,1104.32,2028
2021-11-18,1105.98,1111.83,1105.95,1111.44,2718
2021-11-18,1107.26,1108.03,1107.26,1108.03,1135
2021-11-18,1108.55,1108.55,1105.34,1106.47,1743
2021-11-18,1106.05,1106.93,1104.71,1104.76,2236
2021-11-18,1103.83,1105.86,1103.47,1104,2526
2021-11-18,1104.78,1104.78,1102.385,1103.07,1777
2021-11-18,1103.185,1104.65,1103.185,1103.44,2072
2021-11-18,1102.46,1103.96,1099.01,1099.515,3505
2021-11-18,1095.3,1098.39,1093.23,1098.39,4602
2021-11-18,1097.375,1098.09,1096.08,1096.08,2240
2021-11-18,1096.225,1097.53,1094.955,1097.19,2500
2021-11-18,1097.89,1103.6,1097.89,1103.6,9196
2021-11-18,1103.435,1103.435,1102.79,1102.96,2729
2021-11-18,1101.7,1102.525,1101.7,1102.525,792
2021-11-18,1101.245,1101.245,1099.28,1099.32,1334
2021-11-18,1099.64,1100.3,1099.39,1100.15,748
2021-11-18,1099.67,1101.67,1099.67,1101.38,1004
2021-11-18,1100.04,1100.04,1097.62,1099,2063
2021-11-18,1099.08,1101.13,1099.08,1100.1,565
2021-11-18,1097.15,1097.15,1097.15,1097.15,649
2021-11-18,1096.36,1096.66,1095.79,1096.66,713
2021-11-18,1096.82,1096.82,1094.75,1095.47,1462
2021-11-18,1098.57,1098.805,1098.57,1098.585,436
2021-11-18,1098.455,1100,1098.18,1100,659
2021-11-18,1100.345,1102.09,1100.345,1101.93,519
2021-11-18,1101.02,1101.02,1099.01,1099.01,725
2021-11-18,1095.25,1095.25,1095.25,1095.25,334
2021-11-18,1095.41,1095.41,1091.98,1091.98,649
2021-11-18,1091.06,1091.06,1086.19,1086.19,1208
2021-11-18,1086.59,1089.56,1086.59,1089.56,1529
2021-11-18,1088.06,1088.06,1088.06,1088.06,513
2021-11-18,1088.61,1091.625,1088.61,1090.5,2307
2021-11-18,1089.57,1090.11,1089.51,1090.11,941
2021-11-18,1090.98,1090.98,1090.98,1090.98,476
2021-11-18,1090.25,1095.14,1090.25,1095.14,621
2021-11-18,1093.335,1095.05,1093.335,1094.45,632
2021-11-18,1094.19,1095.25,1094.19,1095.25,727
2021-11-18,1091.48,1091.68,1090.13,1091.68,1462
2021-11-18,1093.48,1093.48,1093.01,1093.01,970
2021-11-18,1092,1095.97,1092,1095.97,794
2021-11-18,1095.29,1098.85,1095.29,1098.85,667
2021-11-18,1095.98,1095.98,1095.98,1095.98,321
2021-11-18,1096.68,1096.68,1094.5,1094.5,515
2021-11-18,1091.11,1091.11,1091.11,1091.11,287
2021-11-18,1091.13,1094.51,1091.13,1094.51,785
2021-11-18,1095.59,1095.59,1095.59,1095.59,193
2021-11-18,1094.97,1094.99,1094.54,1094.6,663
2021-11-18,1094.39,1094.58,1094.39,1094.45,544
2021-11-18,1094.96,1095.92,1094.96,1095.77,1004
2021-11-18,1096.27,1096.53,1095.21,1095.21,1397
2021-11-18,1095.84,1095.84,1095.67,1095.67,369
2021-11-18,1095.21,1095.21,1094.855,1094.855,361
2021-11-18,1096.3,1096.3,1096.3,1096.3,241
2021-11-18,1099.19,1099.35,1098.71,1098.74,1926
2021-11-18,1098.76,1098.76,1097.77,1098.25,1482
2021-11-18,1099.25,1102.675,1099.18,1102.55,2499
2021-11-18,1102.61,1102.65,1102.03,1102.26,1633
2021-11-18,1098.98,1098.98,1098.98,1098.98,269
2021-11-18,1096.955,1096.955,1096.955,1096.955,287
2021-11-18,1098.28,1098.28,1098.27,1098.27,303
2021-11-18,1100.11,1100.11,1098.51,1099.54,773
2021-11-18,1099.05,1099.29,1099.05,1099.29,301
2021-11-18,1097.56,1097.58,1095.06,1095.06,1521
2021-11-18,1097.68,1097.68,1097.68,1097.68,276
2021-11-18,1098.03,1098.03,1097.85,1097.85,739
2021-11-18,1097.45,1097.56,1097.45,1097.56,343
2021-11-18,1100.35,1100.36,1100.35,1100.36,731
2021-11-18,1099.805,1100.12,1099.805,1100.08,900
2021-11-18,1100.51,1100.51,1100.385,1100.43,650
2021-11-18,1099.05,1102.48,1099.05,1102.48,523
2021-11-18,1104.07,1105.19,1104.07,1104.975,1358
2021-11-18,1105.05,1105.05,1102.165,1102.57,1019
2021-11-18,1102.29,1102.29,1101.46,1102.255,921
2021-11-18,1102.47,1102.47,1102.47,1102.47,463
2021-11-18,1100.39,1100.39,1099.99,1099.99,386
2021-11-18,1099.81,1100,1098.8,1099.07,1119
2021-11-18,1099.015,1099.015,1099,1099,614
2021-11-18,1098.39,1098.39,1098.39,1098.39,502
2021-11-18,1097.55,1097.55,1097.02,1097.02,703
2021-11-18,1099,1099,1099,1099,189
2021-11-18,1099.6,1099.63,1099.6,1099.63,527
2021-11-18,1098.58,1098.83,1098.58,1098.83,641
2021-11-18,1100.025,1100.025,1100.025,1100.025,217
2021-11-18,1100.74,1100.74,1100.29,1100.47,736
2021-11-18,1102.74,1102.83,1102.43,1102.46,1731
2021-11-18,1100.535,1101.45,1100.5,1101.12,1296
2021-11-18,1101.54,1101.98,1100.715,1101.49,939
2021-11-18,1101.44,1101.49,1101.09,1101.39,951
2021-11-18,1099.52,1099.57,1099.52,1099.57,392
2021-11-18,1100.12,1100.12,1100.12,1100.12,133
2021-11-18,1100.93,1100.93,1100.93,1100.93,301
2021-11-18,1099.7,1099.7,1099.7,1099.7,463
2021-11-18,1099.85,1099.85,1099.85,1099.85,252
2021-11-18,1099.785,1099.785,1098.41,1098.41,696
2021-11-18,1098.24,1098.6,1098.24,1098.6,339
2021-11-18,1099.48,1099.48,1099.48,1099.48,159
2021-11-18,1100.06,1100.06,1100.06,1100.06,159
2021-11-18,1101.97,1102.42,1101.97,1102.42,560
2021-11-18,1102.99,1102.99,1102.91,1102.91,832
2021-11-18,1101.87,1101.87,1101.87,1101.87,261
2021-11-18,1102.32,1103.4,1102.32,1102.77,790
2021-11-18,1102.89,1102.93,1102.64,1102.92,671
2021-11-18,1102.92,1102.92,1102.92,1102.92,229
2021-11-18,1102.395,1102.51,1102.105,1102.51,375
2021-11-18,1102.78,1102.78,1102.78,1102.78,297
2021-11-18,1102.475,1102.475,1102.27,1102.27,225
2021-11-18,1102.75,1104.01,1102.75,1103.95,778
2021-11-18,1103.97,1104.38,1103.97,1104.38,564
2021-11-18,1107.06,1107.06,1107.06,1107.06,724
2021-11-18,1106.61,1107.95,1106.61,1107.59,1407
2021-11-18,1107.355,1107.355,1105.01,1105.01,1512
2021-11-18,1105.87,1108.25,1105.87,1106.7,1372
2021-11-18,1107.28,1107.28,1106.6,1106.6,790
2021-11-18,1107.035,1107.35,1106.68,1107.06,1380
2021-11-18,1106.7,1106.7,1104.42,1104.42,373
2021-11-18,1105.63,1105.63,1105.63,1105.63,133
2021-11-18,1105.245,1105.245,1105.15,1105.15,697
2021-11-18,1105.33,1106.75,1105.33,1106.75,722
2021-11-18,1106.51,1106.51,1106.16,1106.16,398
2021-11-18,1106.25,1106.36,1105.38,1105.38,872
2021-11-18,1105.56,1105.93,1103.47,1103.47,2684
2021-11-18,1104.065,1104.65,1103.52,1103.86,1914
2021-11-18,1103.76,1103.83,1102.6,1102.69,1662
2021-11-18,1103.7,1103.88,1103.52,1103.69,2201
2021-11-18,1103.13,1103.13,1103.13,1103.13,105
2021-11-18,1102.35,1103.22,1102.12,1103.2,873
2021-11-18,1104.46,1104.98,1104.46,1104.87,510
2021-11-18,1105.14,1105.36,1105.06,1105.06,553
2021-11-18,1104.9,1105.425,1104.9,1105.22,435
2021-11-18,1105.61,1105.61,1105.61,1105.61,327
2021-11-18,1103.735,1103.735,1103.51,1103.51,372
2021-11-18,1102.93,1102.93,1102.86,1102.86,490
2021-11-18,1103.04,1103.04,1103.04,1103.04,229
2021-11-18,1102.66,1102.66,1102.66,1102.66,238
2021-11-18,1101.28,1101.28,1101.28,1101.28,242
2021-11-18,1100.47,1100.47,1100.47,1100.47,572
2021-11-18,1100.49,1100.49,1100.49,1100.49,321
2021-11-18,1100.73,1101.96,1100.73,1101.96,846
2021-11-18,1101.75,1101.75,1100.89,1100.89,418
2021-11-18,1099.54,1099.55,1099.54,1099.55,238
2021-11-18,1099.14,1099.26,1099.14,1099.26,324
2021-11-18,1099.2,1099.87,1099.2,1099.695,751
2021-11-18,1099.29,1099.29,1099.29,1099.29,227
2021-11-18,1099.3,1099.655,1099.3,1099.655,315
2021-11-18,1098.84,1099.12,1094.76,1095.815,2118
2021-11-18,1094.47,1094.97,1090.83,1094.06,6605
2021-11-18,1094.83,1095.25,1092.51,1092.51,2194
2021-11-18,1092.89,1094.115,1092.28,1094.115,623
2021-11-18,1092.29,1094.93,1092.29,1094.93,1570
2021-11-18,1094.375,1098.675,1094.375,1098.335,3109
2021-11-18,1097.49,1098.675,1097.49,1098.49,1386
2021-11-18,1097.29,1097.3,1096.81,1096.81,1948
2021-11-18,1095.08,1095.08,1095.05,1095.05,609
2021-11-18,1092.77,1094.22,1092.77,1094,861
2021-11-18,1093.26,1093.26,1092.04,1092.04,747
2021-11-18,1091.73,1091.73,1089.1,1089.83,2614
2021-11-18,1090.57,1090.57,1086.7,1086.7,1888
2021-11-18,1085.04,1086.13,1084.41,1086,2749
2021-11-18,1087.275,1088.82,1087.275,1088.82,1897
2021-11-18,1090.705,1091.53,1090.4,1091.53,1602
2021-11-18,1091.75,1093.075,1090.99,1092.83,1577
2021-11-18,1093.27,1093.51,1093.27,1093.505,1472
2021-11-18,1091.04,1091.04,1090.17,1090.17,1605
2021-11-18,1090.31,1090.47,1087.56,1088.39,1668
2021-11-18,1088.175,1088.35,1085.27,1085.27,2841
2021-11-18,1085.24,1085.24,1082.09,1083.63,3704
2021-11-18,1084.5,1086.26,1084.17,1085.56,1908
2021-11-18,1085.22,1087.19,1085.14,1085.32,3896
2021-11-18,1085.32,1085.32,1081.75,1082.53,3210
2021-11-18,1082.84,1082.95,1080.66,1081.77,4823
2021-11-18,1082.77,1082.77,1081.71,1082.69,1510
2021-11-18,1081.62,1081.77,1078.475,1078.86,4069
2021-11-18,1080.98,1083.49,1080.98,1082.94,2036
2021-11-18,1083.83,1085.475,1083.83,1085.175,2709
2021-11-18,1085.6,1085.6,1081.58,1081.58,938
2021-11-18,1082.26,1082.26,1082.26,1082.26,481
2021-11-18,1082.9,1082.9,1081.34,1082.11,898
2021-11-18,1083.21,1084.61,1083.21,1084.41,708
2021-11-18,1084,1085.92,1084,1085.62,1113
2021-11-18,1085.2,1085.2,1083.79,1083.79,589
2021-11-18,1084.31,1084.4,1084.07,1084.4,527
2021-11-18,1084.65,1085.17,1084.65,1085.17,335
2021-11-18,1085.85,1087.99,1085.85,1087.99,1404
2021-11-18,1088.13,1089.12,1088.13,1089.12,899
2021-11-18,1088.11,1088.53,1087.91,1087.91,1032
2021-11-18,1086.85,1088.56,1086.5,1088.56,2337
2021-11-18,1089.18,1090.49,1089.18,1090.49,965
2021-11-18,1090.5,1090.69,1090.27,1090.54,1169
2021-11-18,1091.15,1091.15,1091.15,1091.15,462
2021-11-18,1090.14,1090.14,1088.61,1088.61,1389
2021-11-18,1088.57,1088.57,1087.6,1087.6,577
2021-11-18,1089.69,1089.69,1088.46,1088.46,497
2021-11-18,1087.31,1087.31,1087.31,1087.31,193
2021-11-18,1087.11,1087.11,1086.06,1086.06,636
2021-11-18,1087.05,1087.14,1087.05,1087.14,609
2021-11-18,1086.43,1086.43,1086.43,1086.43,477
2021-11-18,1086.575,1086.75,1086.575,1086.75,476
2021-11-18,1086.725,1086.725,1086.725,1086.725,424
2021-11-18,1084.64,1084.64,1084.64,1084.64,700
2021-11-18,1083.75,1083.75,1083.555,1083.555,635
2021-11-18,1083.395,1083.98,1083.395,1083.55,1117
2021-11-18,1083.04,1083.04,1081.75,1082.05,1012
2021-11-18,1081.59,1081.84,1080.64,1081.225,3537
2021-11-18,1082.13,1082.13,1082.13,1082.13,545
2021-11-18,1084.51,1084.51,1084.51,1084.51,459
2021-11-18,1084.09,1084.09,1084.09,1084.09,437
2021-11-18,1083.05,1083.05,1083.05,1083.05,184
2021-11-18,1082.47,1082.47,1082.47,1082.47,446
2021-11-18,1082.62,1082.62,1082.61,1082.61,599
2021-11-18,1081.92,1082.6,1081.92,1082.6,621
2021-11-18,1082.19,1082.19,1082,1082,235
2021-11-18,1085.005,1085.005,1084.63,1084.63,596
2021-11-18,1085.01,1085.15,1085.01,1085.01,628
2021-11-18,1081.5,1081.5,1079.82,1080.025,1272
2021-11-18,1080.64,1080.64,1080.64,1080.64,286
2021-11-18,1079.6,1079.6,1079.6,1079.6,699
2021-11-18,1078.86,1078.86,1078.58,1078.58,1499
2021-11-18,1077.36,1077.36,1077.36,1077.36,218
2021-11-18,1078.14,1078.14,1078.14,1078.14,286
2021-11-18,1080.02,1080.02,1080.02,1080.02,109
2021-11-18,1080.23,1080.23,1079.71,1079.82,537
2021-11-18,1078.49,1079.21,1078.49,1079.21,368
2021-11-18,1076.35,1076.35,1076.35,1076.35,173
2021-11-18,1077.96,1077.99,1076.86,1076.86,826
2021-11-18,1077.56,1077.56,1077.01,1077.01,397
2021-11-18,1075.71,1077.37,1075.71,1077.37,1304
2021-11-18,1076.63,1076.63,1076.24,1076.24,411
2021-11-18,1075.31,1075.31,1075.31,1075.31,194
2021-11-18,1075.81,1075.81,1075.72,1075.72,575
2021-11-18,1076.7,1076.98,1076.56,1076.64,541
2021-11-18,1079.57,1079.57,1079.57,1079.57,284
2021-11-18,1081.175,1081.65,1080.91,1080.91,588
2021-11-18,1081.8,1081.8,1081.47,1081.47,558
2021-11-18,1081.48,1081.55,1079.36,1079.36,492
2021-11-18,1080.23,1080.23,1079.95,1079.95,203
2021-11-18,1082.11,1082.22,1082.11,1082.22,236
2021-11-18,1084.015,1084.02,1084.01,1084.02,493
2021-11-18,1082.1,1082.1,1080.67,1080.67,557
2021-11-18,1079.85,1079.85,1079.85,1079.85,182
2021-11-18,1079.26,1079.26,1079.22,1079.22,237
2021-11-18,1079.99,1080.31,1079.99,1080.31,210
2021-11-18,1079.05,1079.37,1079.05,1079.3,337
2021-11-18,1079.47,1079.97,1079.47,1079.97,501
2021-11-18,1080.31,1081.52,1080.31,1081.4,715
2021-11-18,1078.94,1079.38,1078.805,1079.38,608
2021-11-18,1080.4,1080.4,1080.4,1080.4,103
2021-11-18,1081.98,1082.72,1081.98,1082.72,607
2021-11-18,1085.74,1085.74,1085.74,1085.74,302
2021-11-18,1084.83,1084.83,1084.83,1084.83,464
2021-11-18,1085.2,1085.2,1084.97,1084.97,773
2021-11-18,1084.6,1084.98,1084.6,1084.98,402
2021-11-18,1085.06,1085.34,1085.01,1085.01,367
2021-11-18,1085.31,1085.31,1085.31,1085.31,233
2021-11-18,1084.11,1084.86,1083.9,1083.95,1927
2021-11-18,1086.68,1087.06,1086.68,1087.06,464
2021-11-18,1086.78,1087.89,1086.78,1087.89,419
2021-11-18,1087.42,1087.42,1087.28,1087.28,418
2021-11-18,1086.03,1086.03,1085.55,1085.55,448
2021-11-18,1086.39,1086.39,1086.235,1086.235,857
2021-11-18,1086.01,1086.01,1086.01,1086.01,182
2021-11-18,1086.53,1087.48,1086.53,1087.48,370
2021-11-18,1087.37,1087.43,1087.37,1087.43,480
2021-11-18,1088,1088.27,1087.6,1087.73,1391
2021-11-18,1088.43,1090.58,1088.43,1089.37,1063
2021-11-18,1089.25,1089.25,1088.68,1088.9,500
2021-11-18,1087.62,1087.62,1087.62,1087.62,175
2021-11-18,1087.08,1087.1,1087.08,1087.1,307
2021-11-18,1086.18,1086.18,1086.18,1086.18,116
2021-11-18,1086.8,1086.8,1086.775,1086.775,314
2021-11-18,1088.07,1088.07,1088.07,1088.07,105
2021-11-18,1090.49,1090.49,1090.12,1090.12,573
2021-11-18,1090.24,1090.24,1090.24,1090.24,105
2021-11-18,1089.75,1089.75,1089.53,1089.53,313
2021-11-18,1089.38,1089.38,1088.97,1088.97,834
2021-11-18,1089.55,1089.55,1089.55,1089.55,199
2021-11-18,1089.96,1090.91,1089.96,1090.89,577
2021-11-18,1090.62,1090.62,1089.83,1090.165,979
2021-11-18,1092.025,1092.67,1091.94,1092.67,1287
2021-11-18,1093.06,1093.33,1092.9,1093.33,719
2021-11-18,1093.61,1094.57,1093.61,1094.57,1086
2021-11-18,1096.025,1096.18,1095.21,1096.1,1815
2021-11-18,1096.14,1097.585,1096.14,1097.585,1132
2021-11-18,1098.01,1098.01,1096.17,1097.11,1203
2021-11-18,1096.92,1097.01,1095.56,1095.89,1475
2021-11-18,1096.35,1098.28,1096.35,1096.9,1391
2021-11-18,1096.78,1097.87,1096.78,1097.21,488
2021-11-18,1097.62,1097.92,1097.62,1097.92,716
2021-11-18,1097.47,1098.13,1096.67,1097.13,1087
2021-11-18,1097.35,1097.79,1097.35,1097.79,431
2021-11-18,1097.295,1099.775,1097.295,1099.41,649
2021-11-18,1099.18,1099.18,1098.21,1098.56,957
2021-11-18,1098.94,1099.98,1098.94,1099.93,883
2021-11-18,1100.14,1101.19,1098.28,1098.595,3922
2021-11-18,1099.44,1099.44,1099.22,1099.22,461
2021-11-18,1099.33,1101.99,1099.33,1101.6,1258
2021-11-18,1101.39,1101.39,1100.68,1100.68,302
2021-11-18,1100.345,1100.345,1100.15,1100.25,789
2021-11-18,1098.26,1098.26,1097.06,1097.97,1370
2021-11-18,1098.57,1098.57,1097.99,1097.99,270
2021-11-18,1097.55,1097.55,1096.06,1096.06,738
2021-11-18,1096.37,1096.37,1095.7,1095.7,680
2021-11-18,1097.2,1097.47,1096.91,1096.91,604
2021-11-18,1096.15,1096.15,1093.5,1093.5,1235
2021-11-18,1094.06,1094.06,1091.87,1092.05,2644
2021-11-18,1092.275,1093.78,1092.275,1093.78,1422
2021-11-18,1093.95,1093.95,1093.87,1093.87,763
2021-11-18,1093.81,1093.93,1093.81,1093.93,576
2021-11-18,1093.93,1094.43,1093.93,1094.17,666
2021-11-18,1094.1,1094.28,1093.96,1094.27,777
2021-11-18,1095.18,1095.56,1093.2,1093.62,3384
2021-11-18,1094.78,1094.95,1094.78,1094.95,419
2021-11-18,1095.76,1095.76,1095.42,1095.51,685
2021-11-18,1096.81,1097,1096.81,1096.91,3306
2021-11-18,1096.98,1096.99,1096.33,1096.77,4888
2021-11-18,1096.98,1097.77,1096.92,1097.77,1188
2021-11-18,1098.41,1098.55,1098.22,1098.22,748
2021-11-18,1097.35,1097.92,1097.265,1097.7,3447
2021-11-18,1097.76,1097.79,1095.56,1096.03,9184
2021-11-18,1094.3,1094.3,1094.3,1094.3,100
2021-11-18,1093.5,1093.5,1093.5,1093.5,100
2021-11-18,1093.8,1093.8,1093.8,1093.8,110
2021-11-18,1093.71,1093.71,1093.71,1093.71,100
2021-11-19,1101.55,1103.62,1101.55,1101.82,2913
2021-11-19,1101.41,1103.85,1099.975,1102.105,2312
2021-11-19,1103.15,1103.25,1098.93,1099.63,2821
2021-11-19,1096.98,1099.115,1094.61,1095.24,5048
2021-11-19,1093.01,1095,1093.01,1095,1290
2021-11-19,1094.99,1096.27,1094.71,1094.71,1408
2021-11-19,1097.31,1098.3,1096.36,1096.4,2252
2021-11-19,1098.18,1098.18,1096.48,1096.48,944
2021-11-19,1096.55,1096.55,1096.55,1096.55,317
2021-11-19,1096.555,1097.43,1096.06,1097.43,1251
2021-11-19,1099,1099,1098.2,1098.2,975
2021-11-19,1098.78,1103.92,1098.78,1103.92,2567
2021-11-19,1105.02,1108.49,1105.02,1108.32,2336
2021-11-19,1109.27,1109.75,1106.52,1106.65,4269
2021-11-19,1108,1108.7,1107.99,1107.99,1901
2021-11-19,1111,1111,1108.64,1108.64,2321
2021-11-19,1106.56,1106.56,1103.84,1104.41,929
2021-11-19,1105.275,1105.62,1105.275,1105.62,1531
2021-11-19,1105.3,1106.54,1105.3,1106.54,1577
2021-11-19,1104.68,1104.68,1101,1101,1685
2021-11-19,1102.29,1102.29,1100.42,1100.42,546
2021-11-19,1101.99,1101.99,1101.99,1101.99,315
2021-11-19,1101.63,1103.53,1101.63,1103.53,699
2021-11-19,1101.22,1101.22,1101.22,1101.22,227
2021-11-19,1103.25,1104.35,1103.25,1104.35,1002
2021-11-19,1104.64,1106.52,1104.64,1106.52,2410
2021-11-19,1105.19,1105.19,1105.19,1105.19,949
2021-11-19,1104.55,1104.55,1104.55,1104.55,269
2021-11-19,1105,1106.99,1105,1106.99,1288
2021-11-19,1105.96,1107.59,1105.96,1107.59,838
2021-11-19,1105.6,1105.6,1104.52,1104.67,925
2021-11-19,1104.49,1104.49,1102.68,1103.01,1308
2021-11-19,1103.85,1103.85,1103.11,1103.43,1001
2021-11-19,1102.64,1102.94,1102.64,1102.94,488
2021-11-19,1102.01,1102.25,1101.85,1102.25,1157
2021-11-19,1101.86,1102.13,1101.86,1102.13,803
2021-11-19,1101.13,1101.41,1099.63,1100.03,2514
2021-11-19,1099.79,1099.79,1099.45,1099.57,530
2021-11-19,1101.22,1101.47,1101.22,1101.26,1912
2021-11-19,1100.88,1101.65,1100.88,1101.65,1720
2021-11-19,1102.04,1102.13,1102.04,1102.13,752
2021-11-19,1100.85,1100.91,1100.73,1100.73,905
2021-11-19,1100.68,1100.68,1100.68,1100.68,495
2021-11-19,1100.69,1102.585,1100.69,1102.585,788
2021-11-19,1102.76,1102.76,1102.76,1102.76,341
2021-11-19,1102.06,1102.06,1102.06,1102.06,287
2021-11-19,1099.93,1099.93,1097.25,1097.59,1626
2021-11-19,1097.92,1099.49,1097.92,1099.49,1616
2021-11-19,1098.76,1098.76,1098.75,1098.75,673
2021-11-19,1099.25,1099.25,1098.97,1098.97,474
2021-11-19,1099.26,1099.6,1099.24,1099.6,1074
2021-11-19,1096.61,1096.705,1096.14,1096.14,719
2021-11-19,1099.75,1100.38,1099.75,1099.92,1151
2021-11-19,1097.35,1097.51,1097.35,1097.51,350
2021-11-19,1097.53,1098.3,1097.53,1098.3,624
2021-11-19,1098.5,1099.99,1098.46,1099.99,2885
2021-11-19,1101.56,1101.56,1101.52,1101.52,600
2021-11-19,1100.92,1101.23,1100.86,1101.23,662
2021-11-19,1101.16,1101.47,1101.11,1101.47,837
2021-11-19,1102.13,1102.55,1101.96,1102,1588
2021-11-19,1102.67,1102.69,1102.67,1102.69,624
2021-11-19,1102.92,1102.92,1102.7,1102.7,493
2021-11-19,1104.5,1105.75,1104.24,1105.75,833
2021-11-19,1106.29,1106.29,1104.67,1104.67,962
2021-11-19,1103.22,1104.25,1103.22,1104.25,542
2021-11-19,1104.4,1104.4,1104.4,1104.4,257
2021-11-19,1103.56,1103.56,1103.56,1103.56,291
2021-11-19,1103.22,1103.22,1103.22,1103.22,234
2021-11-19,1103.42,1104.17,1103.42,1104.17,243
2021-11-19,1104.43,1104.44,1104.43,1104.44,313
2021-11-19,1104.42,1104.42,1104.42,1104.42,423
2021-11-19,1102.9,1102.9,1102.55,1102.57,611
2021-11-19,1103.2,1103.45,1103.2,1103.45,532
2021-11-19,1103.85,1105.17,1103.85,1105.17,510
2021-11-19,1105.38,1106.51,1105.38,1106.51,489
2021-11-19,1105.71,1105.71,1105.71,1105.71,294
2021-11-19,1105.95,1105.95,1105.95,1105.95,177
2021-11-19,1106.12,1106.12,1106.12,1106.12,198
2021-11-19,1107.07,1108.3,1107.07,1108.09,1102
2021-11-19,1108.89,1109.105,1106.64,1106.64,2003
2021-11-19,1106.66,1107,1106.66,1107,639
2021-11-19,1107.16,1107.52,1106.91,1107.52,1222
2021-11-19,1106.74,1107.06,1106.74,1107.06,721
2021-11-19,1107.58,1107.58,1107.58,1107.58,247
2021-11-19,1107.6,1107.77,1107.6,1107.77,294
2021-11-19,1105.77,1105.8,1105.77,1105.8,416
2021-11-19,1106.05,1106.05,1105.49,1105.49,598
2021-11-19,1107.05,1107.05,1107.05,1107.05,152
2021-11-19,1104.62,1104.64,1104.62,1104.64,859
2021-11-19,1104.12,1104.29,1104.12,1104.27,565
2021-11-19,1104.16,1104.21,1104.16,1104.21,444
2021-11-19,1104.99,1104.99,1104.01,1104.01,229
2021-11-19,1105.07,1105.07,1105.07,1105.07,168
2021-11-19,1104.735,1104.8,1104.735,1104.8,338
2021-11-19,1104.53,1104.55,1104.53,1104.55,1030
2021-11-19,1105.43,1105.43,1105.43,1105.43,250
2021-11-19,1105.17,1105.17,1105.17,1105.17,656
2021-11-19,1106.08,1106.11,1106.08,1106.11,214
2021-11-19,1105.82,1105.83,1105.82,1105.83,492
2021-11-19,1105.82,1105.82,1105.82,1105.82,227
2021-11-19,1106.045,1106.045,1105.99,1105.99,211
2021-11-19,1105.73,1106.15,1105.73,1106.15,1112
2021-11-19,1106.72,1106.72,1105.57,1105.57,851
2021-11-19,1105.95,1105.95,1105.95,1105.95,234
2021-11-19,1105.285,1105.285,1105.285,1105.285,247
2021-11-19,1105.23,1105.235,1104.4,1104.44,1008
2021-11-19,1104.57,1104.57,1104.57,1104.57,231
2021-11-19,1104.32,1106,1104.32,1105.915,2483
2021-11-19,1105.085,1105.085,1103.71,1103.71,1234
2021-11-19,1104.47,1104.47,1104.47,1104.47,275
2021-11-19,1105,1105.01,1104.81,1104.81,821
2021-11-19,1105,1105.29,1105,1105,902
2021-11-19,1104.96,1104.96,1104.96,1104.96,442
2021-11-19,1104.93,1104.93,1104.93,1104.93,342
2021-11-19,1105.08,1105.115,1105.08,1105.115,1117
2021-11-19,1105,1105,1104.96,1104.96,365
2021-11-19,1105.25,1105.5,1105.25,1105.5,609
2021-11-19,1104.32,1104.32,1104.32,1104.32,410
2021-11-19,1103.95,1103.95,1103.52,1103.52,578
2021-11-19,1103.43,1103.43,1101.01,1101.01,1167
2021-11-19,1101.51,1101.51,1100.65,1100.68,1565
2021-11-19,1101.19,1101.37,1101.19,1101.37,468
2021-11-19,1101.25,1101.25,1101.25,1101.25,210
2021-11-19,1101.82,1101.86,1101.8,1101.8,622
2021-11-19,1101.88,1101.88,1101.77,1101.77,246
2021-11-19,1100.53,1100.53,1100.53,1100.53,267
2021-11-19,1100.19,1100.19,1100.19,1100.19,624
2021-11-19,1101.43,1102.19,1101.43,1102.19,837
2021-11-19,1102.83,1103.09,1102.8,1103.09,692
2021-11-19,1102.41,1102.41,1102.41,1102.41,202
2021-11-19,1102.24,1102.24,1102,1102,816
2021-11-19,1102.27,1102.27,1102.16,1102.16,704
2021-11-19,1101.84,1101.84,1101.84,1101.84,373
2021-11-19,1100.3,1100.3,1100.3,1100.3,298
2021-11-19,1101.36,1101.72,1101.36,1101.59,350
2021-11-19,1102.02,1102.67,1102.02,1102.52,1158
2021-11-19,1101.97,1101.97,1101.97,1101.97,210
2021-11-19,1101.985,1102.46,1101.985,1102.46,986
2021-11-19,1103,1104.115,1103,1103.84,3226
2021-11-19,1102.81,1102.82,1102.785,1102.82,803
2021-11-19,1102.6,1102.67,1102.44,1102.44,668
2021-11-19,1102.4,1102.4,1102.39,1102.39,421
2021-11-19,1103.08,1103.08,1101.98,1101.995,1922
2021-11-19,1101.79,1101.8,1101.79,1101.79,1233
2021-11-19,1101.09,1103.33,1101.09,1103.33,1502
2021-11-19,1104.665,1105,1104.665,1105,1190
2021-11-19,1105,1105.045,1104.86,1104.86,814
2021-11-19,1104.45,1104.45,1104.45,1104.45,667
2021-11-19,1103.34,1103.34,1103.34,1103.34,171
2021-11-19,1104,1104,1104,1104,201
2021-11-19,1105.45,1105.64,1104.98,1105.64,962
2021-11-19,1104.96,1106.25,1104.95,1106.25,1025
2021-11-19,1107.28,1108.235,1106.92,1106.92,1607
2021-11-19,1107.15,1107.15,1106.55,1106.55,444
2021-11-19,1106.15,1106.15,1106.15,1106.15,228
2021-11-19,1106.9,1106.9,1106.625,1106.625,317
2021-11-19,1105.49,1105.49,1105.49,1105.49,119
2021-11-19,1106.49,1106.5,1106.49,1106.5,356
2021-11-19,1105.16,1105.99,1105.16,1105.99,906
2021-11-19,1105.99,1106.07,1105.99,1106.07,258
2021-11-19,1106.12,1106.41,1106.12,1106.41,840
2021-11-19,1108.27,1108.27,1107.71,1107.71,416
2021-11-19,1106.65,1107.28,1106.65,1107.28,596
2021-11-19,1108.45,1109.57,1108.45,1109.57,776
2021-11-19,1107.13,1107.39,1107.13,1107.39,491
2021-11-19,1106.83,1106.83,1106.35,1106.35,497
2021-11-19,1106.51,1106.51,1105.29,1106,485
2021-11-19,1106.52,1106.54,1106.52,1106.54,278
2021-11-19,1106.21,1107,1106.21,1107,1038
2021-11-19,1107.1,1107.1,1106.28,1106.58,633
2021-11-19,1105.99,1106.63,1105.98,1106.11,563
2021-11-19,1106.27,1106.28,1106.27,1106.28,336
2021-11-19,1106.04,1106.04,1106.04,1106.04,324
2021-11-19,1106.36,1106.36,1106.36,1106.36,379
2021-11-19,1106.44,1106.45,1106.44,1106.45,313
2021-11-19,1107.11,1107.72,1107.11,1107.72,216
2021-11-19,1107.46,1107.46,1107.46,1107.46,208
2021-11-19,1107.42,1107.42,1107.42,1107.42,202
2021-11-19,1106.91,1106.91,1106.91,1106.91,383
2021-11-19,1107.09,1107.09,1107.09,1107.09,416
2021-11-19,1106.98,1106.98,1106.98,1106.98,103
2021-11-19,1106.805,1106.805,1106.805,1106.805,310
2021-11-19,1107.61,1107.61,1107.61,1107.61,229
2021-11-19,1109.07,1110.15,1109.07,1109.91,1164
2021-11-19,1113.85,1117.12,1113.79,1116.45,3041
2021-11-19,1116.43,1116.43,1113.78,1113.78,1055
2021-11-19,1113.78,1116.53,1113.78,1116.17,1848
2021-11-19,1114.45,1115.44,1114.45,1115.44,971
2021-11-19,1114.26,1114.26,1114.26,1114.26,396
2021-11-19,1114.52,1114.52,1114.35,1114.35,404
2021-11-19,1115.96,1117.14,1115.96,1116.82,962
2021-11-19,1115.48,1115.65,1115,1115.26,834
2021-11-19,1114.55,1114.57,1114.55,1114.57,778
2021-11-19,1113.25,1114.64,1113.25,1114.64,776
2021-11-19,1115,1115,1114.91,1114.91,504
2021-11-19,1113.51,1114,1113.51,1114,694
2021-11-19,1114.32,1114.32,1114.32,1114.32,357
2021-11-19,1115.42,1115.42,1114.29,1114.29,1866
2021-11-19,1114.62,1114.66,1114.195,1114.195,859
2021-11-19,1114.6,1114.6,1114.555,1114.555,343
2021-11-19,1114.49,1114.95,1114.49,1114.95,531
2021-11-19,1114.495,1114.66,1114.2,1114.2,1010
2021-11-19,1114.17,1114.21,1114.17,1114.21,687
2021-11-19,1116.98,1116.98,1116.98,1116.98,336
2021-11-19,1116.98,1116.98,1116.98,1116.98,248
2021-11-19,1117.12,1117.12,1117.04,1117.04,695
2021-11-19,1117.45,1119.62,1117.45,1119.48,1682
2021-11-19,1120.465,1122.26,1120.465,1121.92,1854
2021-11-19,1121.27,1121.6,1120.74,1120.74,1453
2021-11-19,1120.2,1120.61,1120.19,1120.19,703
2021-11-19,1118.16,1118.16,1118,1118,2074
2021-11-19,1117.47,1117.47,1113.63,1113.63,1038
2021-11-19,1115.77,1115.77,1114.12,1114.58,527
2021-11-19,1115.88,1117.1,1115.88,1117.1,754
2021-11-19,1117.115,1117.115,1117.115,1117.115,352
2021-11-19,1117.565,1117.79,1117.23,1117.79,1127
2021-11-19,1116.46,1116.46,1116.19,1116.34,841
2021-11-19,1116.22,1116.22,1116.22,1116.22,179
2021-11-19,1115.88,1117.22,1115.88,1117.22,1038
2021-11-19,1117.84,1117.96,1117.84,1117.96,694
2021-11-19,1118.51,1119.44,1118.4,1119.44,882
2021-11-19,1119.72,1119.72,1119.31,1119.31,416
2021-11-19,1120,1120,1120,1120,425
2021-11-19,1119.99,1121.45,1119.88,1121.1,2048
2021-11-19,1121.2,1121.2,1120.76,1120.76,845
2021-11-19,1119.29,1119.29,1118.67,1118.67,594
2021-11-19,1117.84,1117.94,1117.44,1117.94,814
2021-11-19,1118.41,1118.41,1118.41,1118.41,207
2021-11-19,1119.38,1119.38,1119.37,1119.37,671
2021-11-19,1119.05,1119.05,1117.56,1117.56,518
2021-11-19,1118.59,1118.59,1118.59,1118.59,113
2021-11-19,1118.89,1119,1118.89,1119,346
2021-11-19,1118.98,1118.98,1118.98,1118.98,220
2021-11-19,1118.415,1118.415,1118.415,1118.415,433
2021-11-19,1120.19,1120.19,1120.19,1120.19,323
2021-11-19,1119.99,1120.22,1119.5,1119.52,765
2021-11-19,1119.64,1119.95,1119.64,1119.95,1017
2021-11-19,1119.62,1119.62,1119.62,1119.62,223
2021-11-19,1120.36,1120.61,1119.98,1119.98,549
2021-11-19,1122.69,1123.95,1122.69,1123.59,1934
2021-11-19,1123.77,1123.77,1122.95,1122.95,1363
2021-11-19,1123.16,1123.16,1121.87,1121.87,919
2021-11-19,1122.32,1122.33,1122.32,1122.33,550
2021-11-19,1122.8,1122.8,1122.5,1122.5,580
2021-11-19,1123.6,1124.84,1123.6,1124.84,944
2021-11-19,1125.49,1125.49,1125.49,1125.49,666
2021-11-19,1125.16,1125.16,1125.16,1125.16,461
2021-11-19,1123.49,1123.49,1123.44,1123.44,358
2021-11-19,1123.95,1123.95,1123.95,1123.95,361
2021-11-19,1123.68,1123.68,1123.68,1123.68,252
2021-11-19,1123.46,1123.8,1123.25,1123.25,882
2021-11-19,1123.59,1123.59,1123.59,1123.59,287
2021-11-19,1122.6,1122.6,1122.455,1122.455,969
2021-11-19,1123.755,1123.91,1123.51,1123.91,812
2021-11-19,1125.03,1125.03,1125.03,1125.03,585
2021-11-19,1125.47,1125.47,1124.51,1125.02,1374
2021-11-19,1124.83,1125.295,1124.51,1124.91,2111
2021-11-19,1123.86,1123.86,1123.86,1123.86,1134
2021-11-19,1123.71,1123.71,1123.71,1123.71,670
2021-11-19,1124.08,1124.08,1123.09,1123.11,794
2021-11-19,1124.99,1127.84,1124.99,1127.68,2472
2021-11-19,1128.15,1130.25,1127.85,1130.25,2728
2021-11-19,1129.39,1129.39,1129.34,1129.34,607
2021-11-19,1129.14,1129.37,1128.18,1128.37,2131
2021-11-19,1128.51,1131.75,1128.49,1131.75,1653
2021-11-19,1132.46,1134.27,1132.46,1132.89,2379
2021-11-19,1132.61,1133.85,1132.61,1133.56,1114
2021-11-19,1133.1,1134.895,1133.05,1134.895,4166
2021-11-19,1134.79,1135.31,1134.495,1135.31,1217
2021-11-19,1135.34,1135.99,1134.25,1134.33,2299
2021-11-19,1134.46,1134.48,1134.38,1134.38,693
2021-11-19,1133.91,1134.72,1133.91,1134.72,1018
2021-11-19,1134.44,1135.35,1134.43,1135.35,2060
2021-11-19,1134.98,1137.98,1134.98,1137.98,3688
2021-11-19,1137.375,1137.63,1137.22,1137.59,2115
2021-11-19,1134.61,1134.61,1133.33,1134.33,1902
2021-11-19,1134.22,1134.38,1133.75,1133.94,1243
2021-11-19,1134.17,1134.565,1133.795,1134.035,1041
2021-11-19,1133.4,1133.53,1133.4,1133.53,487
2021-11-19,1133.28,1133.28,1130.48,1131.87,2963
2021-11-19,1130.56,1133.54,1130.56,1133.19,1779
2021-11-19,1133.285,1133.64,1132.79,1132.79,786
2021-11-19,1131.66,1131.66,1129.66,1129.99,1804
2021-11-19,1130.55,1130.97,1130.55,1130.97,542
2021-11-19,1131.815,1131.96,1130.87,1130.87,1040
2021-11-19,1130.07,1131.48,1130.07,1131.48,1486
2021-11-19,1130.7,1130.9,1130.7,1130.89,1383
2021-11-19,1131.36,1133.44,1131.36,1133.44,1603
2021-11-19,1133.69,1134,1133.5,1134,2455
2021-11-19,1134.92,1134.92,1134.015,1134.19,1081
2021-11-19,1134.01,1134.35,1134.01,1134.35,671
2021-11-19,1134.705,1134.705,1134.705,1134.705,342
2021-11-19,1135.41,1135.99,1135.375,1135.99,1485
2021-11-19,1136.11,1136.49,1135.98,1136.49,1111
2021-11-19,1136.17,1138.1,1136.01,1138.1,2976
2021-11-19,1137.68,1138,1136.14,1136.14,1154
2021-11-19,1135.31,1135.31,1134.7,1134.7,715
2021-11-19,1134.495,1135.385,1134.04,1134.04,2128
2021-11-19,1135.545,1135.545,1135.4,1135.4,658
2021-11-19,1136.335,1136.51,1135.62,1135.62,624
2021-11-19,1136.515,1137.32,1136.515,1136.78,1145
2021-11-19,1136.56,1136.83,1136.24,1136.24,687
2021-11-19,1136.745,1137.05,1136.31,1137.05,1353
2021-11-19,1137.535,1137.535,1137.535,1137.535,176
2021-11-19,1137.76,1138.5,1137.59,1138.4,1475
2021-11-19,1138.11,1138.11,1136.88,1136.98,1141
2021-11-19,1136.13,1136.43,1136.13,1136.43,396
2021-11-19,1136.75,1137.54,1136.69,1137.54,589
2021-11-19,1138.3,1138.3,1137.85,1137.85,505
2021-11-19,1137.95,1138.535,1136.24,1136.59,1859
2021-11-19,1136.33,1136.5,1133.64,1133.64,2378
2021-11-19,1132.99,1133.57,1132.99,1133.57,1116
2021-11-19,1131.29,1132.25,1131.29,1132.155,1222
2021-11-19,1132.63,1132.63,1131.68,1131.68,921
2021-11-19,1131.02,1131.02,1129.37,1129.85,1215
2021-11-19,1129.34,1129.34,1127.22,1128.35,1782
2021-11-19,1128.7,1129.85,1128,1129.78,2038
2021-11-19,1129.19,1129.29,1129.02,1129.02,762
2021-11-19,1128.48,1129.245,1128.48,1129.245,585
2021-11-19,1129.36,1129.36,1129.33,1129.33,1137
2021-11-19,1129.8,1131.94,1129.8,1131.58,3017
2021-11-19,1132.02,1133.05,1132.01,1133.05,1340
2021-11-19,1133.28,1133.63,1132.99,1132.99,1650
2021-11-19,1133.1,1133.75,1133.06,1133.74,944
2021-11-19,1132.98,1133.25,1131.3,1131.3,1437
2021-11-19,1132.11,1132.36,1131.09,1131.09,1410
2021-11-19,1130.22,1131.66,1130.1,1131.42,1559
2021-11-19,1131.03,1131.73,1130.53,1131.47,1750
2021-11-19,1131.66,1131.66,1131.165,1131.42,2810
2021-11-19,1131.52,1131.96,1130.51,1131.21,4452
2021-11-19,1131.03,1131.04,1130.45,1130.705,4528
2021-11-19,1130.41,1130.58,1129.12,1129.18,4584
2021-11-19,1128.84,1130.46,1128.08,1129.97,6438
2021-11-19,1129.98,1132.38,1129.745,1132.38,5049
2021-11-19,1134.33,1136.07,1134.18,1136.05,4776
2021-11-19,1135.59,1136.32,1135.57,1136.275,4428
2021-11-19,1136.315,1137.04,1135.92,1135.995,6164
2021-11-19,1136.1,1136.84,1135.85,1136.84,5341
2021-11-19,1136.79,1137.96,1136.28,1136.28,11404
2021-11-22,1168,1168,1168,1168,110
2021-11-22,1162.31,1163.57,1156.71,1163.57,6228
2021-11-22,1162.62,1174.8,1162.62,1172.77,9533
2021-11-22,1171.03,1171.39,1166.525,1166.525,8608
2021-11-22,1168.44,1168.97,1167.01,1168.97,3931
2021-11-22,1171.415,1175.905,1171.04,1174.37,6999
2021-11-22,1172.76,1174.81,1169.8,1171.33,4904
2021-11-22,1171.77,1176.5,1171.77,1176.5,5319
2021-11-22,1175.86,1178.23,1175.86,1178.23,4008
2021-11-22,1180,1183.09,1180,1182.525,6213
2021-11-22,1186.41,1187.87,1186.03,1187.35,3799
2021-11-22,1187.07,1187.73,1180.06,1181.62,5609
2021-11-22,1181.73,1183.01,1181.32,1182.56,4207
2021-11-22,1182.19,1183.62,1181.34,1181.83,2736
2021-11-22,1181.97,1181.97,1177.55,1177.74,3196
2021-11-22,1181.2,1181.2,1179.52,1180.45,2527
2021-11-22,1183.49,1186.22,1183.49,1185,8719
2021-11-22,1184.62,1193,1184.59,1193,4353
2021-11-22,1190.58,1190.58,1187.78,1189.16,3086
2021-11-22,1188.73,1189,1186.88,1187.26,2163
2021-11-22,1187.28,1192.45,1186.87,1191.97,3020
2021-11-22,1191.35,1191.79,1189.26,1189.26,3668
2021-11-22,1190.22,1192.49,1189.7,1190.03,3348
2021-11-22,1193.71,1193.86,1191.04,1192.09,2483
2021-11-22,1191.81,1192.59,1191.57,1192.23,5299
2021-11-22,1193.19,1193.5,1192.5,1192.61,1664
2021-11-22,1192.42,1194.145,1192.42,1193.41,2251
2021-11-22,1192.81,1193.08,1188.55,1188.55,2844
2021-11-22,1188.4,1189.48,1188.13,1188.13,1944
2021-11-22,1187.14,1187.22,1185.635,1185.635,2173
2021-11-22,1186.4,1186.4,1186.4,1186.4,460
2021-11-22,1186.28,1189.99,1186.28,1188.38,4223
2021-11-22,1184.62,1193.0,1184.3759,1192.21,8763.0
