Date,Open,High,Low,Close,Volume
2021-11-19,4.49,4.49,4.47,4.47,2390
2021-11-19,4.48,4.48,4.48,4.48,144
2021-11-19,4.47,4.47,4.47,4.47,200
2021-11-19,4.43,4.43,4.42,4.42,685
2021-11-19,4.41,4.425,4.41,4.425,1300
2021-11-19,4.435,4.435,4.435,4.435,100
2021-11-19,4.45,4.45,4.45,4.45,421
2021-11-19,4.43,4.43,4.43,4.43,201
2021-11-19,4.42,4.43,4.42,4.42,800
2021-11-19,4.43,4.43,4.43,4.43,100
2021-11-19,4.42,4.42,4.42,4.42,100
2021-11-19,4.405,4.405,4.405,4.405,2201
2021-11-19,4.365,4.365,4.365,4.365,539
2021-11-19,4.37,4.37,4.37,4.37,440
2021-11-19,4.37,4.37,4.37,4.37,300
2021-11-19,4.37,4.37,4.37,4.37,100
2021-11-19,4.37,4.37,4.37,4.37,300
2021-11-19,4.37,4.385,4.37,4.385,491
2021-11-19,4.385,4.385,4.38,4.38,486
2021-11-19,4.38,4.38,4.38,4.38,301
2021-11-19,4.38,4.385,4.38,4.385,852
2021-11-19,4.39,4.39,4.385,4.385,500
2021-11-19,4.395,4.395,4.395,4.395,300
2021-11-19,4.41,4.41,4.41,4.41,200
2021-11-19,4.405,4.405,4.405,4.405,100
2021-11-19,4.4,4.405,4.4,4.4,3393
2021-11-19,4.39,4.39,4.38,4.38,236
2021-11-19,4.38,4.39,4.38,4.39,200
2021-11-19,4.39,4.39,4.39,4.39,300
2021-11-19,4.41,4.42,4.41,4.42,900
2021-11-19,4.42,4.42,4.42,4.42,791
2021-11-19,4.44,4.44,4.435,4.435,512
2021-11-19,4.43,4.43,4.43,4.43,536
2021-11-19,4.43,4.43,4.43,4.43,100
2021-11-19,4.42,4.42,4.42,4.42,100
2021-11-19,4.42,4.42,4.42,4.42,100
2021-11-19,4.42,4.42,4.42,4.42,300
2021-11-19,4.42,4.42,4.42,4.42,200
2021-11-19,4.41,4.41,4.41,4.41,300
2021-11-19,4.42,4.42,4.41,4.41,500
2021-11-19,4.415,4.415,4.415,4.415,100
2021-11-19,4.42,4.42,4.42,4.42,200
2021-11-19,4.42,4.42,4.42,4.42,100
2021-11-19,4.41,4.41,4.41,4.41,300
2021-11-19,4.415,4.415,4.415,4.415,200
2021-11-19,4.415,4.415,4.415,4.415,100
2021-11-19,4.425,4.425,4.42,4.42,300
2021-11-19,4.41,4.41,4.41,4.41,600
2021-11-19,4.4,4.4,4.395,4.395,252
2021-11-19,4.39,4.39,4.39,4.39,100
2021-11-19,4.4,4.4,4.4,4.4,100
2021-11-19,4.41,4.41,4.41,4.41,100
2021-11-19,4.41,4.41,4.41,4.41,200
2021-11-19,4.41,4.41,4.405,4.405,985
2021-11-19,4.4,4.41,4.4,4.41,642
2021-11-19,4.405,4.405,4.405,4.405,800
2021-11-19,4.4,4.4,4.4,4.4,100
2021-11-19,4.39,4.39,4.39,4.39,295
2021-11-19,4.38,4.38,4.38,4.38,185
2021-11-19,4.38,4.38,4.37,4.375,1900
2021-11-19,4.375,4.375,4.375,4.375,100
2021-11-19,4.375,4.375,4.375,4.375,820
2021-11-19,4.375,4.375,4.375,4.375,100
2021-11-19,4.37,4.37,4.37,4.37,1701
2021-11-19,4.37,4.37,4.37,4.37,573
2021-11-19,4.38,4.38,4.38,4.38,647
2021-11-19,4.37,4.37,4.37,4.37,100
2021-11-19,4.37,4.37,4.37,4.37,200
2021-11-19,4.37,4.37,4.37,4.37,106
2021-11-19,4.38,4.38,4.375,4.38,1004
2021-11-19,4.37,4.375,4.365,4.365,2384
2021-11-19,4.365,4.365,4.36,4.36,1222
2021-11-19,4.36,4.36,4.35,4.35,1180
2021-11-19,4.35,4.35,4.33,4.34,6530
2021-11-19,4.345,4.345,4.345,4.345,400
2021-11-19,4.35,4.35,4.35,4.35,900
2021-11-19,4.35,4.35,4.35,4.35,400
2021-11-19,4.345,4.345,4.345,4.345,2400
2021-11-19,4.34,4.34,4.34,4.34,579
2021-11-19,4.34,4.34,4.34,4.34,500
2021-11-19,4.34,4.34,4.34,4.34,428
2021-11-19,4.345,4.345,4.345,4.345,200
2021-11-19,4.36,4.365,4.36,4.365,1300
2021-11-19,4.37,4.37,4.37,4.37,603
2021-11-19,4.365,4.37,4.365,4.37,200
2021-11-19,4.375,4.375,4.375,4.375,400
2021-11-19,4.37,4.375,4.37,4.375,616
2021-11-19,4.38,4.38,4.38,4.38,600
2021-11-19,4.395,4.395,4.395,4.395,1090
2021-11-19,4.39,4.39,4.39,4.39,200
2021-11-19,4.385,4.385,4.385,4.385,148
2021-11-19,4.375,4.375,4.375,4.375,801
2021-11-19,4.36,4.365,4.36,4.365,2800
2021-11-19,4.36,4.36,4.36,4.36,100
2021-11-19,4.36,4.36,4.355,4.355,400
2021-11-19,4.355,4.355,4.355,4.355,1000
2021-11-19,4.36,4.36,4.36,4.36,200
2021-11-19,4.36,4.36,4.36,4.36,300
2021-11-19,4.355,4.355,4.35,4.35,800
2021-11-19,4.37,4.37,4.37,4.37,103
2021-11-19,4.355,4.355,4.355,4.355,205
2021-11-19,4.35,4.355,4.35,4.355,2612
2021-11-19,4.355,4.355,4.355,4.355,400
2021-11-19,4.35,4.35,4.35,4.35,400
2021-11-19,4.35,4.35,4.35,4.35,200
2021-11-19,4.35,4.35,4.35,4.35,100
2021-11-19,4.35,4.35,4.35,4.35,998
2021-11-19,4.34,4.34,4.34,4.34,379
2021-11-19,4.33,4.33,4.33,4.33,401
2021-11-19,4.33,4.33,4.33,4.33,1902
2021-11-19,4.335,4.335,4.335,4.335,100
2021-11-19,4.34,4.34,4.34,4.34,100
2021-11-19,4.34,4.34,4.34,4.34,100
2021-11-19,4.33,4.33,4.32,4.32,1867
2021-11-19,4.32,4.32,4.32,4.32,500
2021-11-19,4.32,4.32,4.32,4.32,200
2021-11-19,4.32,4.32,4.32,4.32,101
2021-11-19,4.315,4.315,4.315,4.315,200
2021-11-19,4.31,4.31,4.31,4.31,181
2021-11-19,4.32,4.32,4.32,4.32,2135
2021-11-19,4.32,4.32,4.32,4.32,226
2021-11-19,4.32,4.325,4.32,4.325,1100
2021-11-19,4.32,4.32,4.32,4.32,175
2021-11-19,4.32,4.32,4.32,4.32,100
2021-11-19,4.31,4.31,4.31,4.31,525
2021-11-19,4.31,4.31,4.31,4.31,781
2021-11-19,4.3,4.3,4.3,4.3,700
2021-11-19,4.28,4.285,4.275,4.28,2400
2021-11-19,4.28,4.28,4.275,4.275,2100
2021-11-19,4.285,4.3,4.285,4.3,966
2021-11-19,4.3,4.305,4.295,4.295,2956
2021-11-19,4.3,4.3,4.3,4.3,470
2021-11-19,4.295,4.3,4.295,4.3,1250
2021-11-19,4.3,4.3,4.3,4.3,679
2021-11-19,4.305,4.305,4.305,4.305,100
2021-11-19,4.31,4.31,4.31,4.31,600
2021-11-19,4.31,4.31,4.305,4.305,1700
2021-11-19,4.31,4.31,4.305,4.31,300
2021-11-19,4.3,4.3,4.285,4.285,1040
2021-11-19,4.29,4.29,4.29,4.29,1900
2021-11-19,4.29,4.295,4.29,4.295,500
2021-11-19,4.295,4.295,4.295,4.295,100
2021-11-19,4.295,4.295,4.295,4.295,136
2021-11-19,4.29,4.29,4.29,4.29,1000
2021-11-19,4.3,4.3,4.3,4.3,165
2021-11-19,4.29,4.29,4.29,4.29,4000
2021-11-19,4.27,4.275,4.27,4.275,1778
2021-11-19,4.275,4.275,4.275,4.275,301
2021-11-19,4.285,4.285,4.285,4.285,100
2021-11-19,4.29,4.295,4.29,4.295,200
2021-11-19,4.295,4.295,4.295,4.295,200
2021-11-19,4.29,4.29,4.29,4.29,200
2021-11-19,4.29,4.29,4.285,4.285,514
2021-11-19,4.295,4.3,4.295,4.3,200
2021-11-19,4.31,4.31,4.31,4.31,399
2021-11-19,4.3,4.3,4.3,4.3,1000
2021-11-19,4.29,4.3,4.29,4.3,2400
2021-11-19,4.31,4.31,4.31,4.31,800
2021-11-19,4.31,4.31,4.305,4.305,300
2021-11-19,4.3,4.3,4.3,4.3,100
2021-11-19,4.3,4.3,4.3,4.3,200
2021-11-19,4.295,4.3,4.295,4.3,1001
2021-11-19,4.29,4.29,4.29,4.29,245
2021-11-19,4.28,4.28,4.28,4.28,300
2021-11-19,4.28,4.285,4.28,4.285,400
2021-11-19,4.285,4.285,4.285,4.285,212
2021-11-19,4.29,4.29,4.29,4.29,400
2021-11-19,4.28,4.28,4.28,4.28,400
2021-11-19,4.28,4.28,4.28,4.28,100
2021-11-19,4.28,4.28,4.28,4.28,100
2021-11-19,4.285,4.285,4.285,4.285,1000
2021-11-19,4.275,4.275,4.275,4.275,201
2021-11-19,4.265,4.265,4.26,4.26,505
2021-11-19,4.26,4.26,4.25,4.25,400
2021-11-19,4.25,4.255,4.25,4.255,400
2021-11-19,4.26,4.26,4.26,4.26,100
2021-11-19,4.26,4.26,4.26,4.26,204
2021-11-19,4.26,4.265,4.26,4.265,643
2021-11-19,4.26,4.26,4.26,4.26,200
2021-11-19,4.26,4.26,4.26,4.26,100
2021-11-19,4.26,4.26,4.26,4.26,400
2021-11-19,4.255,4.255,4.255,4.255,200
2021-11-19,4.255,4.265,4.255,4.265,5458
2021-11-19,4.27,4.28,4.27,4.28,3500
2021-11-19,4.285,4.285,4.285,4.285,100
2021-11-19,4.28,4.28,4.28,4.28,600
2021-11-19,4.27,4.27,4.27,4.27,600
2021-11-19,4.265,4.265,4.265,4.265,300
2021-11-19,4.265,4.265,4.265,4.265,100
2021-11-19,4.28,4.28,4.28,4.28,200
2021-11-19,4.27,4.275,4.27,4.275,400
2021-11-19,4.27,4.27,4.27,4.27,300
2021-11-19,4.27,4.295,4.27,4.295,2100
2021-11-19,4.3,4.3,4.3,4.3,100
2021-11-19,4.305,4.305,4.305,4.305,100
2021-11-19,4.305,4.305,4.305,4.305,100
2021-11-19,4.3,4.3,4.295,4.295,400
2021-11-19,4.295,4.295,4.295,4.295,100
2021-11-19,4.29,4.29,4.28,4.28,596
2021-11-19,4.28,4.28,4.28,4.28,100
2021-11-19,4.275,4.275,4.275,4.275,202
2021-11-19,4.27,4.27,4.27,4.27,151
2021-11-19,4.27,4.27,4.27,4.27,914
2021-11-19,4.27,4.27,4.27,4.27,200
2021-11-19,4.26,4.26,4.26,4.26,200
2021-11-19,4.26,4.265,4.255,4.26,6353
2021-11-19,4.26,4.265,4.26,4.26,1111
2021-11-19,4.26,4.26,4.26,4.26,1400
2021-11-19,4.26,4.26,4.26,4.26,300
2021-11-19,4.26,4.26,4.26,4.26,500
2021-11-19,4.26,4.26,4.26,4.26,900
2021-11-19,4.26,4.26,4.26,4.26,1262
2021-11-19,4.26,4.265,4.26,4.265,4000
2021-11-19,4.26,4.26,4.26,4.26,1895
2021-11-19,4.26,4.26,4.26,4.26,1000
2021-11-19,4.265,4.27,4.265,4.265,7272
2021-11-19,4.265,4.265,4.265,4.265,500
2021-11-19,4.265,4.265,4.265,4.265,997
2021-11-19,4.265,4.265,4.265,4.265,700
2021-11-19,4.265,4.265,4.265,4.265,530
2021-11-19,4.255,4.255,4.255,4.255,361
2021-11-19,4.255,4.255,4.25,4.255,4035
2021-11-19,4.255,4.255,4.25,4.255,3460
2021-11-19,4.255,4.26,4.25,4.255,2911
2021-11-19,4.255,4.26,4.255,4.255,1503
2021-11-19,4.255,4.26,4.255,4.255,2018
2021-11-19,4.255,4.26,4.25,4.255,4467
2021-11-22,4.28,4.28,4.28,4.28,1520
2021-11-22,4.25,4.25,4.25,4.25,300
2021-11-22,4.27,4.275,4.265,4.275,4850
2021-11-22,4.265,4.27,4.265,4.27,1700
2021-11-22,4.26,4.26,4.235,4.235,1851
2021-11-22,4.235,4.235,4.185,4.19,4330
2021-11-22,4.185,4.2,4.185,4.195,6513
2021-11-22,4.19,4.19,4.18,4.18,813
2021-11-22,4.175,4.19,4.175,4.19,3132
2021-11-22,4.185,4.19,4.185,4.19,800
2021-11-22,4.16,4.17,4.145,4.145,2081
2021-11-22,4.13,4.145,4.13,4.145,1950
2021-11-22,4.145,4.145,4.125,4.14,4000
2021-11-22,4.135,4.14,4.135,4.135,2100
2021-11-22,4.135,4.135,4.115,4.115,2620
2021-11-22,4.115,4.16,4.115,4.16,8826
2021-11-22,4.16,4.17,4.155,4.165,2400
2021-11-22,4.18,4.18,4.18,4.18,400
2021-11-22,4.195,4.195,4.175,4.175,2242
2021-11-22,4.17,4.18,4.16,4.175,1452
2021-11-22,4.165,4.18,4.165,4.18,1900
2021-11-22,4.175,4.185,4.175,4.18,1502
2021-11-22,4.185,4.19,4.175,4.175,1795
2021-11-22,4.165,4.195,4.165,4.195,1000
2021-11-22,4.2,4.205,4.195,4.195,1700
2021-11-22,4.19,4.195,4.19,4.195,400
2021-11-22,4.195,4.2,4.195,4.2,1400
2021-11-22,4.2,4.21,4.18,4.18,3254
2021-11-22,4.185,4.185,4.165,4.165,700
2021-11-22,4.165,4.17,4.165,4.165,1200
2021-11-22,4.165,4.175,4.165,4.175,700
2021-11-22,4.175,4.195,4.175,4.195,1239
2021-11-22,4.195,4.2,4.195,4.2,1011
2021-11-22,4.205,4.215,4.205,4.21,2900
2021-11-22,4.205,4.205,4.205,4.205,600
2021-11-22,4.21,4.225,4.21,4.22,2378
2021-11-22,4.225,4.225,4.22,4.225,1474
2021-11-22,4.225,4.23,4.225,4.225,600
2021-11-22,4.225,4.225,4.225,4.225,700
2021-11-22,4.225,4.225,4.205,4.205,2100
2021-11-22,4.205,4.205,4.205,4.205,269
2021-11-22,4.205,4.215,4.205,4.215,1100
2021-11-22,4.205,4.205,4.205,4.205,1000
2021-11-22,4.215,4.22,4.215,4.215,1287
2021-11-22,4.225,4.225,4.215,4.215,601
2021-11-22,4.215,4.23,4.215,4.225,1500
2021-11-22,4.225,4.225,4.225,4.225,322
2021-11-22,4.215,4.22,4.215,4.215,1200
2021-11-22,4.215,4.215,4.195,4.195,1800
2021-11-22,4.2,4.205,4.2,4.205,500
2021-11-22,4.205,4.205,4.205,4.205,1300
2021-11-22,4.205,4.21,4.205,4.205,490
2021-11-22,4.205,4.21,4.205,4.205,1201
2021-11-22,4.2,4.21,4.2,4.21,1400
2021-11-22,4.215,4.22,4.215,4.22,1100
2021-11-22,4.22,4.22,4.175,4.175,2700
2021-11-22,4.17,4.17,4.165,4.165,2500
2021-11-22,4.16,4.17,4.145,4.15,7084
2021-11-22,4.15,4.15,4.135,4.135,1000
2021-11-22,4.145,4.145,4.14,4.145,1300
2021-11-22,4.155,4.155,4.155,4.155,600
2021-11-22,4.175,4.175,4.17,4.17,940
2021-11-22,4.17,4.17,4.155,4.155,1515
2021-11-22,4.155,4.155,4.155,4.155,250
2021-11-22,4.155,4.165,4.14,4.14,4600
2021-11-22,4.145,4.145,4.1,4.12,11397
2021-11-22,4.11,4.12,4.105,4.12,2917
2021-11-22,4.13,4.15,4.13,4.145,2100
2021-11-22,4.14,4.14,4.135,4.135,702
2021-11-22,4.135,4.135,4.135,4.135,600
2021-11-22,4.145,4.145,4.145,4.145,1200
2021-11-22,4.145,4.145,4.145,4.145,800
2021-11-22,4.155,4.155,4.145,4.145,709
2021-11-22,4.155,4.155,4.155,4.155,500
2021-11-22,4.16,4.16,4.155,4.16,1300
2021-11-22,4.155,4.165,4.155,4.165,1000
2021-11-22,4.165,4.165,4.155,4.155,901
2021-11-22,4.155,4.155,4.15,4.155,2400
2021-11-22,4.155,4.155,4.14,4.14,6500
2021-11-22,4.135,4.135,4.135,4.135,600
2021-11-22,4.135,4.135,4.135,4.135,1800
2021-11-22,4.14,4.145,4.14,4.14,800
2021-11-22,4.14,4.14,4.13,4.13,400
2021-11-22,4.125,4.125,4.115,4.115,1647
2021-11-22,4.115,4.115,4.115,4.115,800
2021-11-22,4.115,4.12,4.11,4.11,1456
2021-11-22,4.11,4.11,4.11,4.11,201
2021-11-22,4.115,4.115,4.105,4.105,1100
2021-11-22,4.105,4.115,4.105,4.115,2600
2021-11-22,4.11,4.115,4.09,4.09,4400
2021-11-22,4.095,4.095,4.075,4.08,2100
2021-11-22,4.085,4.085,4.075,4.075,700
2021-11-22,4.075,4.075,4.07,4.07,1282
2021-11-22,4.065,4.075,4.065,4.075,2173
2021-11-22,4.075,4.08,4.065,4.065,1614
2021-11-22,4.065,4.075,4.065,4.075,3650
2021-11-22,4.075,4.085,4.075,4.085,2583
2021-11-22,4.085,4.09,4.085,4.09,1000
2021-11-22,4.11,4.115,4.11,4.11,2190
2021-11-22,4.11,4.11,4.105,4.11,801
2021-11-22,4.105,4.11,4.105,4.105,900
2021-11-22,4.105,4.105,4.105,4.105,1000
2021-11-22,4.105,4.105,4.105,4.105,100
2021-11-22,4.105,4.11,4.105,4.11,800
2021-11-22,4.115,4.12,4.115,4.115,1400
2021-11-22,4.115,4.12,4.115,4.115,1400
2021-11-22,4.11,4.115,4.11,4.11,801
2021-11-22,4.115,4.115,4.115,4.115,1000
2021-11-22,4.115,4.115,4.115,4.115,1101
2021-11-22,4.115,4.115,4.115,4.115,800
2021-11-22,4.115,4.115,4.11,4.11,1901
2021-11-22,4.1,4.1,4.1,4.1,270
2021-11-22,4.09,4.09,4.085,4.085,1500
2021-11-22,4.085,4.085,4.085,4.085,700
2021-11-22,4.08,4.08,4.08,4.08,1000
2021-11-22,4.08,4.08,4.07,4.07,300
2021-11-22,4.06,4.06,4.045,4.045,4415
2021-11-22,4.05,4.05,4.045,4.05,1500
2021-11-22,4.055,4.055,4.055,4.055,1032
2021-11-22,4.065,4.065,4.065,4.065,1000
2021-11-22,4.07,4.07,4.07,4.07,100
2021-11-22,4.075,4.075,4.075,4.075,331
2021-11-22,4.075,4.075,4.07,4.07,300
2021-11-22,4.065,4.065,4.055,4.065,2700
2021-11-22,4.065,4.065,4.055,4.06,810
2021-11-22,4.055,4.055,4.05,4.05,301
2021-11-22,4.05,4.055,4.04,4.04,2313
2021-11-22,4.045,4.045,4.045,4.045,1500
2021-11-22,4.04,4.04,4.03,4.03,1652
2021-11-22,4.02,4.02,4.015,4.015,1400
2021-11-22,4.01,4.01,3.99,4,3660
2021-11-22,4.01,4.015,4.01,4.015,1282
2021-11-22,4.035,4.04,4.03,4.04,2831
2021-11-22,4.035,4.035,4.03,4.03,6000
2021-11-22,4.025,4.025,4.025,4.025,3597
2021-11-22,4.035,4.035,4.03,4.03,1200
2021-11-22,4.03,4.03,4.03,4.03,500
2021-11-22,4.025,4.025,4.01,4.01,2524
2021-11-22,4.025,4.025,4.025,4.025,200
2021-11-22,4.015,4.015,3.985,3.985,1338
2021-11-22,3.985,3.99,3.985,3.985,1200
2021-11-22,3.985,3.985,3.985,3.985,700
2021-11-22,3.985,3.985,3.98,3.98,700
2021-11-22,3.985,3.985,3.98,3.98,1875
2021-11-22,3.975,4.01,3.97,4.01,4810
2021-11-22,4.025,4.03,4.025,4.025,1000
2021-11-22,4.025,4.025,4.015,4.02,1200
2021-11-22,4.025,4.03,4.02,4.02,700
2021-11-22,4.015,4.02,4.005,4.005,2504
2021-11-22,3.995,3.995,3.985,3.995,1410
2021-11-22,4,4.005,3.995,4.005,1200
2021-11-22,4.01,4.01,4.01,4.01,218
2021-11-22,4.005,4.005,3.985,3.985,1500
2021-11-22,3.995,4,3.995,4,750
2021-11-22,3.995,3.995,3.99,3.995,1000
2021-11-22,3.98,3.985,3.98,3.985,1900
2021-11-22,4,4.005,4,4.005,300
2021-11-22,4,4,3.99,3.99,1320
2021-11-22,3.995,4,3.99,3.99,1700
2021-11-22,3.99,4,3.99,4,1100
2021-11-22,4.005,4.005,4.005,4.005,336
2021-11-22,4.005,4.005,4,4,3964
2021-11-22,4,4,4,4,200
2021-11-22,4,4,4,4,190
2021-11-22,4.005,4.005,4.005,4.005,1900
2021-11-22,4.015,4.02,4.01,4.01,2000
2021-11-22,4.015,4.015,4.01,4.01,800
2021-11-22,4.005,4.01,4.005,4.01,1300
2021-11-22,4.01,4.01,4.005,4.005,1200
2021-11-22,4.015,4.02,4.015,4.02,1111
2021-11-22,4.025,4.04,4.025,4.04,600
2021-11-22,4.035,4.035,4.035,4.035,600
2021-11-22,4.05,4.05,4.045,4.045,946
2021-11-22,4.05,4.05,4.045,4.045,1332
2021-11-22,4.045,4.045,4.045,4.045,1200
2021-11-22,4.05,4.05,4.045,4.05,1500
2021-11-22,4.06,4.06,4.055,4.055,700
2021-11-22,4.055,4.055,4.055,4.055,1510
2021-11-22,4.055,4.055,4.05,4.05,700
2021-11-22,4.055,4.06,4.055,4.06,1201
2021-11-22,4.055,4.055,4.04,4.04,1126
2021-11-22,4.04,4.04,4.04,4.04,500
2021-11-22,4.035,4.035,4.035,4.035,207
2021-11-22,4.035,4.055,4.035,4.055,3682
2021-11-22,4.07,4.075,4.07,4.075,900
2021-11-22,4.08,4.09,4.08,4.085,800
2021-11-22,4.08,4.08,4.075,4.08,1300
2021-11-22,4.075,4.08,4.075,4.08,1000
2021-11-22,4.08,4.08,4.075,4.075,1100
2021-11-22,4.075,4.08,4.075,4.075,900
2021-11-22,4.075,4.08,4.075,4.08,600
2021-11-22,4.085,4.085,4.085,4.085,100
2021-11-22,4.075,4.075,4.075,4.075,100
2021-11-22,4.07,4.07,4.07,4.07,130
2021-11-22,4.05,4.05,4.05,4.05,200
2021-11-22,4.055,4.055,4.055,4.055,2800
2021-11-22,4.055,4.055,4.055,4.055,500
2021-11-22,4.05,4.05,4.04,4.045,4310
2021-11-22,4.045,4.05,4.045,4.045,1575
2021-11-22,4.05,4.075,4.05,4.075,1550
2021-11-22,4.075,4.075,4.075,4.075,700
2021-11-22,4.085,4.085,4.085,4.085,600
2021-11-22,4.085,4.085,4.065,4.065,900
2021-11-22,4.065,4.065,4.065,4.065,500
2021-11-22,4.075,4.075,4.075,4.075,100
2021-11-22,4.075,4.075,4.065,4.065,1200
2021-11-22,4.065,4.065,4.065,4.065,100
2021-11-22,4.065,4.065,4.065,4.065,100
2021-11-22,4.065,4.065,4.06,4.06,300
2021-11-22,4.065,4.065,4.065,4.065,1800
2021-11-22,4.065,4.08,4.065,4.08,1400
2021-11-22,4.08,4.08,4.07,4.07,400
2021-11-22,4.065,4.09,4.065,4.09,900
2021-11-22,4.095,4.095,4.095,4.095,800
2021-11-22,4.09,4.095,4.085,4.09,955
2021-11-22,4.095,4.095,4.095,4.095,600
2021-11-22,4.095,4.095,4.095,4.095,1600
2021-11-22,4.095,4.095,4.095,4.095,600
2021-11-22,4.095,4.095,4.095,4.095,100
2021-11-22,4.095,4.095,4.095,4.095,1600
2021-11-22,4.095,4.095,4.095,4.095,600
2021-11-22,4.095,4.095,4.095,4.095,700
2021-11-22,4.095,4.095,4.095,4.095,700
2021-11-22,4.095,4.095,4.095,4.095,700
2021-11-22,4.095,4.095,4.095,4.095,600
2021-11-22,4.095,4.095,4.095,4.095,600
2021-11-22,4.09,4.09,4.09,4.09,400
2021-11-22,4.08,4.08,4.08,4.08,200
2021-11-22,4.085,4.085,4.085,4.085,600
2021-11-22,4.085,4.085,4.085,4.085,3100
2021-11-22,4.085,4.085,4.085,4.085,1200
2021-11-22,4.085,4.09,4.085,4.09,867
2021-11-22,4.095,4.095,4.095,4.095,540
2021-11-22,4.095,4.095,4.095,4.095,800
2021-11-22,4.09,4.09,4.09,4.09,100
2021-11-22,4.085,4.09,4.085,4.09,1300
2021-11-22,4.09,4.09,4.09,4.09,100
2021-11-22,4.085,4.085,4.085,4.085,1700
2021-11-22,4.085,4.085,4.085,4.085,1600
2021-11-22,4.085,4.085,4.085,4.085,107
2021-11-22,4.085,4.085,4.085,4.085,100
2021-11-22,4.085,4.085,4.085,4.085,3800
2021-11-22,4.085,4.085,4.085,4.085,400
2021-11-22,4.085,4.085,4.085,4.085,100
2021-11-22,4.085,4.085,4.085,4.085,401
2021-11-22,4.085,4.085,4.085,4.085,300
2021-11-22,4.085,4.105,4.085,4.105,6122
2021-11-22,4.105,4.105,4.105,4.105,1700
2021-11-22,4.105,4.105,4.1,4.105,2685
2021-11-22,4.095,4.095,4.095,4.095,700
2021-11-22,4.095,4.095,4.095,4.095,100
2021-11-22,4.09,4.09,4.09,4.09,1203
2021-11-22,4.09,4.095,4.085,4.085,1100
2021-11-22,4.085,4.085,4.085,4.085,351
2021-11-22,4.1,4.1,4.095,4.095,9000
2021-11-22,4.095,4.095,4.095,4.095,201
2021-11-22,4.095,4.095,4.095,4.095,634
2021-11-22,4.095,4.095,4.095,4.095,100
2021-11-22,4.095,4.095,4.095,4.095,200
2021-11-22,4.095,4.095,4.095,4.095,909
2021-11-22,4.095,4.095,4.09,4.095,1150
2021-11-22,4.095,4.095,4.095,4.095,2837
2021-11-22,4.095,4.095,4.095,4.095,100
2021-11-22,4.09,4.09,4.09,4.09,100
2021-11-22,4.095,4.1,4.095,4.095,4900
2021-11-22,4.095,4.095,4.095,4.095,600
2021-11-22,4.1,4.1,4.095,4.095,1400
2021-11-22,4.095,4.095,4.095,4.095,700
2021-11-22,4.095,4.095,4.095,4.095,100
2021-11-22,4.095,4.095,4.095,4.095,600
2021-11-22,4.095,4.095,4.09,4.09,2228
2021-11-22,4.08,4.08,4.075,4.08,2200
2021-11-22,4.085,4.085,4.08,4.08,716
2021-11-22,4.08,4.08,4.075,4.075,1454
2021-11-22,4.075,4.075,4.07,4.07,300
2021-11-22,4.065,4.065,4.055,4.055,8283
2021-11-22,4.055,4.055,4.055,4.055,1000
2021-11-22,4.055,4.055,4.055,4.055,1300
2021-11-22,4.055,4.055,4.055,4.055,1900
2021-11-22,4.055,4.055,4.055,4.055,700
2021-11-22,4.055,4.055,4.05,4.05,200
2021-11-22,4.04,4.04,4.025,4.025,2804
2021-11-22,4.025,4.035,4.025,4.035,3700
2021-11-22,4.045,4.045,4.045,4.045,2100
2021-11-22,4.045,4.045,4.045,4.045,700
2021-11-22,4.075,4.075,4.075,4.075,900
2021-11-22,4.075,4.075,4.075,4.075,900
2021-11-22,4.075,4.075,4.075,4.075,300
2021-11-22,4.065,4.07,4.065,4.065,2950
2021-11-22,4.07,4.07,4.065,4.07,2439
2021-11-22,4.075,4.075,4.075,4.075,300
2021-11-22,4.075,4.075,4.075,4.075,1522
2021-11-22,4.07,4.07,4.07,4.07,200
2021-11-22,4.075,4.075,4.075,4.075,101
2021-11-22,4.075,4.075,4.075,4.075,100
2021-11-22,4.07,4.075,4.07,4.075,3901
2021-11-22,4.075,4.075,4.075,4.075,600
2021-11-22,4.07,4.07,4.07,4.07,300
2021-11-22,4.06,4.06,4.06,4.06,100
2021-11-22,4.065,4.07,4.065,4.065,4026
2021-11-22,4.075,4.075,4.075,4.075,700
2021-11-22,4.085,4.085,4.085,4.085,500
2021-11-22,4.085,4.085,4.085,4.085,500
2021-11-22,4.085,4.1,4.085,4.1,2183
2021-11-22,4.1,4.115,4.1,4.115,1100
2021-11-22,4.11,4.11,4.105,4.11,1960
2021-11-22,4.105,4.105,4.105,4.105,2180
2021-11-22,4.105,4.115,4.105,4.115,2354
2021-11-22,4.115,4.115,4.105,4.105,2402
2021-11-22,4.105,4.125,4.105,4.125,798
2021-11-22,4.135,4.135,4.13,4.13,805
2021-11-22,4.135,4.135,4.125,4.125,1475
2021-11-22,4.125,4.125,4.125,4.125,600
2021-11-22,4.125,4.125,4.125,4.125,631
2021-11-22,4.125,4.125,4.125,4.125,911
2021-11-22,4.13,4.135,4.13,4.135,2160
2021-11-22,4.135,4.135,4.135,4.135,500
2021-11-22,4.135,4.135,4.135,4.135,630
2021-11-22,4.135,4.135,4.135,4.135,600
2021-11-22,4.135,4.135,4.135,4.135,1000
2021-11-22,4.135,4.135,4.135,4.135,600
2021-11-22,4.135,4.135,4.135,4.135,800
2021-11-22,4.135,4.135,4.135,4.135,1100
2021-11-22,4.135,4.135,4.13,4.13,399
2021-11-22,4.125,4.14,4.125,4.14,5382
2021-11-22,4.14,4.14,4.14,4.14,300
2021-11-22,4.135,4.135,4.135,4.135,507
2021-11-22,4.13,4.13,4.13,4.13,111
2021-11-22,4.135,4.135,4.135,4.135,1204
2021-11-22,4.135,4.155,4.135,4.155,2596
2021-11-22,4.155,4.165,4.155,4.165,600
2021-11-22,4.165,4.165,4.165,4.165,1172
2021-11-22,4.165,4.165,4.16,4.16,3098
2021-11-22,4.165,4.17,4.16,4.165,7300
2021-11-22,4.17,4.17,4.165,4.165,5278
2021-11-22,4.165,4.165,4.165,4.165,1100
2021-11-22,4.17,4.17,4.155,4.155,5629
2021-11-22,4.15,4.15,4.135,4.135,3183
2021-11-22,4.135,4.14,4.13,4.13,2595
2021-11-22,4.12,4.12,4.12,4.12,1200
2021-11-22,4.12,4.12,4.12,4.12,1066
2021-11-22,4.12,4.12,4.12,4.12,638
2021-11-22,4.12,4.12,4.12,4.12,2900
2021-11-22,4.12,4.12,4.12,4.12,9848
2021-11-22,4.115,4.115,4.115,4.115,180
2021-11-22,4.11,4.115,4.11,4.115,3484
2021-11-22,4.115,4.115,4.105,4.11,3169
2021-11-22,4.1,4.1,4.1,4.1,800
2021-11-22,4.105,4.105,4.105,4.105,302
2021-11-22,4.105,4.105,4.105,4.105,322
2021-11-22,4.105,4.105,4.105,4.105,426
2021-11-22,4.105,4.105,4.095,4.1,4603
2021-11-22,4.1,4.1,4.1,4.1,1583
2021-11-22,4.1,4.1,4.095,4.095,2423
2021-11-22,4.095,4.095,4.09,4.09,415
2021-11-22,4.09,4.095,4.08,4.09,4928
2021-11-23,4.06,4.06,4.06,4.06,773
2021-11-23,4.05,4.09,4.05,4.09,800
2021-11-23,4.07,4.07,4.07,4.07,1618
2021-11-23,4.11,4.13,4.11,4.13,900
2021-11-23,4.17,4.18,4.16,4.16,900
2021-11-23,4.145,4.145,4.145,4.145,100
2021-11-23,4.14,4.15,4.14,4.15,801
2021-11-23,4.16,4.16,4.13,4.13,517
2021-11-23,4.15,4.15,4.15,4.15,400
2021-11-23,4.15,4.16,4.15,4.15,750
2021-11-23,4.16,4.16,4.16,4.16,100
2021-11-23,4.18,4.18,4.165,4.165,712
2021-11-23,4.165,4.175,4.165,4.17,2088
2021-11-23,4.15,4.165,4.15,4.165,2216
2021-11-23,4.15,4.15,4.13,4.13,1650
2021-11-23,4.12,4.12,4.12,4.12,268
2021-11-23,4.15,4.15,4.15,4.15,505
2021-11-23,4.165,4.165,4.165,4.165,800
2021-11-23,4.18,4.185,4.18,4.185,508
2021-11-23,4.18,4.18,4.17,4.17,200
2021-11-23,4.17,4.175,4.14,4.14,7800
2021-11-23,4.14,4.14,4.14,4.14,188
2021-11-23,4.15,4.19,4.15,4.185,1588
2021-11-23,4.17,4.175,4.16,4.16,1442
2021-11-23,4.16,4.16,4.15,4.155,700
2021-11-23,4.135,4.135,4.13,4.13,400
2021-11-23,4.12,4.12,4.12,4.12,1033
2021-11-23,4.14,4.15,4.14,4.15,312
2021-11-23,4.15,4.15,4.125,4.125,1848
2021-11-23,4.125,4.13,4.11,4.11,498
2021-11-23,4.105,4.105,4.08,4.08,1600
2021-11-23,4.075,4.075,4.075,4.075,100
2021-11-23,4.095,4.095,4.095,4.095,287
2021-11-23,4.09,4.09,4.09,4.09,3892
2021-11-23,4.1,4.1,4.1,4.1,155
2021-11-23,4.1,4.1,4.1,4.1,227
2021-11-23,4.09,4.09,4.09,4.09,100
2021-11-23,4.08,4.09,4.08,4.09,464
2021-11-23,4.085,4.09,4.085,4.09,200
2021-11-23,4.1,4.1,4.09,4.09,300
2021-11-23,4.09,4.09,4.07,4.07,796
2021-11-23,4.07,4.07,4.06,4.06,6802
2021-11-23,4.06,4.06,4.06,4.06,900
2021-11-23,4.06,4.06,4.04,4.04,1274
2021-11-23,4.04,4.04,4.04,4.04,400
2021-11-23,4.065,4.065,4.065,4.065,200
2021-11-23,4.08,4.08,4.08,4.08,110
2021-11-23,4.08,4.085,4.08,4.085,300
2021-11-23,4.075,4.075,4.075,4.075,193
2021-11-23,4.07,4.07,4.07,4.07,400
2021-11-23,4.07,4.07,4.06,4.06,600
2021-11-23,4.05,4.05,4.03,4.03,1278
2021-11-23,4.03,4.03,4.02,4.02,2151
2021-11-23,4.02,4.02,4.02,4.02,1159
2021-11-23,4.02,4.03,4.02,4.03,386
2021-11-23,4.03,4.03,4.03,4.03,117
2021-11-23,4.055,4.055,4.05,4.05,1115
2021-11-23,4.05,4.05,4.045,4.045,200
2021-11-23,4.045,4.045,4.04,4.04,300
2021-11-23,4.065,4.065,4.065,4.065,200
2021-11-23,4.08,4.08,4.08,4.08,100
2021-11-23,4.08,4.08,4.08,4.08,107
2021-11-23,4.07,4.07,4.07,4.07,179
2021-11-23,4.06,4.06,4.06,4.06,100
2021-11-23,4.05,4.05,4.05,4.05,103
2021-11-23,4.05,4.05,4.05,4.05,102
2021-11-23,4.04,4.04,4.04,4.04,100
2021-11-23,4.03,4.03,4.03,4.03,200
2021-11-23,4.02,4.02,4.02,4.02,1100
2021-11-23,4.02,4.02,4.02,4.02,107
2021-11-23,4,4,4,4,104
2021-11-23,4,4,4,4,100
2021-11-23,4,4,4,4,200
2021-11-23,4.02,4.02,4.02,4.02,100
2021-11-23,4.01,4.015,4.005,4.01,1300
2021-11-23,4.005,4.01,4.005,4.005,634
2021-11-23,4.01,4.01,4.01,4.01,100
2021-11-23,4.005,4.01,4.005,4.01,600
2021-11-23,4.04,4.04,4.04,4.04,100
2021-11-23,4.03,4.03,4.03,4.03,257
2021-11-23,4.03,4.03,4.03,4.03,400
2021-11-23,4.015,4.015,4.015,4.015,200
2021-11-23,4.03,4.03,4.03,4.03,100
2021-11-23,4.025,4.025,4.025,4.025,100
2021-11-23,4.02,4.02,4.02,4.02,100
2021-11-23,4.015,4.03,4.015,4.03,300
2021-11-23,4.03,4.03,4.03,4.03,200
2021-11-23,4.025,4.03,4.025,4.03,409
2021-11-23,4.06,4.06,4.05,4.05,1000
2021-11-23,4.04,4.04,4.04,4.04,104
2021-11-23,4.025,4.025,4.025,4.025,200
2021-11-23,4.02,4.02,4.02,4.02,200
2021-11-23,4.02,4.02,4.02,4.02,700
2021-11-23,4.02,4.03,4.02,4.03,200
2021-11-23,4.04,4.04,4.04,4.04,100
2021-11-23,4.025,4.025,4.025,4.025,200
2021-11-23,4.03,4.03,4.03,4.03,236
2021-11-23,4.025,4.025,4.025,4.025,200
2021-11-23,4.02,4.02,4.02,4.02,100
2021-11-23,4.04,4.04,4.04,4.04,147
2021-11-23,4.04,4.06,4.04,4.06,500
2021-11-23,4.055,4.055,4.055,4.055,100
2021-11-23,4.055,4.055,4.05,4.055,1171
2021-11-23,4.05,4.05,4.045,4.045,4500
2021-11-23,4.045,4.045,4.045,4.045,700
2021-11-23,4.045,4.045,4.045,4.045,500
2021-11-23,4.045,4.045,4.045,4.045,800
2021-11-23,4.045,4.045,4.045,4.045,200
2021-11-23,4.045,4.045,4.045,4.045,200
2021-11-23,4.05,4.05,4.045,4.045,387
2021-11-23,4.045,4.045,4.045,4.045,817
2021-11-23,4.04,4.04,4.04,4.04,400
2021-11-23,4.035,4.035,4.035,4.035,1800
2021-11-23,4.045,4.045,4.045,4.045,2000
2021-11-23,4.045,4.045,4.045,4.045,2450
2021-11-23,4.045,4.05,4.045,4.05,1800
2021-11-23,4.07,4.07,4.07,4.07,100
2021-11-23,4.06,4.06,4.06,4.06,1973
2021-11-23,4.06,4.06,4.055,4.055,300
2021-11-23,4.055,4.055,4.05,4.05,1300
2021-11-23,4.05,4.05,4.045,4.05,1700
2021-11-23,4.05,4.05,4.045,4.045,1550
2021-11-23,4.05,4.05,4.05,4.05,100
2021-11-23,4.05,4.05,4.05,4.05,400
2021-11-23,4.05,4.05,4.05,4.05,606
2021-11-23,4.05,4.05,4.05,4.05,251
2021-11-23,4.045,4.045,4.045,4.045,3147
2021-11-23,4.045,4.045,4.045,4.045,100
2021-11-23,4.055,4.055,4.055,4.055,200
2021-11-23,4.065,4.065,4.065,4.065,500
2021-11-23,4.065,4.065,4.065,4.065,1200
2021-11-23,4.065,4.07,4.065,4.07,457
2021-11-23,4.07,4.075,4.07,4.07,2200
2021-11-23,4.08,4.08,4.08,4.08,326
2021-11-23,4.07,4.07,4.07,4.07,100
2021-11-23,4.065,4.07,4.065,4.07,2800
2021-11-23,4.065,4.065,4.065,4.065,100
2021-11-23,4.065,4.07,4.065,4.07,1899
2021-11-23,4.07,4.07,4.07,4.07,100
2021-11-23,4.055,4.055,4.055,4.055,100
2021-11-23,4.055,4.055,4.055,4.055,400
2021-11-23,4.06,4.06,4.06,4.06,154
2021-11-23,4.065,4.065,4.065,4.065,300
2021-11-23,4.065,4.065,4.065,4.065,200
2021-11-23,4.07,4.07,4.07,4.07,200
2021-11-23,4.08,4.08,4.08,4.08,400
2021-11-23,4.09,4.09,4.09,4.09,200
2021-11-23,4.08,4.08,4.075,4.075,412
2021-11-23,4.06,4.06,4.06,4.06,400
2021-11-23,4.055,4.06,4.055,4.055,1377
2021-11-23,4.06,4.06,4.06,4.06,100
2021-11-23,4.075,4.075,4.075,4.075,200
2021-11-23,4.075,4.075,4.065,4.065,1448
2021-11-23,4.06,4.06,4.06,4.06,300
2021-11-23,4.06,4.06,4.055,4.055,488
2021-11-23,4.06,4.06,4.055,4.06,8334
2021-11-23,4.06,4.06,4.06,4.06,600
2021-11-23,4.055,4.055,4.045,4.045,4100
2021-11-23,4.04,4.04,4.03,4.03,500
2021-11-23,4.03,4.03,4.025,4.025,300
2021-11-23,4.025,4.025,4.025,4.025,500
2021-11-23,4.025,4.025,4.02,4.025,500
2021-11-23,4.02,4.02,4.02,4.02,100
2021-11-23,4.01,4.01,4.01,4.01,100
2021-11-23,4.01,4.01,4.01,4.01,200
2021-11-23,4,4,4,4,2000
2021-11-23,4.005,4.005,4.005,4.005,400
2021-11-23,4.02,4.02,4.015,4.015,1606
2021-11-23,4.005,4.005,4.005,4.005,626
2021-11-23,4.005,4.01,4.005,4.01,500
2021-11-23,4.01,4.01,4.01,4.01,400
2021-11-23,4,4,4,4,100
2021-11-23,4,4,3.98,3.98,800
2021-11-23,3.985,3.995,3.985,3.995,600
2021-11-23,3.985,3.985,3.985,3.985,100
2021-11-23,3.975,3.975,3.975,3.975,200
2021-11-23,3.965,3.965,3.96,3.965,1000
2021-11-23,3.975,3.98,3.975,3.98,1125
2021-11-23,3.98,3.98,3.98,3.98,200
2021-11-23,3.975,3.975,3.975,3.975,500
2021-11-23,3.975,3.975,3.975,3.975,100
2021-11-23,3.975,3.98,3.975,3.98,600
2021-11-23,3.985,3.985,3.985,3.985,300
2021-11-23,3.985,3.985,3.985,3.985,600
2021-11-23,3.99,3.99,3.99,3.99,800
2021-11-23,3.985,3.985,3.985,3.985,300
2021-11-23,3.98,3.98,3.98,3.98,2800
2021-11-23,3.985,3.985,3.985,3.985,100
2021-11-23,3.995,3.995,3.995,3.995,100
2021-11-23,4,4.01,4,4.01,976
2021-11-23,4.01,4.01,4.01,4.01,100
2021-11-23,3.99,3.99,3.98,3.98,300
2021-11-23,3.98,3.98,3.98,3.98,366
2021-11-23,3.98,3.98,3.98,3.98,200
2021-11-23,3.98,3.98,3.98,3.98,300
2021-11-23,3.985,3.985,3.985,3.985,100
2021-11-23,3.975,3.975,3.975,3.975,314
2021-11-23,3.975,3.98,3.97,3.975,5300
2021-11-23,3.965,3.97,3.965,3.965,1200
2021-11-23,3.96,3.96,3.94,3.94,400
2021-11-23,3.94,3.94,3.94,3.94,400
2021-11-23,3.93,3.94,3.93,3.94,1100
2021-11-23,3.93,3.93,3.925,3.925,4300
2021-11-23,3.94,3.945,3.935,3.935,1631
2021-11-23,3.935,3.935,3.935,3.935,1000
2021-11-23,3.925,3.95,3.925,3.95,3371
2021-11-23,3.95,3.95,3.95,3.95,2134
2021-11-23,3.945,3.945,3.945,3.945,800
2021-11-23,3.94,3.94,3.93,3.935,1404
2021-11-23,3.925,3.925,3.92,3.92,2589
2021-11-23,3.915,3.915,3.91,3.91,300
2021-11-23,3.91,3.93,3.91,3.93,3700
2021-11-23,3.94,3.94,3.94,3.94,344
2021-11-23,3.93,3.93,3.93,3.93,100
2021-11-23,3.91,3.91,3.91,3.91,400
2021-11-23,3.93,3.93,3.93,3.93,206
2021-11-23,3.915,3.915,3.91,3.91,300
2021-11-23,3.91,3.91,3.91,3.91,1300
2021-11-23,3.91,3.91,3.91,3.91,1200
2021-11-23,3.91,3.91,3.91,3.91,200
2021-11-23,3.905,3.915,3.905,3.915,1350
2021-11-23,3.91,3.91,3.905,3.91,700
2021-11-23,3.93,3.93,3.93,3.93,1200
2021-11-23,3.93,3.93,3.91,3.91,1500
2021-11-23,3.92,3.92,3.92,3.92,305
2021-11-23,3.915,3.915,3.915,3.915,100
2021-11-23,3.92,3.92,3.92,3.92,227
2021-11-23,3.915,3.915,3.915,3.915,199
2021-11-23,3.92,3.92,3.92,3.92,1200
2021-11-23,3.91,3.91,3.91,3.91,100
2021-11-23,3.96,3.96,3.96,3.96,400
2021-11-23,3.95,3.95,3.95,3.95,100
2021-11-23,3.96,3.96,3.96,3.96,1282
2021-11-23,3.96,3.99,3.96,3.99,3555
2021-11-23,3.98,3.98,3.98,3.98,100
2021-11-23,3.975,3.975,3.975,3.975,309
2021-11-23,3.965,3.965,3.965,3.965,700
2021-11-23,3.965,3.965,3.96,3.96,329
2021-11-23,3.955,3.955,3.955,3.955,500
2021-11-23,3.955,3.955,3.955,3.955,200
2021-11-23,3.955,3.955,3.955,3.955,100
2021-11-23,3.955,3.955,3.955,3.955,100
2021-11-23,3.955,3.955,3.955,3.955,100
2021-11-23,3.96,3.97,3.96,3.97,1332
2021-11-23,3.98,3.98,3.98,3.98,600
2021-11-23,3.97,3.97,3.97,3.97,100
2021-11-23,3.96,3.965,3.96,3.965,400
2021-11-23,3.98,3.98,3.975,3.975,531
2021-11-23,3.975,3.975,3.975,3.975,400
2021-11-23,3.965,3.965,3.965,3.965,200
2021-11-23,3.96,3.96,3.96,3.96,894
2021-11-23,3.96,3.96,3.95,3.95,3300
2021-11-23,3.945,3.945,3.945,3.945,400
2021-11-23,3.935,3.945,3.935,3.94,1223
2021-11-23,3.935,3.935,3.93,3.935,1134
2021-11-23,3.925,3.935,3.925,3.935,1364
2021-11-23,3.935,3.95,3.935,3.94,1907
2021-11-23,3.955,3.955,3.955,3.955,117
2021-11-23,3.945,3.945,3.945,3.945,1400
2021-11-23,3.95,3.95,3.95,3.95,400
2021-11-23,3.95,3.95,3.95,3.95,200
2021-11-23,3.95,3.95,3.95,3.95,624
2021-11-23,3.945,3.945,3.945,3.945,200
2021-11-23,3.95,3.95,3.95,3.95,100
2021-11-23,3.96,3.96,3.96,3.96,3143
2021-11-23,3.96,3.96,3.96,3.96,509
2021-11-23,3.96,3.96,3.96,3.96,2382
2021-11-23,3.96,3.975,3.955,3.97,5914
2021-11-24,3.76,3.76,3.76,3.76,100
2021-11-24,3.77,3.77,3.77,3.77,100
2021-11-24,3.77,3.77,3.77,3.77,100
2021-11-24,3.77,3.77,3.77,3.77,100
2021-11-24,3.78,3.78,3.78,3.78,100
2021-11-24,3.78,3.78,3.78,3.78,100
2021-11-24,3.79,3.79,3.79,3.79,100
2021-11-24,3.76,3.76,3.76,3.76,100
2021-11-24,3.76,3.76,3.76,3.76,100
2021-11-24,3.77,3.77,3.77,3.77,100
2021-11-24,3.78,3.78,3.78,3.78,100
2021-11-24,3.74,3.74,3.74,3.74,101
2021-11-24,3.75,3.75,3.75,3.75,100
2021-11-24,3.72,3.72,3.72,3.72,100
2021-11-24,3.71,3.72,3.71,3.72,300
2021-11-24,3.69,3.69,3.69,3.69,100
2021-11-24,3.68,3.7,3.68,3.7,400
2021-11-24,3.71,3.71,3.71,3.71,100
2021-11-24,3.72,3.72,3.72,3.72,200
2021-11-24,3.69,3.7,3.69,3.7,200
2021-11-24,3.71,3.71,3.71,3.71,100
2021-11-24,3.68,3.68,3.68,3.68,336
2021-11-24,3.67,3.67,3.67,3.67,175
2021-11-24,3.73,3.74,3.67,3.67,1624
2021-11-24,3.69,3.69,3.69,3.69,100
2021-11-24,3.72,3.72,3.72,3.72,100
2021-11-24,3.68,3.7,3.68,3.7,300
2021-11-24,3.69,3.695,3.61,3.61,10038
2021-11-24,3.62,3.635,3.62,3.63,3107
2021-11-24,3.62,3.62,3.58,3.58,8140
2021-11-24,3.59,3.595,3.58,3.585,7450
2021-11-24,3.605,3.605,3.605,3.605,7420
2021-11-24,3.635,3.67,3.63,3.67,5000
2021-11-24,3.67,3.69,3.67,3.68,4050
2021-11-24,3.67,3.69,3.67,3.69,2900
2021-11-24,3.69,3.715,3.69,3.71,2640
2021-11-24,3.705,3.715,3.7,3.715,1300
2021-11-24,3.71,3.715,3.7,3.7,4400
2021-11-24,3.7,3.705,3.68,3.69,2800
2021-11-24,3.68,3.68,3.655,3.655,2300
2021-11-24,3.645,3.675,3.645,3.655,3020
2021-11-24,3.66,3.69,3.66,3.69,2451
2021-11-24,3.705,3.715,3.705,3.715,4910
2021-11-24,3.715,3.715,3.71,3.715,4151
2021-11-24,3.75,3.77,3.75,3.765,3630
2021-11-24,3.77,3.79,3.76,3.785,2400
2021-11-24,3.79,3.79,3.775,3.775,1833
2021-11-24,3.775,3.8,3.775,3.785,3535
2021-11-24,3.795,3.8,3.795,3.795,1410
2021-11-24,3.805,3.82,3.805,3.82,2884
2021-11-24,3.825,3.825,3.81,3.81,1199
2021-11-24,3.815,3.82,3.805,3.815,4500
2021-11-24,3.825,3.825,3.815,3.815,1900
2021-11-24,3.81,3.81,3.785,3.79,1908
2021-11-24,3.785,3.785,3.775,3.785,1125
2021-11-24,3.785,3.785,3.785,3.785,1600
2021-11-24,3.785,3.82,3.785,3.815,10864
2021-11-24,3.815,3.825,3.795,3.825,1957
2021-11-24,3.83,3.84,3.825,3.825,5460
2021-11-24,3.825,3.845,3.825,3.84,4000
2021-11-24,3.84,3.85,3.83,3.835,3849
2021-11-24,3.835,3.84,3.82,3.825,5777
2021-11-24,3.825,3.825,3.815,3.815,1800
2021-11-24,3.815,3.815,3.815,3.815,801
2021-11-24,3.81,3.81,3.79,3.79,2391
2021-11-24,3.795,3.8,3.795,3.8,411
2021-11-24,3.81,3.84,3.81,3.84,7349
2021-11-24,3.84,3.85,3.835,3.84,4324
2021-11-24,3.84,3.865,3.835,3.865,6210
2021-11-24,3.865,3.88,3.865,3.875,2399
2021-11-24,3.88,3.905,3.865,3.9,9371
2021-11-24,3.905,3.905,3.9,3.905,1679
2021-11-24,3.905,3.92,3.905,3.915,3503
2021-11-24,3.915,3.915,3.9,3.9,3848
2021-11-24,3.895,3.905,3.89,3.905,2936
2021-11-24,3.905,3.915,3.905,3.915,2000
2021-11-24,3.915,3.935,3.915,3.925,2780
2021-11-24,3.925,3.93,3.915,3.925,4315
2021-11-24,3.94,3.945,3.935,3.945,400
2021-11-24,3.94,3.94,3.93,3.93,500
2021-11-24,3.93,3.935,3.93,3.935,1900
2021-11-24,3.925,3.94,3.925,3.94,1890
2021-11-24,3.95,3.95,3.945,3.945,5384
2021-11-24,3.96,3.965,3.935,3.935,3577
2021-11-24,3.945,3.955,3.945,3.95,1600
2021-11-24,3.96,3.96,3.93,3.93,2248
2021-11-24,3.915,3.92,3.915,3.92,901
2021-11-24,3.925,3.945,3.925,3.945,2573
2021-11-24,3.97,3.975,3.96,3.965,3214
2021-11-24,3.975,3.975,3.975,3.975,2213
2021-11-24,4.015,4.02,4.015,4.02,2553
2021-11-24,4.015,4.025,4.01,4.015,2437
2021-11-24,4.01,4.015,4,4,3150
2021-11-24,4.02,4.025,4.01,4.01,2707
2021-11-24,4.005,4.02,4.005,4.015,4869
2021-11-24,4.015,4.03,4.015,4.03,4648
2021-11-24,4.035,4.045,4.035,4.035,1480
2021-11-24,4.03,4.03,4.015,4.015,1300
2021-11-24,4.035,4.04,4.035,4.035,2650
2021-11-24,4.04,4.04,4.035,4.035,1200
2021-11-24,4.04,4.04,4.025,4.035,1600
2021-11-24,4.02,4.02,4.005,4.005,963
2021-11-24,3.99,3.99,3.98,3.985,2800
2021-11-24,3.995,3.995,3.995,3.995,300
2021-11-24,4,4,3.985,3.985,3407
2021-11-24,3.99,3.995,3.985,3.985,1910
2021-11-24,3.995,4.005,3.995,4.005,1000
2021-11-24,4.02,4.025,4.015,4.025,1900
2021-11-24,4.02,4.02,4.01,4.01,1863
2021-11-24,4.02,4.035,4.015,4.035,2242
2021-11-24,4.03,4.03,4.025,4.03,302
2021-11-24,4.025,4.03,4.025,4.03,2000
2021-11-24,4.025,4.025,4.02,4.02,1412
2021-11-24,4.005,4.005,3.985,3.985,2576
2021-11-24,3.975,3.985,3.975,3.985,1314
2021-11-24,3.99,3.99,3.975,3.975,1500
2021-11-24,3.97,3.97,3.97,3.97,199
2021-11-24,3.97,3.975,3.97,3.975,3900
2021-11-24,3.975,4,3.975,3.995,3042
2021-11-24,3.995,3.995,3.975,3.975,1205
2021-11-24,3.975,3.985,3.975,3.985,1900
2021-11-24,3.995,3.995,3.995,3.995,1100
2021-11-24,4.005,4.025,4.005,4.015,1815
2021-11-24,4.005,4.015,4.005,4.015,1807
2021-11-24,4.015,4.015,4.015,4.015,1000
2021-11-24,4.025,4.025,4.025,4.025,620
2021-11-24,4.025,4.025,4.025,4.025,800
2021-11-24,4.02,4.02,4.015,4.015,2400
2021-11-24,4.02,4.02,4.02,4.02,2600
2021-11-24,4.015,4.015,4.01,4.01,2000
2021-11-24,4.01,4.01,4.01,4.01,100
2021-11-24,4.015,4.015,4.015,4.015,213
2021-11-24,4.015,4.02,4.015,4.02,1822
2021-11-24,4.025,4.035,4.025,4.035,3303
2021-11-24,4.035,4.045,4.035,4.04,1000
2021-11-24,4.045,4.045,4.04,4.045,700
2021-11-24,4.045,4.045,4.035,4.035,3100
2021-11-24,4.035,4.035,4.035,4.035,1300
2021-11-24,4.045,4.05,4.045,4.045,2800
2021-11-24,4.04,4.04,4.035,4.035,576
2021-11-24,4.025,4.025,4.025,4.025,857
2021-11-24,4.015,4.015,4.01,4.01,400
2021-11-24,4.01,4.01,4,4.005,3000
2021-11-24,4,4.015,4,4.015,3400
2021-11-24,4.015,4.015,4.015,4.015,2900
2021-11-24,4.015,4.055,4.015,4.055,1100
2021-11-24,4.045,4.045,4.045,4.045,205
2021-11-24,4.045,4.045,4.045,4.045,2800
2021-11-24,4.055,4.055,4.045,4.045,1200
2021-11-24,4.0421,4.05,4.0301,4.0301,162.0
