Date,Open,High,Low,Close,Volume
2021-11-19,46.625,46.625,46.57,46.57,300
2021-11-19,46.53,46.54,46.53,46.535,302
2021-11-19,46.64,46.64,46.64,46.64,100
2021-11-19,46.63,46.63,46.59,46.59,220
2021-11-19,46.61,46.61,46.61,46.61,230
2021-11-19,46.605,46.605,46.605,46.605,125
2021-11-19,46.57,46.57,46.53,46.54,767
2021-11-19,46.53,46.53,46.53,46.53,247
2021-11-19,46.53,46.53,46.53,46.53,100
2021-11-19,46.73,46.73,46.73,46.73,507
2021-11-19,46.725,46.725,46.725,46.725,100
2021-11-19,46.74,46.74,46.72,46.72,242
2021-11-19,46.64,46.66,46.64,46.66,200
2021-11-19,46.67,46.67,46.67,46.67,101
2021-11-19,46.67,46.67,46.67,46.67,100
2021-11-19,46.66,46.705,46.66,46.705,273
2021-11-19,46.645,46.68,46.645,46.68,200
2021-11-19,46.88,46.88,46.88,46.88,100
2021-11-19,46.87,46.87,46.87,46.87,100
2021-11-19,46.985,46.985,46.93,46.93,500
2021-11-19,47.02,47.02,47.02,47.02,100
2021-11-19,47.08,47.08,47.08,47.08,300
2021-11-19,47.07,47.07,46.97,47,400
2021-11-19,47.03,47.03,47.03,47.03,100
2021-11-19,46.93,46.93,46.93,46.93,100
2021-11-19,47.005,47.005,47.005,47.005,100
2021-11-19,46.99,47,46.99,47,825
2021-11-19,47,47,47,47,210
2021-11-19,46.965,46.965,46.9,46.9,1124
2021-11-19,46.905,46.905,46.905,46.905,164
2021-11-19,46.965,46.965,46.965,46.965,388
2021-11-19,46.89,46.89,46.88,46.88,275
2021-11-19,46.975,46.975,46.975,46.975,100
2021-11-19,46.97,46.97,46.97,46.97,100
2021-11-19,46.92,46.92,46.92,46.92,321
2021-11-19,46.93,46.93,46.93,46.93,400
2021-11-19,46.95,46.95,46.95,46.95,190
2021-11-19,46.86,46.86,46.86,46.86,155
2021-11-19,46.855,46.855,46.855,46.855,200
2021-11-19,46.87,46.87,46.87,46.87,300
2021-11-19,46.84,46.84,46.84,46.84,331
2021-11-19,46.91,46.91,46.91,46.91,100
2021-11-19,46.91,46.91,46.91,46.91,235
2021-11-19,46.77,46.77,46.77,46.77,188
2021-11-19,46.735,46.735,46.735,46.735,220
2021-11-19,46.62,46.62,46.62,46.62,200
2021-11-19,46.62,46.62,46.62,46.62,600
2021-11-19,46.61,46.61,46.6,46.6,200
2021-11-19,46.63,46.63,46.63,46.63,100
2021-11-19,46.615,46.615,46.615,46.615,103
2021-11-19,46.56,46.56,46.53,46.53,344
2021-11-19,46.49,46.525,46.48,46.525,1670
2021-11-19,46.52,46.53,46.51,46.53,1180
2021-11-19,46.52,46.52,46.52,46.52,300
2021-11-19,46.54,46.54,46.54,46.54,200
2021-11-19,46.525,46.525,46.525,46.525,100
2021-11-19,46.55,46.55,46.55,46.55,100
2021-11-19,46.45,46.46,46.44,46.46,600
2021-11-19,46.39,46.39,46.39,46.39,140
2021-11-19,46.57,46.62,46.57,46.62,310
2021-11-19,46.595,46.595,46.595,46.595,120
2021-11-19,46.62,46.62,46.62,46.62,100
2021-11-19,46.51,46.51,46.51,46.51,200
2021-11-19,46.67,46.67,46.67,46.67,120
2021-11-19,46.68,46.68,46.67,46.67,754
2021-11-19,46.67,46.67,46.67,46.67,100
2021-11-19,46.81,46.81,46.81,46.81,100
2021-11-19,46.75,46.75,46.75,46.75,100
2021-11-19,46.785,46.785,46.785,46.785,100
2021-11-19,46.82,46.82,46.82,46.82,100
2021-11-19,46.815,46.815,46.815,46.815,200
2021-11-19,46.84,46.84,46.84,46.84,100
2021-11-19,46.82,46.82,46.82,46.82,157
2021-11-19,46.87,46.87,46.87,46.87,103
2021-11-19,46.945,46.945,46.945,46.945,100
2021-11-19,46.96,46.96,46.95,46.95,200
2021-11-19,47,47,47,47,439
2021-11-19,46.995,46.995,46.98,46.98,422
2021-11-19,46.89,46.9,46.89,46.9,400
2021-11-19,46.86,46.87,46.86,46.87,600
2021-11-19,46.89,46.89,46.89,46.89,114
2021-11-19,46.88,46.92,46.88,46.92,200
2021-11-19,46.925,46.925,46.925,46.925,100
2021-11-19,46.91,46.91,46.845,46.845,483
2021-11-19,46.82,46.82,46.8,46.8,261
2021-11-19,46.9,46.9,46.9,46.9,100
2021-11-19,46.88,46.89,46.86,46.88,581
2021-11-19,46.88,46.88,46.88,46.88,300
2021-11-19,46.865,46.865,46.82,46.82,769
2021-11-19,46.8,46.8,46.8,46.8,500
2021-11-19,46.785,46.785,46.785,46.785,400
2021-11-19,46.76,46.76,46.76,46.76,100
2021-11-19,46.78,46.78,46.76,46.76,300
2021-11-19,46.75,46.77,46.75,46.77,200
2021-11-19,46.77,46.78,46.77,46.78,400
2021-11-19,46.85,46.85,46.85,46.85,284
2021-11-19,46.84,46.865,46.84,46.865,268
2021-11-19,46.86,46.86,46.86,46.86,1096
2021-11-19,46.85,46.85,46.85,46.85,100
2021-11-19,46.875,46.875,46.875,46.875,103
2021-11-19,46.86,46.86,46.86,46.86,104
2021-11-19,46.72,46.72,46.71,46.71,380
2021-11-19,46.78,46.79,46.76,46.76,511
2021-11-19,46.77,46.77,46.77,46.77,216
2021-11-19,46.77,46.77,46.73,46.74,300
2021-11-19,46.73,46.73,46.73,46.73,116
2021-11-19,46.75,46.765,46.73,46.74,731
2021-11-19,46.73,46.75,46.72,46.72,780
2021-11-19,46.74,46.74,46.71,46.74,627
2021-11-19,46.74,46.74,46.71,46.71,576
2021-11-19,46.7,46.7,46.62,46.62,450
2021-11-19,46.64,46.64,46.62,46.62,300
2021-11-19,46.67,46.67,46.65,46.66,504
2021-11-19,46.67,46.7,46.67,46.7,530
2021-11-19,46.64,46.64,46.64,46.64,102
2021-11-19,46.79,46.87,46.79,46.79,1700
2021-11-19,46.82,46.9,46.82,46.89,825
2021-11-19,46.865,46.875,46.865,46.875,200
2021-11-19,46.84,46.84,46.84,46.84,100
2021-11-19,46.86,46.86,46.85,46.85,504
2021-11-19,46.92,46.92,46.92,46.92,100
2021-11-19,46.88,46.88,46.86,46.86,200
2021-11-19,46.82,46.82,46.82,46.82,100
2021-11-19,46.84,46.85,46.82,46.82,600
2021-11-19,46.8,46.8,46.8,46.8,100
2021-11-19,46.79,46.79,46.79,46.79,385
2021-11-19,46.77,46.81,46.77,46.81,410
2021-11-19,46.81,46.81,46.74,46.74,480
2021-11-19,46.64,46.69,46.64,46.69,300
2021-11-19,46.68,46.68,46.68,46.68,678
2021-11-19,46.64,46.64,46.64,46.64,285
2021-11-19,46.61,46.61,46.59,46.59,200
2021-11-19,46.62,46.62,46.59,46.59,223
2021-11-19,46.56,46.58,46.56,46.58,668
2021-11-19,46.57,46.62,46.57,46.62,870
2021-11-19,46.66,46.66,46.66,46.66,463
2021-11-19,46.74,46.74,46.65,46.65,448
2021-11-19,46.62,46.64,46.62,46.635,1290
2021-11-19,46.6,46.6,46.6,46.6,200
2021-11-19,46.635,46.635,46.62,46.63,364
2021-11-19,46.6,46.625,46.6,46.62,300
2021-11-19,46.65,46.65,46.64,46.645,1400
2021-11-19,46.84,46.85,46.83,46.85,931
2021-11-19,46.85,46.855,46.83,46.83,620
2021-11-19,46.76,46.785,46.75,46.785,620
2021-11-19,46.78,46.885,46.78,46.875,1658
2021-11-19,46.86,46.86,46.81,46.835,1634
2021-11-19,46.84,46.865,46.82,46.84,1672
2021-11-19,46.845,46.845,46.81,46.835,1484
2021-11-19,46.815,46.82,46.78,46.81,4245
2021-11-19,46.845,46.85,46.825,46.83,3373
2021-11-19,46.855,46.89,46.83,46.88,2888
2021-11-22,47.89,48.48,47.89,48.27,1861
2021-11-22,48.195,48.26,48.195,48.26,647
2021-11-22,48.38,48.57,48.345,48.36,526
2021-11-22,48.5,48.67,48.5,48.67,1432
2021-11-22,48.685,48.72,48.55,48.55,1445
2021-11-22,48.47,48.6,48.3,48.31,2161
2021-11-22,48.36,48.5,48.29,48.5,900
2021-11-22,48.7,48.7,48.7,48.7,406
2021-11-22,48.85,48.99,48.85,48.99,1548
2021-11-22,49.03,49.25,49.03,49.22,417
2021-11-22,49.45,49.45,49.1,49.1,1381
2021-11-22,49.25,49.25,49.25,49.25,187
2021-11-22,49.46,49.47,49.35,49.35,1250
2021-11-22,49.16,49.34,49.16,49.34,943
2021-11-22,49.24,49.27,49.23,49.24,781
2021-11-22,49.34,49.45,49.34,49.45,1554
2021-11-22,49.48,49.5,49.48,49.5,710
2021-11-22,49.53,49.73,49.53,49.65,4506
2021-11-22,49.635,49.78,49.55,49.55,1451
2021-11-22,49.57,49.57,49.49,49.49,300
2021-11-22,49.49,49.6,49.46,49.575,660
2021-11-22,49.51,49.515,49.45,49.45,570
2021-11-22,49.51,49.51,49.51,49.51,146
2021-11-22,49.7,49.77,49.68,49.77,1312
2021-11-22,49.76,49.92,49.76,49.92,2429
2021-11-22,49.9,49.96,49.77,49.77,2320
2021-11-22,49.77,49.87,49.77,49.855,1322
2021-11-22,49.78,49.78,49.44,49.44,2007
2021-11-22,49.51,49.51,49.47,49.47,673
2021-11-22,49.525,49.525,49.505,49.51,700
2021-11-22,49.74,49.87,49.74,49.87,878
2021-11-22,49.88,49.88,49.68,49.68,1423
2021-11-22,49.64,49.7,49.64,49.7,2322
2021-11-22,49.7,49.79,49.7,49.78,3023
2021-11-22,49.7,49.8,49.7,49.71,6915
2021-11-22,49.715,49.72,49.68,49.695,1442
2021-11-22,49.71,49.715,49.67,49.715,1187
2021-11-22,49.8,50,49.8,49.96,8060
2021-11-22,49.96,49.96,49.74,49.74,1201
2021-11-22,49.605,49.605,49.53,49.57,1377
2021-11-22,49.855,49.865,49.74,49.74,852
2021-11-22,49.67,49.67,49.54,49.6,988
2021-11-22,49.62,49.64,49.55,49.59,904
2021-11-22,49.57,49.605,49.56,49.605,400
2021-11-22,49.65,49.675,49.54,49.56,2048
2021-11-22,49.55,49.59,49.54,49.57,1177
2021-11-22,49.56,49.71,49.52,49.71,1376
2021-11-22,49.69,49.69,49.64,49.67,1700
2021-11-22,49.675,49.675,49.57,49.57,300
2021-11-22,49.58,49.7,49.58,49.7,3099
2021-11-22,49.685,49.685,49.565,49.565,790
2021-11-22,49.6,49.67,49.6,49.67,911
2021-11-22,49.66,49.66,49.63,49.64,700
2021-11-22,49.64,49.7,49.64,49.69,6874
2021-11-22,49.68,49.68,49.665,49.665,1126
2021-11-22,49.56,49.565,49.55,49.55,1349
2021-11-22,49.585,49.585,49.48,49.48,600
2021-11-22,49.27,49.305,49.27,49.305,325
2021-11-22,49.36,49.36,49.34,49.355,600
2021-11-22,49.31,49.32,49.31,49.32,700
2021-11-22,49.265,49.265,49.18,49.18,510
2021-11-22,49.17,49.17,49.09,49.09,579
2021-11-22,49.15,49.185,49.125,49.175,3066
2021-11-22,49.17,49.195,49.16,49.17,1731
2021-11-22,49.135,49.155,49.12,49.135,2145
2021-11-22,49.145,49.175,49.145,49.165,1861
2021-11-22,49.165,49.31,49.165,49.295,3889
2021-11-22,49.26,49.26,49.185,49.185,877
2021-11-22,49.12,49.17,49.12,49.17,1001
2021-11-22,49.18,49.18,49.13,49.18,655
2021-11-22,49.22,49.22,49.185,49.185,520
2021-11-22,49.18,49.18,49.12,49.12,1026
2021-11-22,49.03,49.2,49.02,49.2,1123
2021-11-22,49.19,49.25,49.19,49.25,714
2021-11-22,49.265,49.37,49.26,49.365,1125
2021-11-22,49.365,49.45,49.365,49.44,835
2021-11-22,49.45,49.48,49.42,49.445,1712
2021-11-22,49.45,49.45,49.27,49.27,3135
2021-11-22,49.205,49.28,49.205,49.255,3433
2021-11-22,49.285,49.32,49.27,49.31,1110
2021-11-22,49.3,49.42,49.255,49.42,2013
2021-11-22,49.445,49.525,49.445,49.52,2810
2021-11-22,49.515,49.66,49.515,49.655,1583
2021-11-22,49.625,49.64,49.55,49.55,1591
2021-11-22,49.52,49.52,49.335,49.335,840
2021-11-22,49.31,49.315,49.155,49.155,855
2021-11-22,49.14,49.14,49,49,651
2021-11-22,48.92,49,48.92,49,1700
2021-11-22,49.045,49.11,48.98,48.995,1400
2021-11-22,48.97,48.99,48.95,48.95,600
2021-11-22,48.96,49.005,48.95,48.985,1000
2021-11-22,48.945,48.945,48.64,48.69,2261
2021-11-22,48.675,48.675,48.44,48.52,1623
2021-11-22,48.48,48.585,48.465,48.58,1206
2021-11-22,48.67,48.67,48.59,48.655,931
2021-11-22,48.685,48.79,48.685,48.79,902
2021-11-22,48.76,48.785,48.74,48.77,1007
2021-11-22,48.78,48.805,48.74,48.74,702
2021-11-22,48.655,48.675,48.575,48.675,783
2021-11-22,48.725,48.755,48.7,48.7,500
2021-11-22,48.645,48.645,48.57,48.59,1000
2021-11-22,48.595,48.595,48.56,48.57,400
2021-11-22,48.62,48.675,48.62,48.66,900
2021-11-22,48.635,48.655,48.615,48.655,606
2021-11-22,48.655,48.655,48.635,48.655,811
2021-11-22,48.63,48.64,48.57,48.6,2459
2021-11-22,48.545,48.585,48.525,48.57,686
2021-11-22,48.585,48.6,48.565,48.585,812
2021-11-22,48.57,48.57,48.495,48.52,1010
2021-11-22,48.43,48.525,48.43,48.525,701
2021-11-22,48.5,48.55,48.495,48.5,1211
2021-11-22,48.47,48.55,48.465,48.55,692
2021-11-22,48.545,48.58,48.545,48.57,1149
2021-11-22,48.575,48.58,48.485,48.485,647
2021-11-22,48.475,48.505,48.475,48.49,1106
2021-11-22,48.49,48.51,48.435,48.435,1018
2021-11-22,48.43,48.43,48.265,48.28,2089
2021-11-22,48.275,48.36,48.27,48.335,1273
2021-11-22,48.375,48.43,48.37,48.415,2676
2021-11-22,48.41,48.47,48.39,48.4,2159
2021-11-22,48.37,48.435,48.37,48.4,1342
2021-11-22,48.35,48.35,48.235,48.235,526
2021-11-22,48.2,48.24,48.2,48.24,1490
2021-11-22,48.255,48.36,48.24,48.355,803
2021-11-22,48.345,48.345,48.275,48.275,514
2021-11-22,48.26,48.26,48.225,48.225,700
2021-11-22,48.245,48.315,48.245,48.315,505
2021-11-22,48.32,48.32,48.195,48.195,881
2021-11-22,48.19,48.19,48.085,48.125,750
2021-11-22,48.185,48.2,48.05,48.05,1208
2021-11-22,48.115,48.115,47.96,47.99,3200
2021-11-22,48,48.045,47.99,48.01,1100
2021-11-22,48,48.035,48,48.03,500
2021-11-22,47.995,48.08,47.925,48.05,2600
2021-11-22,48.075,48.075,47.945,47.99,1141
2021-11-22,47.98,47.98,47.84,47.85,1105
2021-11-22,47.87,47.97,47.87,47.965,850
2021-11-22,47.96,48.015,47.955,47.955,401
2021-11-22,47.98,47.98,47.95,47.95,300
2021-11-22,47.865,47.87,47.795,47.795,512
2021-11-22,47.72,47.76,47.66,47.665,1850
2021-11-22,47.61,47.65,47.59,47.59,535
2021-11-22,47.57,47.57,47.485,47.485,1417
2021-11-22,47.57,47.6,47.545,47.545,525
2021-11-22,47.52,47.52,47.39,47.39,600
2021-11-22,47.38,47.38,47.29,47.32,2705
2021-11-22,47.23,47.465,47.135,47.465,1796
2021-11-22,47.535,47.6,47.535,47.6,232
2021-11-22,47.54,47.55,47.505,47.53,500
2021-11-22,47.55,47.62,47.52,47.615,909
2021-11-22,47.585,47.585,47.46,47.46,317
2021-11-22,47.43,47.43,47.26,47.3,600
2021-11-22,47.35,47.55,47.35,47.55,425
2021-11-22,47.45,47.47,47.42,47.42,524
2021-11-22,47.44,47.47,47.42,47.47,300
2021-11-22,47.45,47.47,47.445,47.47,600
2021-11-22,47.47,47.47,47.315,47.315,500
2021-11-22,47.28,47.28,47.28,47.28,147
2021-11-22,47.145,47.21,47.14,47.2,1452
2021-11-22,47.255,47.255,47.2,47.24,750
2021-11-22,47.2,47.22,47.16,47.2,827
2021-11-22,47.215,47.26,47.2,47.25,1106
2021-11-22,47.25,47.28,47.21,47.26,1100
2021-11-22,47.3,47.3,47.25,47.3,1200
2021-11-22,47.26,47.29,47.16,47.2,2043
2021-11-22,47.21,47.25,47.18,47.25,1000
2021-11-22,47.22,47.305,47.22,47.305,980
2021-11-22,47.3,47.455,47.3,47.455,1440
2021-11-22,47.51,47.61,47.5,47.565,1193
2021-11-22,47.54,47.56,47.51,47.545,984
2021-11-22,47.45,47.51,47.45,47.51,400
2021-11-22,47.61,47.61,47.61,47.61,200
2021-11-22,47.61,47.61,47.61,47.61,204
2021-11-22,47.65,47.65,47.65,47.65,143
2021-11-22,47.73,47.795,47.725,47.765,622
2021-11-22,47.795,47.84,47.795,47.84,1000
2021-11-22,47.92,47.92,47.91,47.91,532
2021-11-22,48,48,47.945,47.945,520
2021-11-22,48.11,48.15,48.11,48.13,829
2021-11-22,48.15,48.245,48.12,48.215,601
2021-11-22,48.19,48.19,48.12,48.13,403
2021-11-22,48.13,48.13,48.09,48.09,200
2021-11-22,48,48.01,48,48.01,300
2021-11-22,47.965,47.985,47.965,47.985,240
2021-11-22,48.065,48.065,48.065,48.065,290
2021-11-22,48.115,48.115,48.07,48.07,200
2021-11-22,48.015,48.015,48,48.005,308
2021-11-22,48.13,48.21,48.13,48.21,400
2021-11-22,48.205,48.205,48.205,48.205,200
2021-11-22,48.165,48.165,48.11,48.11,200
2021-11-22,48.135,48.135,48.135,48.135,100
2021-11-22,48.24,48.24,48.165,48.18,416
2021-11-22,48.18,48.18,48.18,48.18,200
2021-11-22,48.205,48.25,48.205,48.25,301
2021-11-22,48.22,48.22,48.165,48.165,200
2021-11-22,48.13,48.13,48.12,48.12,300
2021-11-22,47.94,47.94,47.94,47.94,100
2021-11-22,47.99,47.99,47.99,47.99,155
2021-11-22,47.9,47.9,47.875,47.875,413
2021-11-22,47.81,47.81,47.81,47.81,194
2021-11-22,47.835,48.015,47.835,48.015,240
2021-11-22,48.11,48.13,48.11,48.13,200
2021-11-22,48.12,48.12,48.085,48.1,300
2021-11-22,48.15,48.16,48.025,48.025,502
2021-11-22,48,48.05,47.94,47.94,750
2021-11-22,47.965,48.04,47.965,48.04,200
2021-11-22,47.98,48,47.98,48,335
2021-11-22,48,48,47.97,47.97,200
2021-11-22,48.01,48.025,47.98,47.98,800
2021-11-22,47.96,47.96,47.96,47.96,105
2021-11-22,47.89,47.925,47.89,47.925,395
2021-11-22,47.99,48,47.99,48,200
2021-11-22,48.055,48.055,48.055,48.055,109
2021-11-22,48.04,48.1,48.02,48.02,440
2021-11-22,48.06,48.14,48.06,48.14,406
2021-11-22,48.06,48.06,48.06,48.06,200
2021-11-22,48.035,48.035,48.035,48.035,109
2021-11-22,48.1,48.1,48.1,48.1,144
2021-11-22,48.065,48.065,48.06,48.06,200
2021-11-22,48.135,48.19,48.135,48.18,625
2021-11-22,48.14,48.23,48.14,48.155,1240
2021-11-22,48.27,48.27,48.27,48.27,140
2021-11-22,48.26,48.26,48.26,48.26,100
2021-11-22,48.25,48.26,48.245,48.245,400
2021-11-22,48.29,48.29,48.29,48.29,200
2021-11-22,48.35,48.38,48.35,48.38,239
2021-11-22,48.37,48.37,48.37,48.37,152
2021-11-22,48.4,48.4,48.35,48.35,800
2021-11-22,48.365,48.365,48.365,48.365,221
2021-11-22,48.315,48.315,48.31,48.31,200
2021-11-22,48.27,48.27,48.25,48.25,242
2021-11-22,48.255,48.255,48.23,48.23,407
2021-11-22,48.255,48.255,48.255,48.255,100
2021-11-22,48.26,48.26,48.26,48.26,355
2021-11-22,48.24,48.25,48.24,48.25,200
2021-11-22,48.23,48.3,48.23,48.3,251
2021-11-22,48.29,48.31,48.29,48.31,200
2021-11-22,48.33,48.35,48.33,48.34,338
2021-11-22,48.33,48.34,48.33,48.34,232
2021-11-22,48.345,48.37,48.345,48.37,238
2021-11-22,48.37,48.37,48.36,48.36,300
2021-11-22,48.29,48.29,48.25,48.25,355
2021-11-22,48.25,48.25,48.25,48.25,102
2021-11-22,48.22,48.22,48.175,48.175,600
2021-11-22,48.12,48.12,48.12,48.12,100
2021-11-22,48.2,48.2,48.2,48.2,182
2021-11-22,48.265,48.275,48.25,48.25,751
2021-11-22,48.22,48.22,48.22,48.22,200
2021-11-22,48.08,48.135,48.08,48.135,300
2021-11-22,48.11,48.11,48.085,48.085,300
2021-11-22,48.09,48.09,48.09,48.09,100
2021-11-22,48.075,48.075,48.03,48.03,600
2021-11-22,47.95,48,47.95,48,200
2021-11-22,47.975,47.975,47.975,47.975,302
2021-11-22,48.01,48.01,48.01,48.01,200
2021-11-22,48.03,48.03,48.03,48.03,200
2021-11-22,48.11,48.11,48.1,48.1,200
2021-11-22,48.16,48.16,48.16,48.16,103
2021-11-22,48.125,48.14,48.09,48.14,600
2021-11-22,48.11,48.11,48.11,48.11,112
2021-11-22,48.12,48.12,48.045,48.045,200
2021-11-22,48.1,48.1,48.1,48.1,190
2021-11-22,48.075,48.075,48.075,48.075,100
2021-11-22,48.125,48.125,48.125,48.125,101
2021-11-22,48.3,48.32,48.3,48.32,704
2021-11-22,48.46,48.46,48.45,48.45,394
2021-11-22,48.54,48.54,48.54,48.54,200
2021-11-22,48.525,48.525,48.525,48.525,332
2021-11-22,48.575,48.575,48.525,48.525,448
2021-11-22,48.505,48.505,48.505,48.505,210
2021-11-22,48.47,48.47,48.47,48.47,149
2021-11-22,48.43,48.48,48.43,48.48,525
2021-11-22,48.515,48.515,48.515,48.515,102
2021-11-22,48.515,48.515,48.505,48.505,325
2021-11-22,48.445,48.445,48.445,48.445,212
2021-11-22,48.475,48.475,48.475,48.475,100
2021-11-22,48.44,48.44,48.44,48.44,111
2021-11-22,48.44,48.44,48.42,48.42,600
2021-11-22,48.42,48.45,48.42,48.425,520
2021-11-22,48.45,48.45,48.415,48.415,280
2021-11-22,48.37,48.37,48.335,48.335,500
2021-11-22,48.385,48.42,48.385,48.42,470
2021-11-22,48.43,48.43,48.425,48.425,200
2021-11-22,48.42,48.42,48.41,48.41,300
2021-11-22,48.38,48.38,48.365,48.365,305
2021-11-22,48.345,48.345,48.345,48.345,112
2021-11-22,48.23,48.25,48.23,48.25,250
2021-11-22,48.23,48.23,48.23,48.23,100
2021-11-22,48.225,48.285,48.225,48.285,604
2021-11-22,48.225,48.27,48.225,48.27,302
2021-11-22,48.34,48.41,48.3,48.3,744
2021-11-22,48.31,48.31,48.26,48.265,563
2021-11-22,48.275,48.275,48.245,48.25,1172
2021-11-22,48.195,48.195,48.17,48.18,561
2021-11-22,48.215,48.25,48.215,48.25,505
2021-11-22,48.26,48.26,48.23,48.23,452
2021-11-22,48.22,48.22,48.18,48.19,700
2021-11-22,48.195,48.195,48.155,48.175,602
2021-11-22,48.18,48.19,48.18,48.19,218
2021-11-22,48.2,48.2,48.15,48.15,652
2021-11-22,48.15,48.22,48.15,48.22,438
2021-11-22,48.255,48.26,48.235,48.235,300
2021-11-22,48.25,48.25,48.185,48.195,400
2021-11-22,48.21,48.215,48.18,48.18,552
2021-11-22,48.1,48.13,48.09,48.13,400
2021-11-22,48.06,48.15,48.06,48.135,800
2021-11-22,48.15,48.19,48.145,48.19,1095
2021-11-22,48.25,48.25,48.23,48.23,603
2021-11-22,48.285,48.34,48.285,48.33,705
2021-11-22,48.315,48.41,48.315,48.41,500
2021-11-22,48.41,48.42,48.4,48.42,401
2021-11-22,48.42,48.42,48.39,48.405,400
2021-11-22,48.405,48.405,48.39,48.405,800
2021-11-22,48.4,48.425,48.4,48.415,401
2021-11-22,48.465,48.465,48.45,48.45,300
2021-11-22,48.455,48.51,48.455,48.51,400
2021-11-22,48.52,48.52,48.49,48.5,309
2021-11-22,48.525,48.525,48.475,48.485,645
2021-11-22,48.48,48.485,48.48,48.485,491
2021-11-22,48.485,48.49,48.44,48.44,587
2021-11-22,48.45,48.47,48.45,48.47,285
2021-11-22,48.53,48.56,48.53,48.56,364
2021-11-22,48.575,48.63,48.575,48.63,422
2021-11-22,48.665,48.665,48.61,48.625,1102
2021-11-22,48.605,48.605,48.57,48.57,394
2021-11-22,48.59,48.62,48.585,48.62,1500
2021-11-22,48.625,48.625,48.565,48.565,1245
2021-11-22,48.58,48.65,48.58,48.645,1373
2021-11-22,48.655,48.77,48.64,48.76,902
2021-11-22,48.72,48.72,48.72,48.72,223
2021-11-22,48.78,48.79,48.715,48.715,994
2021-11-22,48.745,48.76,48.74,48.755,403
2021-11-22,48.69,48.69,48.62,48.67,838
2021-11-22,48.675,48.675,48.6,48.63,940
2021-11-22,48.62,48.64,48.6,48.6,1080
2021-11-22,48.545,48.545,48.53,48.53,200
2021-11-22,48.585,48.61,48.58,48.61,1002
2021-11-22,48.59,48.645,48.59,48.645,833
2021-11-22,48.63,48.63,48.6,48.6,951
2021-11-22,48.605,48.665,48.605,48.62,1700
2021-11-22,48.645,48.675,48.615,48.675,571
2021-11-22,48.68,48.68,48.595,48.62,912
2021-11-22,48.58,48.58,48.58,48.58,100
2021-11-22,48.575,48.575,48.51,48.53,1500
2021-11-22,48.525,48.56,48.525,48.56,1249
2021-11-22,48.57,48.57,48.555,48.57,1109
2021-11-22,48.57,48.57,48.49,48.49,300
2021-11-22,48.49,48.49,48.45,48.45,702
2021-11-22,48.47,48.47,48.42,48.42,505
2021-11-22,48.42,48.55,48.42,48.53,1030
2021-11-22,48.485,48.55,48.485,48.54,720
2021-11-22,48.525,48.645,48.525,48.645,2079
2021-11-22,48.645,48.66,48.615,48.615,1597
2021-11-22,48.615,48.62,48.565,48.57,1650
2021-11-22,48.55,48.595,48.55,48.575,977
2021-11-22,48.495,48.51,48.495,48.51,621
2021-11-22,48.47,48.47,48.415,48.43,635
2021-11-22,48.415,48.43,48.4,48.415,1384
2021-11-22,48.39,48.39,48.355,48.355,543
2021-11-22,48.38,48.42,48.38,48.405,750
2021-11-22,48.39,48.405,48.365,48.39,712
2021-11-22,48.385,48.385,48.36,48.36,843
2021-11-22,48.385,48.385,48.35,48.35,778
2021-11-22,48.365,48.365,48.305,48.315,1540
2021-11-22,48.31,48.31,48.25,48.26,7731
2021-11-22,48.25,48.25,48.01,48.025,9750
2021-11-22,48.01,48.04,47.95,47.99,5738
2021-11-22,47.96,47.96,47.72,47.77,6139
2021-11-22,47.78,47.825,47.6,47.6,5798
2021-11-22,47.625,47.78,47.51,47.58,8324
2021-11-22,47.565,47.565,47.4,47.52,15143
2021-11-22,47.5,47.59,47.4,47.4,10728
2021-11-22,47.43,47.56,47.35,47.37,7786
2021-11-22,47.35,47.4,47.18,47.21,13191
2021-11-22,47.22,47.28,47.14,47.19,5863
2021-11-22,47.19,47.325,47.18,47.22,8219
2021-11-22,47.25,47.36,47.24,47.28,10423
2021-11-22,47.27,47.33,47.27,47.325,9518
2021-11-22,47.325,47.54,47.32,47.41,15560
2021-11-23,49,49.075,48.64,48.66,2665
2021-11-23,48.76,48.76,47.59,47.82,3681
2021-11-23,47.9,48.23,47.75,47.97,2250
2021-11-23,48.27,49.65,48.18,49.6,4512
2021-11-23,49.585,50.71,49.585,50.45,33670
2021-11-23,50.78,50.79,50.07,50.08,5820
2021-11-23,50.02,51.18,50.02,51.18,8746
2021-11-23,51.4,51.69,51.095,51.095,3715
2021-11-23,51.18,51.49,51.06,51.06,3687
2021-11-23,50.98,51,50.42,50.73,4999
2021-11-23,50.83,51.45,50.83,51.38,29025
2021-11-23,51.32,51.61,51.02,51.61,11744
2021-11-23,51.56,51.56,51.26,51.26,1588
2021-11-23,51.62,51.93,51.5,51.77,2538
2021-11-23,51.755,52.24,51.755,52.24,8899
2021-11-23,52.195,52.49,52.15,52.3,5807
2021-11-23,52.35,52.835,52.22,52.81,10273
2021-11-23,52.88,53.17,52.8,53.07,12977
2021-11-23,53.09,53.79,53.08,53.44,14775
2021-11-23,53.38,53.6,53.28,53.3,4816
2021-11-23,53.17,53.175,52.89,52.95,10653
2021-11-23,53,53.455,52.99,53.01,8038
2021-11-23,52.93,53.05,52.71,52.79,2524
2021-11-23,52.9,52.9,52.42,52.7,2678
2021-11-23,52.86,53.01,52.86,52.96,1939
2021-11-23,53.065,53.335,52.805,52.805,2551
2021-11-23,52.77,53.265,52.76,53.23,2540
2021-11-23,53.16,53.47,53.11,53.36,4609
2021-11-23,53.36,53.95,53.17,53.915,6902
2021-11-23,53.88,54,53.65,54,5859
2021-11-23,53.805,53.805,53.13,53.13,4086
2021-11-23,53.17,53.255,52.8,52.8,2333
2021-11-23,52.72,53.03,52.67,53.03,1336
2021-11-23,53.02,53.02,52.23,52.3,2530
2021-11-23,52.34,52.74,52.155,52.675,6823
2021-11-23,52.69,53.14,52.67,53.1,2352
2021-11-23,53.09,53.13,52.43,52.6,3362
2021-11-23,52.77,53.04,52.76,52.97,7139
2021-11-23,52.97,53.28,52.87,53.26,2282
2021-11-23,53.24,53.305,52.94,52.94,6439
2021-11-23,52.97,53.19,52.87,53.19,4315
2021-11-23,53.45,53.59,53.14,53.33,5034
2021-11-23,53.34,53.49,53.33,53.47,3987
2021-11-23,53.27,53.27,53.18,53.18,645
2021-11-23,53,53.135,52.9,53.1,1700
2021-11-23,53.31,53.37,53.22,53.32,4114
2021-11-23,53.2,53.2,52.86,52.92,1814
2021-11-23,53,53.1,52.93,52.93,2326
2021-11-23,52.96,53.17,52.96,53.01,1582
2021-11-23,53.08,53.11,52.93,53.1,1614
2021-11-23,53.14,53.14,52.85,52.91,890
2021-11-23,52.915,53.06,52.915,52.94,2058
2021-11-23,52.85,52.935,52.845,52.845,1405
2021-11-23,52.885,53.03,52.88,53.02,1284
2021-11-23,52.945,52.95,52.83,52.83,3472
2021-11-23,52.765,52.765,52.48,52.65,5066
2021-11-23,52.685,52.76,52.07,52.07,6504
2021-11-23,51.95,52.265,51.95,52.14,5015
2021-11-23,52.135,52.135,51.91,52,4159
2021-11-23,51.825,51.93,51.58,51.71,4374
2021-11-23,51.545,52.18,51.545,52.11,3035
2021-11-23,52.11,52.18,52.045,52.12,1511
2021-11-23,52.31,52.44,52.17,52.17,1114
2021-11-23,52.115,52.17,52.05,52.11,1791
2021-11-23,51.96,51.96,51.75,51.795,768
2021-11-23,51.84,51.97,51.84,51.845,977
2021-11-23,51.69,51.75,51.67,51.67,834
2021-11-23,51.63,51.71,51.61,51.61,1792
2021-11-23,51.675,51.88,51.675,51.85,691
2021-11-23,51.815,51.85,51.815,51.85,516
2021-11-23,51.9,51.9,51.64,51.64,1205
2021-11-23,51.65,51.65,51.43,51.51,1774
2021-11-23,51.47,51.47,51.26,51.26,1294
2021-11-23,51.1,51.1,50.97,50.97,1795
2021-11-23,50.99,51.025,50.92,50.98,1794
2021-11-23,51.12,51.25,50.88,51.25,1165
2021-11-23,51.3,51.42,51.21,51.3,8847
2021-11-23,51.39,51.69,51.335,51.69,946
2021-11-23,51.49,51.555,51.21,51.29,1531
2021-11-23,51.27,51.31,51.15,51.15,1845
2021-11-23,51.15,51.26,51.15,51.26,2144
2021-11-23,51.21,51.22,50.94,50.94,425
2021-11-23,50.935,51.08,50.935,51.08,525
2021-11-23,51.06,51.06,50.86,50.86,1030
2021-11-23,50.895,50.895,50.7,50.7,1400
2021-11-23,50.72,50.97,50.72,50.875,2417
2021-11-23,50.875,50.875,50.73,50.73,1328
2021-11-23,50.73,50.82,50.57,50.57,3263
2021-11-23,50.62,50.62,50.485,50.485,640
2021-11-23,50.435,50.58,50.435,50.58,2399
2021-11-23,50.555,50.625,50.35,50.36,4612
2021-11-23,50.37,50.37,50,50.1,3279
2021-11-23,50.15,50.26,50.15,50.235,2584
2021-11-23,50.28,50.6,50.28,50.45,4092
2021-11-23,50.47,50.62,50.47,50.59,2105
2021-11-23,50.62,50.7,50.62,50.7,2825
2021-11-23,50.81,50.87,50.81,50.835,4044
2021-11-23,50.9,51.14,50.88,50.9,5271
2021-11-23,50.96,51.09,50.96,51.04,981
2021-11-23,51.12,51.12,50.84,51.09,888
2021-11-23,51.13,51.28,51.05,51.16,1897
2021-11-23,51.225,51.43,51.225,51.34,2300
2021-11-23,51.31,51.31,51.175,51.175,475
2021-11-23,51.12,51.12,50.73,50.73,2133
2021-11-23,50.615,50.69,50.61,50.69,1233
2021-11-23,50.93,51.04,50.915,51.04,506
2021-11-23,50.73,50.8,50.73,50.8,620
2021-11-23,50.95,51.07,50.95,51.07,1648
2021-11-23,50.62,50.63,50.56,50.63,860
2021-11-23,50.53,50.64,50.5,50.5,2178
2021-11-23,50.53,50.7,50.53,50.7,981
2021-11-23,50.53,50.58,50.53,50.58,606
2021-11-23,50.5,50.59,50.5,50.59,645
2021-11-23,50.89,50.97,50.89,50.91,1655
2021-11-23,50.9,50.9,50.9,50.9,220
2021-11-23,50.855,50.945,50.855,50.92,926
2021-11-23,50.63,50.63,50.63,50.63,301
2021-11-23,50.68,51.06,50.65,51.06,1939
2021-11-23,51.005,51.14,50.96,51.05,1419
2021-11-23,51.005,51.005,51.005,51.005,231
2021-11-23,50.87,50.87,50.87,50.87,575
2021-11-23,50.53,50.53,50.53,50.53,300
2021-11-23,50.67,50.67,50.49,50.49,515
2021-11-23,50.4,50.51,50.4,50.51,1364
2021-11-23,50.6,50.6,50.6,50.6,308
2021-11-23,50.76,50.89,50.76,50.88,502
2021-11-23,50.85,50.85,50.85,50.85,227
2021-11-23,50.81,50.81,50.81,50.81,200
2021-11-23,50.945,50.95,50.945,50.95,470
2021-11-23,50.81,50.81,50.81,50.81,176
2021-11-23,51.04,51.1,51.04,51.1,445
2021-11-23,50.935,50.935,50.85,50.89,553
2021-11-23,50.92,50.92,50.92,50.92,100
2021-11-23,50.94,50.94,50.94,50.94,153
2021-11-23,50.87,50.87,50.87,50.87,200
2021-11-23,50.92,50.92,50.87,50.87,300
2021-11-23,51.09,51.14,51.05,51.14,1225
2021-11-23,51.17,51.35,51.13,51.13,3425
2021-11-23,51.24,51.24,51.13,51.13,492
2021-11-23,50.995,51.02,50.98,50.985,1611
2021-11-23,50.995,51.01,50.98,50.98,500
2021-11-23,50.925,51.21,50.925,51.21,1043
2021-11-23,51.205,51.37,51.16,51.37,1519
2021-11-23,51.31,51.5,51.29,51.45,1904
2021-11-23,51.46,51.77,51.45,51.77,1960
2021-11-23,51.57,51.57,51.36,51.36,799
2021-11-23,51.11,51.13,51.06,51.1,1295
2021-11-23,51.02,51.06,51,51.06,800
2021-11-23,50.9,51,50.9,51,1143
2021-11-23,51.17,51.33,51.17,51.26,900
2021-11-23,51.06,51.06,51.04,51.04,498
2021-11-23,50.98,51.015,50.98,51.015,275
2021-11-23,51.015,51.015,51.015,51.015,201
2021-11-23,51.135,51.135,51.135,51.135,119
2021-11-23,51.17,51.32,51.17,51.32,325
2021-11-23,51.275,51.31,51.275,51.31,277
2021-11-23,51.18,51.49,51.18,51.48,1069
2021-11-23,51.48,51.5,51.44,51.44,650
2021-11-23,51.29,51.31,51.26,51.26,1158
2021-11-23,51.37,51.37,51.36,51.36,554
2021-11-23,51.4,51.44,51.4,51.44,325
2021-11-23,51.35,51.38,51.35,51.38,403
2021-11-23,51.36,51.4,51.36,51.4,200
2021-11-23,51.31,51.42,51.26,51.4,2493
2021-11-23,51.48,51.48,51.47,51.47,632
2021-11-23,51.5,51.5,51.5,51.5,226
2021-11-23,51.21,51.24,51.21,51.24,397
2021-11-23,51.26,51.26,50.98,50.98,635
2021-11-23,50.89,50.89,50.89,50.89,307
2021-11-23,50.9,50.9,50.86,50.86,275
2021-11-23,50.71,50.8,50.71,50.8,500
2021-11-23,50.89,50.93,50.89,50.93,240
2021-11-23,50.79,50.84,50.79,50.84,400
2021-11-23,50.905,50.905,50.905,50.905,492
2021-11-23,50.98,51.07,50.98,51.07,263
2021-11-23,51,51,51,51,103
2021-11-23,50.96,51.16,50.96,51.16,638
2021-11-23,51.06,51.28,51.06,51.28,400
2021-11-23,51.215,51.26,51.215,51.26,225
2021-11-23,51.01,51.01,51.01,51.01,300
2021-11-23,50.83,50.83,50.83,50.83,100
2021-11-23,50.9,50.9,50.9,50.9,150
2021-11-23,50.85,50.85,50.85,50.85,100
2021-11-23,50.77,50.81,50.74,50.81,775
2021-11-23,50.41,50.45,50.39,50.43,1045
2021-11-23,50.47,50.47,50.47,50.47,100
2021-11-23,50.55,50.55,50.55,50.55,200
2021-11-23,50.46,50.46,50.45,50.46,695
2021-11-23,50.55,50.55,50.55,50.55,100
2021-11-23,50.57,50.6,50.57,50.6,375
2021-11-23,50.45,50.5,50.45,50.5,400
2021-11-23,50.51,50.51,50.51,50.51,178
2021-11-23,50.49,50.49,50.48,50.49,675
2021-11-23,50.52,50.52,50.52,50.52,125
2021-11-23,50.39,50.5,50.39,50.48,700
2021-11-23,50.46,50.46,50.46,50.46,122
2021-11-23,50.36,50.36,50.36,50.36,402
2021-11-23,50.32,50.32,50.28,50.28,721
2021-11-23,50.3,50.375,50.295,50.375,690
2021-11-23,50.2,50.2,50.09,50.185,705
2021-11-23,50.06,50.06,49.78,49.78,1434
2021-11-23,49.74,49.74,49.74,49.74,125
2021-11-23,49.88,49.9,49.88,49.9,921
2021-11-23,49.83,49.83,49.83,49.83,185
2021-11-23,49.7,49.74,49.7,49.74,432
2021-11-23,49.87,49.87,49.87,49.87,280
2021-11-23,49.95,49.95,49.94,49.94,640
2021-11-23,49.925,49.925,49.925,49.925,1365
2021-11-23,49.98,50.1,49.98,50.1,400
2021-11-23,49.99,49.99,49.93,49.93,300
2021-11-23,49.865,49.865,49.63,49.63,388
2021-11-23,49.62,49.62,49.38,49.45,500
2021-11-23,49.5,49.51,49.4,49.4,825
2021-11-23,49.36,49.36,49.28,49.28,1325
2021-11-23,49.22,49.33,49.13,49.33,1251
2021-11-23,49.295,49.295,49.16,49.22,300
2021-11-23,49.18,49.235,48.76,48.89,1634
2021-11-23,48.925,48.965,48.91,48.91,1815
2021-11-23,48.83,48.95,48.83,48.85,1175
2021-11-23,48.88,48.935,48.875,48.89,800
2021-11-23,48.72,48.72,48.72,48.72,225
2021-11-23,48.89,48.94,48.89,48.94,367
2021-11-23,48.91,49.19,48.91,49.14,1250
2021-11-23,49.01,49.01,48.91,48.91,200
2021-11-23,48.775,48.98,48.775,48.98,700
2021-11-23,49.07,49.08,49.07,49.08,300
2021-11-23,48.94,48.94,48.87,48.88,1220
2021-11-23,49.08,49.2,49.08,49.2,383
2021-11-23,49.2,49.31,49.2,49.31,600
2021-11-23,49.19,49.26,49.19,49.26,602
2021-11-23,49.33,49.42,49.33,49.42,400
2021-11-23,49.38,49.49,49.38,49.45,1366
2021-11-23,49.435,49.525,49.43,49.52,1677
2021-11-23,49.515,49.515,49.43,49.46,2125
2021-11-23,49.53,49.62,49.48,49.62,918
2021-11-23,49.6,49.62,49.59,49.62,2024
2021-11-23,49.51,49.525,49.51,49.525,300
2021-11-23,49.45,49.47,49.35,49.35,875
2021-11-23,49.34,49.455,49.34,49.455,232
2021-11-23,49.485,49.81,49.485,49.81,3300
2021-11-23,49.85,50.02,49.85,49.96,4385
2021-11-23,49.95,49.985,49.86,49.88,3225
2021-11-23,49.73,49.795,49.72,49.72,1648
2021-11-23,49.67,49.76,49.67,49.76,525
2021-11-23,49.76,49.76,49.76,49.76,100
2021-11-23,49.74,49.9,49.695,49.85,1613
2021-11-23,49.835,49.84,49.82,49.83,500
2021-11-23,49.8,49.8,49.69,49.69,500
2021-11-23,49.74,49.74,49.74,49.74,200
2021-11-23,49.48,49.49,49.48,49.49,300
2021-11-23,49.42,49.42,49.42,49.42,149
2021-11-23,49.415,49.415,49.415,49.415,100
2021-11-23,49.28,49.33,49.28,49.33,1000
2021-11-23,49.28,49.28,49.28,49.28,194
2021-11-23,49.16,49.38,49.16,49.34,1500
2021-11-23,49.36,49.49,49.36,49.46,525
2021-11-23,49.33,49.33,49.3,49.3,600
2021-11-23,49.34,49.68,49.34,49.68,1871
2021-11-23,49.68,49.68,49.55,49.55,350
2021-11-23,49.48,49.635,49.48,49.635,700
2021-11-23,49.62,49.73,49.62,49.73,600
2021-11-23,49.735,49.735,49.575,49.595,600
2021-11-23,49.58,49.63,49.58,49.61,795
2021-11-23,49.61,49.655,49.56,49.655,591
2021-11-23,49.69,49.88,49.69,49.86,1849
2021-11-23,49.835,49.835,49.67,49.67,1500
2021-11-23,49.74,49.75,49.71,49.725,1352
2021-11-23,49.73,49.75,49.73,49.735,400
2021-11-23,49.78,49.81,49.78,49.78,400
2021-11-23,49.86,49.86,49.86,49.86,103
2021-11-23,49.845,49.95,49.845,49.95,201
2021-11-23,49.98,50.1,49.98,50.1,742
2021-11-23,50.035,50.16,50.035,50.16,226
2021-11-23,50.125,50.25,50.125,50.185,1050
2021-11-23,50.245,50.245,50.19,50.19,800
2021-11-23,50.16,50.225,50.16,50.225,528
2021-11-23,50.205,50.29,50.205,50.29,574
2021-11-23,50.325,50.325,50.325,50.325,100
2021-11-23,50.28,50.28,50.26,50.28,500
2021-11-23,50.465,50.49,50.465,50.47,550
2021-11-23,50.47,50.505,50.47,50.505,585
2021-11-23,50.51,50.51,50.37,50.435,833
2021-11-23,50.51,50.51,50.47,50.47,211
2021-11-23,50.525,50.63,50.525,50.59,845
2021-11-23,50.57,50.57,50.525,50.56,780
2021-11-23,50.56,50.56,50.51,50.51,300
2021-11-23,50.355,50.355,50.26,50.26,1266
2021-11-23,50.32,50.44,50.32,50.44,319
2021-11-23,50.4,50.53,50.4,50.53,246
2021-11-23,50.51,50.51,50.5,50.5,211
2021-11-23,50.33,50.33,50.31,50.31,200
2021-11-23,50.17,50.25,50.17,50.25,809
2021-11-23,50.03,50.03,50,50,228
2021-11-23,50.14,50.14,50.1,50.1,611
2021-11-23,50.06,50.06,49.955,50.03,515
2021-11-23,50.035,50.17,50.035,50.15,731
2021-11-23,50.17,50.23,50.17,50.23,333
2021-11-23,50.21,50.21,50.13,50.13,541
2021-11-23,50.15,50.15,50.15,50.15,111
2021-11-23,50.33,50.33,50.33,50.33,108
2021-11-23,50.22,50.22,50.22,50.22,100
2021-11-23,50.25,50.28,50.25,50.275,600
2021-11-23,50.195,50.195,50.195,50.195,134
2021-11-23,50.16,50.175,50.15,50.15,400
2021-11-23,50.15,50.165,50.125,50.125,499
2021-11-23,50.15,50.15,50.15,50.15,225
2021-11-23,50.08,50.08,50.08,50.08,100
2021-11-23,50.08,50.11,50.08,50.11,310
2021-11-23,50.15,50.15,50.13,50.13,425
2021-11-23,50.22,50.22,50.22,50.22,125
2021-11-23,50.1,50.1,50.1,50.1,200
2021-11-23,50.06,50.06,50.03,50.03,300
2021-11-23,50.03,50.07,50.03,50.07,400
2021-11-23,50.05,50.05,50.05,50.05,152
2021-11-23,50.16,50.23,50.15,50.23,665
2021-11-23,50.225,50.225,50.225,50.225,100
2021-11-23,50.265,50.3,50.265,50.3,580
2021-11-23,50.255,50.255,50.175,50.2,1174
2021-11-23,50.105,50.105,50.06,50.06,269
2021-11-23,50.075,50.185,50.075,50.185,200
2021-11-23,50.28,50.32,50.28,50.295,948
2021-11-23,50.37,50.49,50.37,50.49,711
2021-11-23,50.545,50.545,50.53,50.53,228
2021-11-23,50.53,50.62,50.53,50.62,716
2021-11-23,50.6,50.605,50.6,50.605,321
2021-11-23,50.55,50.71,50.55,50.71,722
2021-11-23,50.66,50.69,50.64,50.64,711
2021-11-23,50.58,50.64,50.56,50.64,1571
2021-11-23,50.7,50.86,50.7,50.85,5803
2021-11-23,50.86,50.86,50.765,50.81,3806
2021-11-23,50.83,50.89,50.83,50.89,1083
2021-11-23,50.92,51,50.89,51,3179
2021-11-23,51.03,51.08,51.02,51.08,3590
2021-11-23,51.08,51.33,51.08,51.33,2646
2021-11-23,51.315,51.315,51.065,51.1,1822
2021-11-23,51.135,51.24,51.135,51.24,600
2021-11-23,51.295,51.295,51.21,51.285,2747
2021-11-23,51.27,51.505,51.27,51.45,4552
2021-11-23,51.45,51.45,51.275,51.4,4580
2021-11-23,51.37,51.38,51.28,51.29,5822
2021-11-23,51.285,51.285,51.27,51.28,1930
2021-11-23,51.27,51.37,51.26,51.37,4582
2021-11-23,51.355,51.36,51.305,51.355,3458
2021-11-24,52.3,52.3,52.3,52.3,100
2021-11-24,51.275,51.34,51.14,51.18,6902
2021-11-24,51.195,51.83,51.195,51.77,3127
2021-11-24,51.93,52.215,51.68,51.72,5197
2021-11-24,51.865,51.865,51.59,51.59,3910
2021-11-24,51.5,51.5,50.81,50.81,5669
2021-11-24,50.85,50.85,50.48,50.54,3388
2021-11-24,50.37,50.73,50.32,50.66,4460
2021-11-24,50.83,51.18,50.83,51.055,3260
2021-11-24,51.095,51.53,51.01,51.44,1401
2021-11-24,51.64,51.865,51.64,51.67,2176
2021-11-24,51.635,52,51.455,51.995,2351
2021-11-24,52.05,52.13,51.76,52.13,2127
2021-11-24,52.02,52.02,51.53,51.53,1035
2021-11-24,51.66,51.66,51.33,51.33,800
2021-11-24,51.45,51.58,51.4,51.4,1346
2021-11-24,51.44,51.55,51.41,51.51,1534
2021-11-24,51.23,51.23,50.9,50.9,3109
2021-11-24,50.66,50.89,50.53,50.87,1150
2021-11-24,50.895,51.2,50.865,51.2,2600
2021-11-24,51.15,51.54,51.15,51.54,4963
2021-11-24,51.655,51.84,51.64,51.81,5274
2021-11-24,51.8,51.82,51.595,51.595,2601
2021-11-24,51.58,51.58,51.14,51.14,1115
2021-11-24,51.53,51.76,51.53,51.74,2687
2021-11-24,51.785,52,51.785,51.92,2629
2021-11-24,52,52.13,51.97,52.13,2443
2021-11-24,52.365,52.365,52.195,52.27,7141
2021-11-24,52.21,52.21,51.98,52.095,2506
2021-11-24,52.175,52.49,52.105,52.49,4658
2021-11-24,52.47,52.54,52.43,52.54,1131
2021-11-24,52.63,52.915,52.63,52.915,5181
2021-11-24,52.955,53.22,52.85,53.22,3923
2021-11-24,53.1,53.49,53.06,53.43,6075
2021-11-24,53.54,53.74,53.2,53.385,10615
2021-11-24,53.395,53.395,53.05,53.05,2591
2021-11-24,53.255,53.51,53.255,53.46,3223
2021-11-24,53.435,53.48,53.42,53.42,2456
2021-11-24,53.32,53.34,52.94,53.08,2054
2021-11-24,53.04,53.33,53.04,53.33,836
2021-11-24,53.23,53.24,53.18,53.24,1546
2021-11-24,53.32,53.32,53.08,53.08,1928
2021-11-24,53.12,53.15,53.03,53.15,401
2021-11-24,52.975,53.06,52.975,53.06,445
2021-11-24,52.8,52.99,52.79,52.99,1289
2021-11-24,52.91,53,52.91,53,522
2021-11-24,53.07,53.14,53.07,53.14,500
2021-11-24,53.22,53.22,52.99,52.99,2894
2021-11-24,53,53.19,53,53.18,1214
2021-11-24,53.23,53.23,53.195,53.195,704
2021-11-24,53.31,53.325,53.205,53.205,2256
2021-11-24,53.32,53.32,53.31,53.31,590
2021-11-24,53.4,53.55,53.4,53.44,1279
2021-11-24,53.52,53.52,53.52,53.52,405
2021-11-24,53.66,53.69,53.59,53.69,904
2021-11-24,53.65,53.65,53.65,53.65,664
2021-11-24,53.72,53.79,53.66,53.79,1347
2021-11-24,53.8,53.84,53.8,53.8,1630
2021-11-24,53.84,53.93,53.84,53.915,2478
2021-11-24,53.91,53.91,53.84,53.84,6086
2021-11-24,53.855,53.98,53.855,53.98,1215
2021-11-24,53.99,53.99,53.95,53.97,3500
2021-11-24,53.94,53.94,53.86,53.87,4612
2021-11-24,53.925,53.99,53.925,53.97,3465
2021-11-24,54,54.39,54,54.36,3878
2021-11-24,54.42,54.45,54.22,54.22,1745
2021-11-24,54.22,54.405,54.22,54.39,4089
2021-11-24,54.37,54.51,54.32,54.35,2636
2021-11-24,54.35,54.45,54.35,54.43,1114
2021-11-24,54.46,54.785,54.46,54.74,4675
2021-11-24,54.695,54.9,54.695,54.8,3256
2021-11-24,54.75,54.76,54.64,54.71,1759
2021-11-24,54.665,54.665,54.63,54.64,658
2021-11-24,54.61,54.62,54.21,54.26,2161
2021-11-24,54.2,54.21,53.895,53.895,4697
2021-11-24,53.92,53.99,53.85,53.98,1272
2021-11-24,53.84,53.96,53.775,53.96,1571
2021-11-24,53.91,54.105,53.85,54.09,1690
2021-11-24,54.17,54.305,54.09,54.2,5246
2021-11-24,54.2,54.39,54.2,54.25,3527
2021-11-24,54.16,54.35,54.16,54.35,2292
2021-11-24,54.4,54.4,54.2,54.205,3817
2021-11-24,54.21,54.21,54.03,54.05,1267
2021-11-24,54.055,54.24,54.055,54.11,4968
2021-11-24,54.05,54.07,53.9,53.9,5853
2021-11-24,53.87,53.87,53.685,53.77,2712
2021-11-24,53.77,53.945,53.77,53.88,2300
2021-11-24,53.895,53.945,53.895,53.92,4085
2021-11-24,53.94,54.16,53.94,54.16,2179
2021-11-24,54.2,54.22,54.08,54.085,1446
2021-11-24,54.11,54.365,54.095,54.365,3768
2021-11-24,54.34,54.34,54.18,54.3,2524
2021-11-24,54.33,54.34,54.28,54.305,5011
2021-11-24,54.28,54.28,54.14,54.19,1080
2021-11-24,54.16,54.29,54.16,54.285,3499
2021-11-24,54.285,54.31,54.135,54.135,3403
2021-11-24,54.125,54.53,54.125,54.53,4201
2021-11-24,54.57,54.57,54.48,54.49,3455
2021-11-24,54.49,54.55,54.41,54.43,866
2021-11-24,54.64,54.67,54.63,54.66,2082
2021-11-24,54.66,54.76,54.66,54.66,5264
2021-11-24,54.655,54.76,54.53,54.74,2261
2021-11-24,54.74,54.77,54.66,54.66,2758
2021-11-24,54.645,54.71,54.57,54.71,3208
2021-11-24,54.785,54.86,54.75,54.75,4757
2021-11-24,54.75,54.93,54.75,54.89,6052
2021-11-24,54.92,54.92,54.77,54.815,1537
2021-11-24,54.85,54.9,54.85,54.87,2807
2021-11-24,54.86,54.86,54.71,54.75,1456
2021-11-24,54.84,54.94,54.84,54.94,540
2021-11-24,54.98,54.98,54.8,54.92,1758
2021-11-24,54.935,54.94,54.86,54.93,3348
2021-11-24,54.91,54.93,54.83,54.92,1301
2021-11-24,54.92,54.95,54.92,54.95,546
2021-11-24,54.85,54.875,54.75,54.75,499
2021-11-24,54.68,54.73,54.585,54.63,650
2021-11-24,54.56,54.675,54.47,54.47,1329
2021-11-24,54.425,54.48,54.41,54.475,600
2021-11-24,54.6,54.675,54.6,54.63,1163
2021-11-24,54.63,54.78,54.63,54.78,600
2021-11-24,54.77,54.78,54.75,54.75,441
2021-11-24,54.74,54.89,54.74,54.89,1417
2021-11-24,54.95,54.95,54.78,54.785,600
2021-11-24,54.74,54.74,54.675,54.71,733
2021-11-24,54.71,54.905,54.71,54.905,1499
2021-11-24,54.88,54.935,54.81,54.81,1913
2021-11-24,54.91,54.97,54.85,54.9399,377.0
